# Format: tx ty tz qx qy qz qw
# Newline means next odometry; Empty line means next step

































-9.1068952799884750e-02 1.4232065081858189e-02 -1.8020745365400569e-02 -2.6212028132598891e-03 2.6113658479493717e-02 -5.9446882537754508e-04 9.9965536698576463e-01




























-1.9489872212550974e-01 1.9681775020535509e-02 9.8389778021861617e-03 -1.6026973863897595e-03 3.8298482083057556e-02 1.6927676718957400e-03 9.9926362496031562e-01










-7.1650521352217181e-02 7.0969692384025536e-03 2.0651294400615737e-03 -6.6716490242872111e-03 2.7379281397645679e-02 3.4845119643931019e-03 9.9959677981965067e-01








1.1135924730583705e-03 1.3058318297282011e-02 -3.7826105598268683e-02 1.2848466461612661e-02 1.3613784878623024e-02 -3.9537028028958131e-03 9.9981695825036387e-01





-5.3373008812031816e-02 -5.4608607027294984e-03 -1.5106671345343681e-02 -1.7472422319228157e-04 2.3763283113632020e-02 4.2412996747175054e-03 9.9970860115544491e-01










-8.8616433873752093e-02 3.9374287585274677e-02 -2.5371264251419876e-02 -1.8846835032772986e-03 3.3535701664231810e-02 1.4627295395484036e-02 9.9932869813259806e-01










-3.2399208574398021e-02 3.2478396157094740e-02 2.8925429491168053e-02 -7.1664102934308456e-04 1.8360426334570416e-02 1.6614839392324972e-03 9.9982979583605502e-01







-5.6708974544798417e-02 -1.0578653641281580e-02 1.5878738162742646e-02 -7.1377638621186830e-03 2.2601270104900692e-02 3.4466997439911882e-03 9.9971313644343429e-01






-6.1556421428664673e-02 -7.5619489802337047e-03 2.3624861674375310e-02 -5.4102359520807703e-03 2.4891538501084002e-02 4.9812179787008439e-03 9.9966310731437946e-01






-6.7951093545890670e-02 -1.0171768316876254e-02 3.0512662893659847e-02 -1.5232881028596898e-03 2.3700785520412181e-02 -9.1525489753488767e-04 9.9971751743557224e-01





-4.6846743648160119e-02 -1.0644491451646525e-02 1.7198677607588711e-02 2.8714441128952493e-04 2.0280688391607512e-02 1.0780570280691879e-03 9.9979370323056838e-01





-6.0025769358625546e-02 -1.8362647734867590e-03 2.5159505309983947e-02 -2.4591092210088155e-03 2.6711548877046177e-02 5.0495683046836697e-03 9.9962740448547360e-01




-3.6347850180666823e-02 2.9760243678934083e-03 9.9887551783752193e-03 1.5445944454664448e-03 1.9476329550463085e-02 6.6076468161045763e-03 9.9978729028668611e-01




-5.3141862080359495e-02 1.6755905459671589e-03 1.1136626073655259e-02 -4.8284571302167067e-03 2.5296082658289372e-02 4.8234726537385534e-03 9.9965670523207384e-01





-6.6079128858741815e-02 1.4310653617812916e-03 1.6024778415643620e-02 7.0984048168542277e-04 2.7708083913950261e-02 6.1945066115573514e-03 9.9959661178904935e-01





-4.4040244065515669e-02 6.2164714265308717e-04 1.7884509036998918e-02 -2.2066676266724239e-03 2.2734969208328182e-02 1.0016203862206548e-03 9.9973859010727584e-01





-5.3064557000796847e-02 3.7356950177561059e-03 2.1490005456304064e-02 -4.1599435189821222e-03 2.3196811851888710e-02 7.1523805685151281e-03 9.9969667711862986e-01




-4.3214336044728123e-02 -3.2939301286039704e-03 2.5104424110203121e-02 -7.0602766139417957e-04 2.1160761139771073e-02 5.9167104288446919e-03 9.9975832892285932e-01



-3.7345878483189668e-02 -3.6598136661422534e-03 2.1820623021442644e-02 7.1051229129242730e-04 1.7923138373135163e-02 3.0671235089464694e-04 9.9983906815580836e-01




-5.0720848075484576e-02 -3.4541104291034019e-03 3.0472544462819308e-02 4.7416651548825026e-03 1.7867663209014738e-02 -2.0521736697047765e-03 9.9982701094051141e-01






-8.1650415636163903e-02 -4.5335709557648516e-03 4.1213305527766836e-02 6.1141284570334457e-04 2.2306786849725171e-02 1.9000998244001611e-03 9.9974918007239710e-01











-1.0989980201891954e-01 -8.7541858240088564e-04 6.3326522044571509e-02 -3.4636234896937694e-03 2.5020275698897899e-02 -4.1245814639899164e-03 9.9967243482253709e-01




-5.2636824336163818e-02 -4.7037513169141286e-03 3.1749384305715583e-02 -2.4218296284624565e-03 2.1746171423834958e-02 1.1832630432532334e-03 9.9975989050282787e-01




-5.3653735797531479e-02 -9.2677408509663824e-03 3.3009994586281677e-02 5.2192624650036845e-03 2.2042023436765840e-02 3.0040733008358193e-03 9.9973890793833653e-01




-5.4102354670083175e-02 -3.4033622332124995e-04 2.5683375776336937e-02 -3.4247443359999388e-03 2.3317521667459682e-02 1.6445147567834069e-03 9.9972089098944772e-01




-5.9762097294941398e-02 -4.1476902067951339e-03 2.4699397282006635e-02 2.1510313605965516e-03 2.3351344512299709e-02 6.4799771359353416e-03 9.9970400502842405e-01





-4.5535789018939600e-02 -1.9104748803810024e-03 2.6855929806027058e-02 -1.5406443333063453e-03 1.9977132299545085e-02 4.4294002065710927e-03 9.9978943833886080e-01





-4.9930658884834479e-02 -7.5791989035356791e-03 3.5769587547893805e-02 3.9246054971203096e-03 1.6782479461429453e-02 -1.3350892034911040e-03 9.9985057053123561e-01




-3.6263959714461003e-02 -7.5923362937517754e-03 3.5707303225898893e-02 7.7572691400452035e-03 1.3502639065224625e-02 7.0381890056920855e-05 9.9987874192831638e-01




-4.4511781284392204e-02 -1.1912877255842043e-02 4.3426356432473105e-02 1.0301451821769426e-02 1.1233740610906460e-02 1.9903828883871873e-03 9.9988185378984062e-01



-2.9449109612621777e-02 -9.6634211280437754e-03 3.3054217522498583e-02 8.2078132787414913e-03 1.1682427208806568e-02 1.3718592547096108e-03 9.9989713005782621e-01



-2.2101186767379856e-02 -9.9714977616437491e-03 3.3793571539185288e-02 6.4900937133767793e-03 1.0583463894475337e-02 1.2219555381729787e-03 9.9992218487252726e-01




-3.6730855124911123e-02 -1.9578409941762888e-02 4.5908886719927842e-02 1.3247991850896923e-02 8.7330382392174586e-03 5.4345898100587086e-03 9.9985933510100677e-01




-2.4870661986704949e-02 -1.1173527462232158e-02 4.0716476487294886e-02 1.6666838579617892e-02 4.2966332899575608e-03 -4.8493391318754960e-03 9.9984010688915492e-01





-4.7704166463030641e-02 3.3603458440318451e-03 4.5635652393612933e-02 1.6013860732257423e-02 9.3814336020606199e-03 -5.9219059901196268e-03 9.9981021999050512e-01




-4.0825915632578487e-02 -3.1033902960960385e-03 4.0112199976013375e-02 1.4819991779457479e-02 7.4115085189643843e-03 -7.6924329741562410e-04 9.9986241335989801e-01



-2.8305432733998138e-02 -1.1507663772394637e-02 3.2868326079410849e-02 9.2589155565159405e-03 1.1032057737400291e-02 -1.7114674057422457e-03 9.9989481299990501e-01



-3.3591450616004499e-02 6.8490185340580843e-03 2.7259457355098986e-02 9.9865980497894878e-03 1.4021618434241868e-02 1.9871786790556798e-03 9.9984984532517385e-01



-3.5721311416514030e-02 2.6021444384396368e-03 2.9782173776031540e-02 4.7827746822360802e-03 1.8079328973112267e-02 3.7573117214310873e-03 9.9981805621765452e-01




-5.2099160158197808e-02 8.3029300046842773e-03 3.5213527973594588e-02 8.5936742484372323e-05 2.0916641321544870e-02 2.4548143807568514e-03 9.9977820571217602e-01




-3.1488030211997170e-02 -4.8186165455739718e-03 3.7108898565342489e-02 4.5746488162751895e-03 1.4578314671578276e-02 1.9579580921206129e-03 9.9988134882577628e-01




-2.3527048633293988e-02 2.9085153755074168e-03 3.4807385237689614e-02 4.2133029588212077e-03 1.5877131688110328e-02 -2.6613897134745218e-03 9.9986153129937383e-01







-3.5443219918572397e-02 1.0623135497050063e-02 8.1319241087188451e-02 4.0780504070136621e-03 1.4158111445201935e-02 -5.7682853980165968e-03 9.9987481429864511e-01





-2.1971721404359188e-02 -5.3480949864510266e-04 6.1435615529059379e-02 1.1689983646595134e-02 5.9920323509305984e-03 -2.5267887922341488e-03 9.9991052358150889e-01







-3.4602538111088439e-02 8.7925775877624717e-03 8.6639685186708976e-02 1.0613308593233560e-02 8.3173556020927544e-03 -6.7163047835725300e-03 9.9988652882541995e-01


































-2.1283572627316624e-01 2.2090883211476387e-02 1.2993384389941973e-01 -2.7758442094159466e-02 1.0666702196290808e-02 1.1268124451841076e-02 9.9949423196339593e-01




-3.1865054712797804e-02 3.4732165232681479e-03 -1.1680753177440441e-02 -8.9635909383939220e-04 -1.7269080245314664e-02 8.1209696247632748e-04 9.9985014672518768e-01



-2.0999005150283658e-02 2.6392498892103852e-03 -9.9405623653739013e-03 5.4095687184537963e-04 -2.0845479297501288e-02 -4.1560079067065283e-04 9.9978247665904962e-01


-1.3578934196430432e-02 3.9768058763197376e-04 -5.5612715164405479e-03 -8.2062322518481538e-04 -1.7596604866465887e-02 -3.4434996951500412e-04 9.9984477170098474e-01


-1.2532144119785718e-02 7.3010725274653509e-04 -5.6126551458027651e-03 -1.1162824483651301e-04 -2.0261029176703922e-02 1.7891330193998931e-04 9.9979470203930676e-01


-1.4074979216256318e-02 -1.2384350129191633e-03 -4.0714365074734551e-03 -8.2016653690305088e-04 -2.0272470502168773e-02 6.7716505699643847e-04 9.9979392662391986e-01


-1.0104891229624231e-02 -8.0976051734575540e-04 -6.3704509416864603e-03 -1.7010204012564425e-04 -1.9499062448281628e-02 5.1101254736551330e-04 9.9980973014624652e-01


-1.1645054686012733e-02 1.6516663224576446e-03 -4.7903617631157710e-03 -1.6830482243809790e-03 -1.8348098824509031e-02 6.3879427468333211e-04 9.9983003883663901e-01


-1.1259085325404991e-02 5.1425391376880639e-04 -4.1032048986022673e-03 6.6853501944320014e-04 -1.8110466850410869e-02 1.5959735610474848e-03 9.9983449476389863e-01


-1.2119947029341632e-02 -2.6192073519336395e-03 -1.7389321484987267e-03 1.6032348772755300e-03 -1.9573311734200290e-02 1.2204910997794800e-03 9.9980639401194038e-01


-8.9555027296905031e-03 -2.9504546821880646e-04 -3.2636834191320796e-03 4.5934053183571358e-03 -1.9561392823558895e-02 7.0212049532375855e-04 9.9979785935217613e-01


-7.6944257315564608e-03 1.5327584828697411e-04 -3.3837755472665471e-03 1.9353426225584031e-03 -1.8299885860034403e-02 5.2101485757270055e-04 9.9983053422565626e-01


-8.4014815390857141e-03 5.6173495557259126e-04 -2.7581378124612848e-03 9.3223602130166076e-04 -1.7096361659828811e-02 1.4660705671632841e-03 9.9985233709337751e-01


-8.6416362792254408e-03 -9.6450707178577809e-05 -1.2733998470155054e-03 2.3736975649621189e-03 -1.7988534882435094e-02 2.5241564554364044e-03 9.9983218932320939e-01


-7.2537706293065553e-03 1.3892230202373773e-03 -2.1182334446797663e-03 1.9996217834180601e-03 -1.6933177202038699e-02 1.1528774579442310e-03 9.9985395928412191e-01



-1.5319662092837506e-02 6.4388501389872686e-04 4.3807516676713191e-04 2.0849145765753628e-03 -2.3183469519048903e-02 2.5499346802177135e-03 9.9972580126022270e-01





-1.6492146821944664e-02 2.6897972014948801e-03 3.3591766924068842e-03 -1.6808167704847270e-04 -1.5020734300108834e-02 5.3981689289975135e-04 9.9988702256172801e-01





-2.1652394287010962e-02 5.5569711623273252e-03 7.2468804503462211e-03 -3.0698570494945769e-03 -1.1004504113445928e-02 3.0271393422377313e-04 9.9993469048292694e-01


















-1.0365190809892046e-01 4.4471119260604975e-03 4.8594647920224478e-02 -2.0510145925293169e-02 5.3162074162146682e-02 -4.5932891579039369e-03 9.9836467760013103e-01



-1.1281773323600631e-02 -1.0883086655226926e-03 1.0059620465751181e-02 -2.8099705022720319e-03 2.2486831744738686e-02 -2.6503337863280248e-03 9.9973967721336399e-01



-9.2704787472487459e-03 -7.1628154811348140e-04 9.2529073201883145e-03 -4.8241381156717929e-04 2.4957877927392964e-02 -8.3779035251533153e-04 9.9968803619609303e-01


-3.0667186991945585e-03 8.1501544228271478e-04 4.9714692562897499e-03 2.6890318082391858e-03 1.7999250850742041e-02 -2.7615321268294597e-04 9.9983434618748190e-01


-1.9159229464270533e-03 -2.1360522841326005e-03 6.3691756608706867e-03 2.8005951328692650e-03 2.3057118652764219e-02 -7.0081965087951488e-04 9.9972998094393017e-01


-1.4885427626302639e-03 -2.0234781961532039e-03 6.0000479092625521e-03 -7.6070481282481122e-04 2.3553706544352397e-02 -2.5494595925136705e-03 9.9971903277470742e-01


-1.3559973615819923e-03 3.5464380506763037e-04 5.3341267978779926e-03 1.1719151194781274e-03 2.1588465067702636e-02 -2.4933538021980821e-03 9.9976314593897209e-01


-1.3031511933060960e-03 3.0834759724718531e-03 4.1050162048542295e-03 -9.0579593875348308e-04 2.5442908503101751e-02 -1.5044613927943794e-03 9.9967473436940368e-01


-8.3918017749519294e-04 3.8411183848034730e-04 5.2029545580344113e-03 -1.2224556319023292e-03 2.4094887759149419e-02 9.5237692290981157e-05 9.9970892409535084e-01


-5.0742690302603758e-05 2.6012858993369943e-03 4.6204963247256543e-03 -8.4077092194246379e-04 2.4298598185709296e-02 7.2232586022291006e-04 9.9970413096866706e-01


-1.8094774118775244e-04 -2.5319777498786890e-03 9.3633980433830942e-03 -8.6089521724859008e-04 2.3580528097280767e-02 -2.3665702117900331e-03 9.9971876890429090e-01


-2.1554880652121643e-03 -3.1572217819142892e-05 7.9252509802682745e-03 1.3160536163770305e-03 2.5386853085500646e-02 -1.4815449045237539e-03 9.9967573778600327e-01


-3.0253596251114210e-03 6.1732369575598399e-04 8.1234105226265282e-03 1.4391738033705287e-04 2.2080550260970534e-02 -2.5301766540594788e-03 9.9975298288830305e-01


-5.3184602167153138e-03 -4.7536543807038596e-04 7.7587943192388908e-03 -2.1323374217530446e-03 2.4525958440265359e-02 -4.6054874206986826e-03 9.9968631079220238e-01


-6.2488938346838222e-03 -2.6968186173787303e-04 6.5997083538784232e-03 -2.8498111740753646e-03 2.7792021362777912e-02 -2.7255108388630823e-03 9.9960594921974644e-01


-1.0248168942267403e-02 -3.2132359511835686e-03 7.2860495693296053e-03 -1.4398898094394453e-03 2.8234819802783660e-02 -1.1746537652570185e-03 9.9959959076450844e-01


-1.0379680712511941e-02 2.9422258814925458e-03 2.6367308877552477e-03 -2.0139360874787370e-03 3.1519823662917335e-02 -8.6447546987877716e-05 9.9950109419875866e-01


-1.3924154420042537e-02 2.3002985740115485e-03 3.3937688956199182e-03 -2.2106074406673505e-03 3.0758461182631831e-02 -7.7198718301250201e-05 9.9952439906226287e-01


-1.3617855715877559e-02 7.2925800970567176e-03 1.1464136933189435e-04 -5.2818086830604275e-03 2.7671133327801193e-02 -1.9642138715452752e-04 9.9960310738614111e-01


-5.1736443348454429e-03 2.6393935675319414e-03 5.2864061513645359e-03 -5.1324728160998274e-03 2.2842302393141840e-02 -2.8854073173571254e-03 9.9972174197062713e-01


-1.2650335915699043e-02 -3.9303329226045031e-03 6.2610813915091558e-03 -4.5156858079658541e-03 2.4120832144811498e-02 -4.3826610451203800e-03 9.9968924487587096e-01


-7.6485270375826987e-03 6.5239748555901570e-03 7.4565218066503878e-03 -1.7048728263710290e-03 2.9159165837992319e-02 -4.8953104638470935e-03 9.9956133998456587e-01


-8.7462972265775624e-03 7.1005800721901224e-03 7.6258728476203590e-03 -1.5605865112387309e-03 1.7941023993675247e-02 -2.0130494289792755e-03 9.9983580244948012e-01


-6.7105554362731018e-03 9.5410776111719406e-04 1.0938923953501496e-02 -1.7032623100350431e-03 1.7035939160766872e-02 -3.0619849356964385e-03 9.9984873852131628e-01


-5.0840236939856493e-03 4.3259779460629935e-03 1.4039693018894800e-02 3.8884851474562006e-04 1.6025933347559498e-02 -2.2150438388262995e-03 9.9986904734468318e-01



-1.0620056906200605e-02 5.1809999741353760e-03 2.4436143103862232e-02 7.6651884263588923e-04 2.1648563272556667e-02 -1.0283148466219711e-03 9.9976481970795217e-01



-5.9496072677720849e-03 4.3080975544044792e-03 3.1069248849779164e-02 -1.5946924746579516e-03 1.8750947762860376e-02 1.8161788797651807e-03 9.9982126423085360e-01



-2.6898981993075336e-03 -1.3579009340846481e-02 3.8446204290764535e-02 -1.4118711445490406e-03 1.5727919441704524e-02 5.8226102715608994e-03 9.9985835815856039e-01



-5.6355042528683889e-03 1.1640122877366042e-02 3.4587514249770225e-02 1.3627280399888789e-02 1.0736744040666102e-02 5.0233014164140352e-03 9.9983687969547708e-01



-1.6975259444674897e-02 4.6938985198865368e-03 4.6301058811751110e-02 -6.3592136863192730e-03 2.0831124661493478e-02 4.8155093973885159e-04 9.9976266821447257e-01



-1.0899171898857574e-02 1.9561139480195060e-03 3.6522369046503800e-02 1.8790027219304419e-03 1.6197555611622061e-02 -7.2652147234073588e-05 9.9986704279251293e-01



-1.0571807933422007e-02 1.0600904627524997e-02 2.7045973554336834e-02 9.9649204031356593e-04 1.7266998767534628e-02 -1.1851125353210688e-03 9.9984971533998757e-01



-1.0061787463284904e-02 6.2610225870403137e-03 2.3138214085034893e-02 -2.5118737314535878e-03 1.8720888947676022e-02 -7.0681031927710507e-04 9.9982134365422437e-01




-2.4832059193543247e-02 7.6160074309507744e-03 3.6013098671124413e-02 -2.5912667417970956e-03 1.9372746808253193e-02 -1.4140820213043551e-03 9.9980797275767574e-01




-2.4074951574315273e-02 3.1150626930666926e-03 2.8978782647647597e-02 -2.3149776983372554e-03 1.7318970530660914e-02 3.2180282906576663e-03 9.9984215675872301e-01




-2.7194806793758141e-02 5.6703016328572857e-03 2.7550357264405488e-02 1.5221602308315894e-03 2.0376798469753821e-02 6.2776073249609229e-03 9.9977150427416583e-01



-2.3119245076735299e-02 3.8876389396054313e-03 1.5900286363388562e-02 -4.2795008737771612e-03 2.2328702428049980e-02 -2.3009535714236329e-03 9.9973887617358015e-01



-1.9964466693135754e-02 8.0933842880759402e-03 8.0713797009949774e-03 -6.2279589501438044e-03 2.4511736112613324e-02 4.1664071958946594e-04 9.9968005568310292e-01


-1.6488751629074382e-02 3.0129413585097215e-04 8.2112786878433489e-03 -7.1201560381329038e-03 1.7318698147813134e-02 -1.4763751083297669e-03 9.9982357763207264e-01



-1.6052583593073554e-02 1.6212329871308807e-03 1.4057519476821203e-02 -4.3850047829677389e-03 2.1537270294685804e-02 3.5742882529432032e-04 9.9975836578942501e-01



-1.9676238324966185e-02 4.1929507336401555e-03 9.9374641418779677e-03 -3.0524141387459425e-03 2.2582962467989832e-02 3.5990488300767638e-05 9.9974031192044055e-01



-1.9914536632359849e-02 -1.5323453873402483e-03 6.7101007501664369e-03 -5.0688649037155947e-03 2.0073569997810115e-02 -3.0251492453763503e-03 9.9978107947098804e-01




-2.7217977954489558e-02 2.9800024370259617e-04 7.8885728634950549e-03 -2.4108766605257606e-03 2.2702275493135929e-02 6.2999225048831792e-04 9.9973916471794078e-01




-2.1792020485899337e-02 2.5700666937993849e-03 1.4320537216806706e-02 6.3918101006677644e-03 1.8159149222790501e-02 4.2486798157189568e-03 9.9980565050561954e-01



-9.2346339028893751e-03 8.2165968459687471e-04 2.1037181519060883e-02 5.6918232286631257e-04 1.7891917078904421e-02 -3.3061307667376575e-04 9.9983971016844420e-01



-5.6101673712311969e-03 7.1408536827196238e-03 2.6732784928891626e-02 2.6050316569109560e-03 1.5866163821872777e-02 -5.8668739009079549e-03 9.9985351849472170e-01




-5.1303665228436199e-03 3.9785451706035209e-03 2.8327428316473020e-02 -8.6393930202150349e-04 1.5587882420784937e-02 -3.6005286838777153e-03 9.9987164562443454e-01




-6.4449046213914934e-03 -1.1189077057249474e-03 3.5177765900279066e-02 -6.5548214036846597e-04 1.8935864128012670e-02 1.7212710621934062e-03 9.9981900392962109e-01




-2.6820325362957201e-03 -9.0576270599698207e-04 4.0312885621679756e-02 -4.4898849631235579e-04 1.4930731708120024e-02 1.6437425452644568e-03 9.9988707850958614e-01




-1.1379484177038136e-02 -4.9107027194558207e-03 4.1326319160133740e-02 1.8985766140321297e-03 1.4901114246581070e-02 6.1093897819557872e-03 9.9986850513332159e-01



-1.3514388837638905e-02 -1.4355401441480729e-03 3.1121020650290262e-02 4.8998889642263531e-03 1.5553155060646260e-02 2.7635216346254339e-03 9.9986321734723926e-01



-4.4887350638873206e-03 -2.3217881910224903e-03 2.0153643752676691e-02 5.3923092864669158e-03 1.4249907834002675e-02 4.9271463090373962e-04 9.9988380342896543e-01



-1.9627284491377508e-03 -5.1720551195263429e-03 1.4346007394433551e-02 3.0101023430263323e-03 1.3394534930915011e-02 -1.4872870478565498e-03 9.9990465230196135e-01




-1.0874349777094294e-02 3.6639963451994598e-03 2.3563435933437127e-02 3.1536647142200221e-03 1.7149495555280180e-02 -5.2870672556591747e-03 9.9983398427984227e-01




-1.6746327419498316e-02 2.4847962446098537e-03 2.2598807210248876e-02 -1.9342974786367431e-03 1.9246662104068710e-02 -2.7567691481722198e-03 9.9980909413496521e-01



-3.1100158448643327e-02 8.0551706843971392e-04 2.4706953884635438e-02 -1.5829853140125775e-03 1.8552778864225804e-02 -1.8211018910806835e-03 9.9982497075328791e-01




-2.4942081740449588e-02 -1.6708337532165133e-03 3.0664532004569613e-02 -3.5299613641162340e-03 1.8777069626789461e-02 -5.9969018218182361e-04 9.9981728400777503e-01




-1.7821295773179570e-02 7.6970867621544450e-05 2.8622833572716399e-02 -4.7010474010647063e-04 1.7972673147798834e-02 5.8075586745184643e-04 9.9983819928230300e-01




-2.3994859012250996e-02 -1.2878110386391995e-03 2.9816073344747174e-02 1.0256387122229938e-03 1.6626647890923524e-02 -1.4635218250542081e-03 9.9986017059837462e-01





-2.1858552376830959e-02 -7.2114746376852126e-03 3.2326313794600478e-02 -4.8473355625724482e-03 1.3995035898945704e-02 -7.3904259676135422e-03 9.9986300257192651e-01





-1.6190904409584723e-02 -6.0748354952643146e-03 2.2911839517347096e-02 4.0782469605871890e-04 1.7913552097322868e-02 7.0622088436948804e-04 9.9983920686395178e-01




-1.3612345145450674e-02 -3.5012246024421229e-03 2.0321799750961180e-02 2.0236803623711820e-03 1.5314216515961239e-02 3.9704466893109129e-03 9.9987279943169793e-01




-9.8013842118600727e-03 2.1386355843994215e-03 1.5461190338716034e-02 -6.8329813218040913e-04 1.6567162995181715e-02 3.5110895095356426e-03 9.9985635691553698e-01




-2.2007674296449644e-02 2.2760220905352364e-03 1.7450805555891714e-02 1.9015009318045632e-03 2.0971594756931587e-02 1.5340385347763089e-03 9.9977708677151189e-01



-1.2689166031150468e-02 1.4638295692051650e-03 1.1698912449179717e-02 -1.9501058345547382e-03 1.7092246552385705e-02 -3.6254486452771826e-04 9.9985194941863653e-01




-2.1039745209745629e-02 7.7637586435812343e-04 2.4235666124487652e-02 4.7606229962099677e-04 1.8713483828452820e-02 -1.2518914824923210e-03 9.9982399033800207e-01




-1.8140864948743167e-02 3.2542493281891012e-03 2.4108469992489005e-02 5.2136233322555460e-05 1.4364467016740524e-02 -4.3178343463662157e-03 9.9988750150989258e-01





-2.8089798182434053e-02 -1.2905553154453214e-03 3.2254475004596599e-02 -3.1839354065126466e-03 1.6340318890204389e-02 -1.6638219142435867e-03 9.9986003432006987e-01






-3.9812024791388095e-02 5.1766469640705777e-03 4.0923335627580514e-02 -7.5483872627457819e-03 2.0957959865597928e-02 2.5011461385373262e-03 9.9974873345055926e-01




-3.0112262699080350e-02 -1.5468961346899825e-02 3.8528148997977511e-02 -5.4239514414801534e-03 1.9243771423535210e-02 1.0292139129327652e-02 9.9974713297128381e-01




-2.9453016936583028e-02 -2.4856843248656276e-03 3.0215093039853119e-02 -3.6698870492406712e-03 1.7136119548492517e-02 5.0847170468206295e-04 9.9984630158459409e-01





-3.3962273135920984e-02 -8.4516181133856300e-03 3.6304006313181918e-02 -2.3365856743288725e-04 1.9306078347835987e-02 1.0492053890253229e-03 9.9981304247871894e-01





-2.7558021921908423e-02 -3.4961737236542326e-04 3.4977449292045666e-02 4.1218850353972594e-03 1.4873242320279229e-02 -4.8217844933968797e-03 9.9986926501465001e-01






-4.0309698948574252e-02 4.6501378610985166e-03 3.7207841282049514e-02 -1.6136534441667128e-03 1.8785439079569206e-02 -2.8311214806688766e-04 9.9982219581716703e-01







-4.4081291811537485e-02 3.2452497630240740e-03 3.8328515680634487e-02 -9.4664066015260409e-03 2.2178381246372128e-02 7.0783044767549659e-03 9.9968415219862294e-01




-3.1128650797821466e-02 3.1393776927103006e-03 2.1183446078712930e-02 -5.0184639506922315e-03 1.9550025624157200e-02 2.7865068731581862e-03 9.9979240190007257e-01




-2.8497679719662130e-02 -1.4068434750481450e-04 2.1400905317715036e-02 -2.3080358411193096e-03 1.9919726526478089e-02 9.3220868955418043e-05 9.9979891417001254e-01



-1.8281256607211940e-02 -1.0865768161240528e-03 1.5042718284250049e-02 -2.2662533854284498e-03 1.8743635820925780e-02 3.1221949996930089e-03 9.9981687928849727e-01



-1.6301365114206785e-02 -6.4265941607675371e-05 1.5845360779324077e-02 -9.2358065805240094e-05 1.9423082491995435e-02 4.8775264425587580e-03 9.9979945242648482e-01



-1.6199034467265009e-02 -3.4666399283290804e-03 1.6551680787653199e-02 1.3034885325879156e-03 1.7473624783225859e-02 4.2682830427562043e-03 9.9983736433204340e-01



-1.7438097858569597e-02 2.3635840479505200e-03 1.4505372611785044e-02 3.1699548374218645e-03 1.7672265691120764e-02 7.3765601232707052e-04 9.9983853610234419e-01




-1.6974784412392262e-02 3.1907937897811146e-03 2.1373066349645826e-02 -2.7856988976771588e-04 1.8933539560118000e-02 -1.9337070570064931e-03 9.9981883571753116e-01





-2.0791369563306277e-02 -8.4425991016772784e-04 2.9806932865128963e-02 -2.8249727355421869e-03 1.7576305418040141e-02 2.1369389615653479e-03 9.9983925033415733e-01




-2.0566786432311513e-02 4.5738852105485480e-03 4.4536769637499890e-02 -5.2920001430964451e-03 1.9648501182847368e-02 5.8503885953047497e-03 9.9977582691773315e-01




-1.1327349510153415e-02 -1.5200885558956819e-03 3.5096575485555573e-02 2.1258035061712107e-03 1.4743869276397434e-02 4.2085529382054473e-03 9.9988018650255295e-01



-9.0315042998716580e-03 -2.7117908641698637e-03 2.9588791956889963e-02 -6.5313723272234685e-04 1.3153636136516511e-02 -4.3989706127926216e-03 9.9990359751612612e-01



-9.4986015773411391e-03 -6.4353261215116773e-03 3.0701766398768215e-02 2.6779530330373245e-03 1.2757204638087981e-02 -2.2745550916211375e-03 9.9991245051579891e-01



-9.8075685715656516e-03 -1.9401385720843028e-03 2.9297531797664169e-02 8.0280355400915264e-03 1.1541235150531737e-02 6.4410437100771711e-04 9.9990096292889252e-01




-9.8534006351462290e-03 -8.7291681154965314e-03 3.7874526984067028e-02 4.1556802103355824e-03 1.2694075456899875e-02 4.4922243148357091e-03 9.9990070041529078e-01



-1.0212542936358881e-02 -3.5074716388392205e-03 2.6468335890724823e-02 8.3386291212193767e-03 8.4123743159190030e-03 4.8369596915344973e-03 9.9991814817198421e-01




-1.9686003306264459e-02 -4.8471712729005649e-03 3.1424151393033298e-02 4.1799522245563065e-03 1.6550511676778266e-02 -1.7588095011036096e-03 9.9985274673412583e-01



-1.1128496615331345e-02 -8.2020934117855698e-03 2.2427995003322574e-02 5.3718519988937260e-03 1.2086890494845235e-02 1.9331088884126690e-03 9.9991065269567614e-01



-1.4908530405577238e-02 -3.2858443797612828e-03 2.0980936356904057e-02 5.7001710171550764e-03 1.1764622445291783e-02 -5.2854058798793524e-05 9.9991454580656214e-01



-1.4420331344245245e-02 -6.3520747343382119e-03 1.9982422438979460e-02 4.5932597542255446e-03 1.2328813392937191e-02 3.4373802829490966e-04 9.9991338833386978e-01



-1.7903282340570509e-02 -4.2714563481987718e-03 1.9093470779666666e-02 5.3216868942497827e-03 1.2267264262261717e-02 1.1801492463714442e-03 9.9990989650261775e-01



-2.1012678177502808e-02 -3.8635868676032874e-03 1.8568099791894110e-02 8.6898055718717792e-03 1.6346894223969923e-02 1.9899286807259199e-04 9.9982859867588902e-01



-2.4245677081514996e-02 -6.5137280763328444e-03 1.8206835871230613e-02 8.6816600159477751e-03 1.7948435306890612e-02 1.5259144297512491e-03 9.9980005702868158e-01



-2.6687030242663466e-02 1.0593487755064719e-03 1.3566773075410236e-02 2.1177347701831039e-03 1.9687438742493773e-02 3.2391545195210969e-03 9.9979869365447882e-01



-2.5520873010716275e-02 -8.7514260455255118e-03 1.6707261016813576e-02 -1.4847670769284470e-05 2.1312726311702234e-02 4.9386427908518190e-03 9.9976066000022901e-01



-2.5655164288985805e-02 -4.0375924748316961e-03 1.5306538926975151e-02 6.3015251166724648e-03 1.8708883884184482e-02 4.2385134453041869e-03 9.9979613094309683e-01



-2.0792793473030202e-02 -8.0475992029220254e-03 1.6130327021412590e-02 4.8708219142627792e-03 1.7006614086764432e-02 4.0082626290963907e-03 9.9983547846727239e-01



-1.7987151535701060e-02 -4.4564322485204462e-03 1.4318908054087368e-02 6.8158880927046703e-03 1.5367368576815860e-02 8.8989489884285585e-04 9.9985828782863073e-01




-2.3703277631023475e-02 -4.0366595537799825e-03 2.0885943543915000e-02 2.3437681183867917e-03 1.9786803222864750e-02 -1.8056833254308988e-03 9.9979984430732693e-01





-1.6167299500909844e-02 -7.4317380288965330e-03 3.1129724334556713e-02 5.1910523997614460e-03 1.3659690097964116e-02 -5.0308573630187658e-03 9.9988057102616179e-01



-4.9629291824960474e-03 -6.4053123012628417e-03 2.2826287965210433e-02 7.8585957811054836e-03 7.4455554129124486e-03 -1.9396124651170998e-03 9.9993952021131138e-01



6.2114748395987614e-04 -1.2345437032365576e-03 2.4655266099469476e-02 4.9651680506053930e-03 7.3343881808956325e-03 -2.8511480167830064e-03 9.9995671146866527e-01



4.1723872513539732e-04 -1.2135094259309136e-03 2.8163000124050652e-02 5.5179382492305494e-03 6.7672376316921497e-03 -4.7140780633450071e-04 9.9996176658259994e-01



1.3642369294173309e-03 -8.6076524224502904e-04 3.0448112576296722e-02 8.7124386237538518e-03 4.7381834452435200e-03 3.5475538369993137e-04 9.9995075737732420e-01



-2.9761842611192367e-04 -2.4565190254600398e-03 3.2459503957694050e-02 1.8690928247382455e-03 1.2266840267122315e-02 -1.2726286400625044e-04 9.9992300449886484e-01


2.7858568871087855e-03 -2.6436054908784553e-03 2.3573102409372940e-02 3.6993474727319295e-03 8.9979914493685323e-03 -2.8465210648446005e-03 9.9994862282818331e-01


3.8593986892988619e-03 -2.8400803760512986e-03 2.2346950362234854e-02 3.9445720256043705e-03 8.6550061544844667e-03 -4.4519087936836423e-03 9.9994485434352498e-01


2.7214261970878190e-03 -2.6622095765181288e-03 2.1795903935387956e-02 6.2635517947589444e-03 9.5652427413355258e-03 -3.2319579858506092e-03 9.9992941175754568e-01


4.0592874308206474e-03 -9.9899173704041965e-04 2.0581781978284676e-02 1.0516110117465203e-02 6.5616468156874099e-03 -3.0371656257607346e-05 9.9992317469724945e-01


5.1370329781377268e-03 -1.6723519876337394e-03 1.9746316948804011e-02 1.3386828520095619e-02 3.1979101119681752e-03 -4.0366359282217698e-05 9.9990527779567517e-01



7.0606862604893419e-03 -8.8529619156668595e-06 2.3042950859108964e-02 9.7702736345255271e-03 4.3001316153449499e-03 -5.4686043486773762e-03 9.9992806990686822e-01



4.0519820639197618e-03 -2.1739121155073169e-03 2.1801751731900548e-02 1.2733013537452199e-02 2.7077105898622540e-03 -5.9523879959311656e-03 9.9989754862523916e-01



3.4434071389916349e-03 -2.0161060003124251e-03 1.8671202073387176e-02 1.5820673889101088e-02 3.0450505091761029e-03 -5.3624341641375700e-03 9.9985582872978573e-01



2.0199797883669449e-03 -1.5192760169069491e-03 1.5084198759375103e-02 1.4173848788757250e-02 2.2346425293293171e-03 -2.8171452307375788e-03 9.9989308032210544e-01




-1.0613844431755560e-03 -6.3967397862531978e-04 2.1587423618488373e-02 1.8153438729141363e-02 2.1416212599627553e-04 -7.7331070791179988e-05 9.9983518682670725e-01



-4.3935593729932136e-03 -2.6952667607800899e-03 2.0213399488821972e-02 1.8007607885621453e-02 -1.2194883673132962e-03 -9.0741846371694671e-05 9.9983710206827048e-01




-1.1274232994560898e-02 -2.7815853123959542e-03 2.8305834509661777e-02 1.7619116036157650e-02 -1.5732229460392337e-03 -2.7214742606767955e-03 9.9983982982151443e-01




-1.2508910066415774e-02 -4.8683603028764401e-04 3.0914711630656528e-02 1.4623933062720387e-02 2.4977366793852989e-03 -1.9830562599094910e-03 9.9988797841614618e-01




-1.4129306035083550e-02 5.1271835964051616e-04 2.9072834253686879e-02 1.1859398725899924e-02 5.5231739487535576e-03 -3.7411623833139545e-03 9.9990742217237971e-01




-1.5533297885260191e-02 4.9454316705227746e-03 2.6766844928644059e-02 1.2472644905886114e-02 5.0672916684844898e-03 1.2141540542912163e-03 9.9990863658342832e-01





-1.9124751194104228e-02 5.7105659644444279e-03 3.0898522195705384e-02 1.3463789830177498e-02 7.9004321923857018e-03 -2.8943672085748272e-03 9.9987395814324731e-01





-1.5728030983211985e-02 8.2007861840094464e-03 2.4160500106440299e-02 7.4161595430554620e-03 1.4053559424564653e-02 -8.6434120052871072e-03 9.9983638135148845e-01




-1.0215354240087635e-02 8.6013938076745511e-03 1.4524489696483997e-02 3.0824261459240997e-03 1.6074508556583589e-02 -8.4704245744525574e-03 9.9983016594382057e-01




-6.3963519514650506e-03 9.2408407250638720e-03 9.0227459165645642e-03 -1.1903490601668569e-04 1.3954574777785731e-02 -8.7975872801838474e-03 9.9986391980684541e-01




-3.6927297876490242e-03 9.6030178503988695e-03 5.6389060603348196e-03 -1.1158844743137287e-02 1.1602572208997589e-02 -1.0347291570610942e-02 9.9981688026322413e-01





-4.6789175323152133e-04 1.1231511665240751e-02 6.8241558580539527e-03 -1.0937445586506982e-02 9.5543595446010692e-03 -1.0384059023588773e-02 9.9984061620636777e-01




1.5393171298354331e-03 1.0879724656421152e-02 2.9979379157856782e-03 -8.6959680195616423e-03 1.0016005833059425e-02 -1.0071821677352563e-02 9.9986129946880853e-01




2.1269319573171391e-03 1.4475920745444343e-02 9.6777959474280448e-04 -1.0683256253513507e-02 7.1920823800079425e-03 -4.3257282239550950e-03 9.9990771077244600e-01





4.7076925417771425e-03 1.8228543141711274e-02 3.9269128763686177e-03 -1.4460244336237748e-02 5.2239384217813581e-03 -1.3784010153327145e-03 9.9988084880736794e-01





1.0042705318494785e-02 1.7903864345127134e-02 1.0164406082101955e-02 -1.2870053615229315e-02 1.6816038362234813e-03 -2.4688404633484880e-03 9.9991271556833683e-01




9.9637021674627933e-03 1.2974615968642021e-02 1.3205689044486919e-02 -1.0886238468938863e-02 7.0502020284787872e-03 -6.4688033356920622e-03 9.9989496400709965e-01



6.8023504636626096e-03 1.3618381111133757e-02 8.2793828522206379e-03 -1.0674779661351762e-02 5.6073180762511339e-03 -6.7379404564619850e-03 9.9990459906011964e-01



7.4866954512404398e-03 1.5826923365155725e-02 8.8346304089472402e-03 -1.6586871889645995e-02 6.9452327326480516e-03 -3.9650640747410102e-03 9.9983044447050573e-01




9.1108078086481539e-03 1.9987051676151477e-02 1.4774992202193901e-02 -1.6952513720149130e-02 4.2205126625423674e-03 -3.3413478938748679e-03 9.9984180496000741e-01



6.1512830661813135e-03 1.3159762820281634e-02 1.1102652612208323e-02 -1.5044468438033982e-02 6.1875401927661512e-03 -5.9768322949641231e-03 9.9984981661822481e-01




3.9115713602457776e-03 1.3752895805997888e-02 1.4030528696492838e-02 -1.3916361071152168e-02 1.0562751604051786e-02 -4.5647876031335967e-03 9.9983694965090519e-01




4.1443197580204047e-03 1.6945012943593362e-02 1.0849207807186638e-02 -1.5427365233499250e-02 9.4244687420410485e-03 -4.3040284224786498e-03 9.9982731065430541e-01






2.4186265565615131e-03 2.4101077487813108e-02 1.2820795536599655e-02 -1.6432936096483046e-02 1.1428853563780912e-02 1.6030785548221736e-03 9.9979836469990968e-01






2.6272089246243274e-03 1.8351386911638262e-02 1.0331749747780570e-02 -9.0314234592111745e-03 1.1557164871553312e-02 -3.3689212019808413e-03 9.9988675143756500e-01








4.1855421884191835e-04 2.4506107435038085e-02 6.9266019408268332e-03 -1.6128189969855322e-02 7.8003985801449608e-03 3.2846386208856761e-03 9.9983410944987139e-01









-2.2372826380203555e-03 1.5374477780171742e-02 6.3205810534218611e-03 -1.5806156662258902e-02 3.5897721950572193e-03 -3.3370230365950001e-04 9.9986857515871963e-01






