# Format: from_cam from_frame to_cam to_frame
# Newline means next odometry; Empty line means next step

































0 0 0 33




























0 33 0 61










0 61 0 71








0 71 0 79





0 79 0 84










0 84 0 94










0 94 0 104







0 104 0 111






0 111 0 117






0 117 0 123





0 123 0 128





0 128 0 133




0 133 0 137




0 137 0 141





0 141 0 146





0 146 0 151





0 151 0 156




0 156 0 160



0 160 0 163




0 163 0 167






0 167 0 173











0 173 0 184




0 184 0 188




0 188 0 192




0 192 0 196




0 196 0 200





0 200 0 205





0 205 0 210




0 210 0 214




0 214 0 218



0 218 0 221



0 221 0 224




0 224 0 228




0 228 0 232





0 232 0 237




0 237 0 241



0 241 0 244



0 244 0 247



0 247 0 250




0 250 0 254




0 254 0 258




0 258 0 262







0 262 0 269





0 269 0 274







0 274 0 281


































0 281 0 315




0 315 0 319



0 319 0 322


0 322 0 324


0 324 0 326


0 326 0 328


0 328 0 330


0 330 0 332


0 332 0 334


0 334 0 336


0 336 0 338


0 338 0 340


0 340 0 342


0 342 0 344


0 344 0 346



0 346 0 349





0 349 0 354





0 354 0 359


















0 359 0 377



0 377 0 380



0 380 0 383


0 383 0 385


0 385 0 387


0 387 0 389


0 389 0 391


0 391 0 393


0 393 0 395


0 395 0 397


0 397 0 399


0 399 0 401


0 401 0 403


0 403 0 405


0 405 0 407


0 407 0 409


0 409 0 411


0 411 0 413


0 413 0 415


0 415 0 417


0 417 0 419


0 419 0 421


0 421 0 423


0 423 0 425


0 425 0 427



0 427 0 430



0 430 0 433



0 433 0 436



0 436 0 439



0 439 0 442



0 442 0 445



0 445 0 448



0 448 0 451




0 451 0 455




0 455 0 459




0 459 0 463



0 463 0 466



0 466 0 469


0 469 0 471



0 471 0 474



0 474 0 477



0 477 0 480




0 480 0 484




0 484 0 488



0 488 0 491



0 491 0 494




0 494 0 498




0 498 0 502




0 502 0 506




0 506 0 510



0 510 0 513



0 513 0 516



0 516 0 519




0 519 0 523




0 523 0 527



0 527 0 530




0 530 0 534




0 534 0 538




0 538 0 542





0 542 0 547





0 547 0 552




0 552 0 556




0 556 0 560




0 560 0 564



0 564 0 567




0 567 0 571




0 571 0 575





0 575 0 580






0 580 0 586




0 586 0 590




0 590 0 594





0 594 0 599





0 599 0 604






0 604 0 610







0 610 0 617




0 617 0 621




0 621 0 625



0 625 0 628



0 628 0 631



0 631 0 634



0 634 0 637




0 637 0 641





0 641 0 646




0 646 0 650




0 650 0 654



0 654 0 657



0 657 0 660



0 660 0 663




0 663 0 667



0 667 0 670




0 670 0 674



0 674 0 677



0 677 0 680



0 680 0 683



0 683 0 686



0 686 0 689



0 689 0 692



0 692 0 695



0 695 0 698



0 698 0 701



0 701 0 704



0 704 0 707




0 707 0 711





0 711 0 716



0 716 0 719



0 719 0 722



0 722 0 725



0 725 0 728



0 728 0 731


0 731 0 733


0 733 0 735


0 735 0 737


0 737 0 739


0 739 0 741



0 741 0 744



0 744 0 747



0 747 0 750



0 750 0 753




0 753 0 757



0 757 0 760




0 760 0 764




0 764 0 768




0 768 0 772




0 772 0 776





0 776 0 781





0 781 0 786




0 786 0 790




0 790 0 794




0 794 0 798





0 798 0 803




0 803 0 807




0 807 0 811





0 811 0 816





0 816 0 821




0 821 0 825



0 825 0 828



0 828 0 831




0 831 0 835



0 835 0 838




0 838 0 842




0 842 0 846






0 846 0 852






0 852 0 858








0 858 0 866









0 866 0 875






