2.6 -0.142666 -0.00224004 0.003686 -0.0106232 0.116628 -0.00309755 0.993114
2.63333 -0.144225 -0.00309345 0.00301602 -0.00979024 0.11985 -0.0029172 0.992739
2.66667 -0.145425 -0.00394844 0.00191677 -0.00812861 0.122706 -0.00254712 0.992407
2.7 -0.148749 -0.00373324 0.00275836 -0.00598658 0.127023 -0.00205991 0.99188
2.73333 -0.151785 -0.00388397 0.00269409 -0.0060468 0.131606 -0.00113073 0.991283
2.76667 -0.154268 -0.00453667 0.00200756 -0.00650493 0.13578 0.000225574 0.990718
2.8 -0.158036 -0.00414455 0.00190022 -0.00620937 0.140616 0.00104839 0.990044
2.83333 -0.162138 -0.00471276 0.00196465 -0.00740441 0.146409 0.0017648 0.989195
2.86667 -0.166664 -0.0051911 0.00333369 -0.00779425 0.152935 0.00297107 0.988201
2.9 -0.169965 -0.00401843 0.0031408 -0.00766985 0.156766 0.00511067 0.987593
2.93333 -0.173648 -0.00373967 0.0031539 -0.00831066 0.160434 0.00732376 0.986984
2.96667 -0.176829 -0.00494767 0.00340074 -0.00914492 0.163802 0.00931712 0.986407
3 -0.178843 -0.00403243 0.00289081 -0.00882367 0.166248 0.0111553 0.985981
3.03333 -0.183565 -0.00382823 0.0039148 -0.00992942 0.170458 0.0125655 0.985235
3.06667 -0.187659 -0.00357376 0.0048915 -0.0110136 0.174774 0.0136943 0.984452
3.1 -0.189383 -0.00386914 0.00430728 -0.0110454 0.176634 0.0143283 0.98411
3.13333 -0.191758 -0.00360181 0.00432975 -0.0114378 0.179192 0.0148054 0.983636
3.16667 -0.196015 -0.00352482 0.00617556 -0.0123166 0.182775 0.0154081 0.982957
3.2 -0.198836 -0.00353592 0.00597905 -0.012263 0.185767 0.0158489 0.98239
3.23333 -0.200354 -0.00264273 0.0064879 -0.012188 0.187475 0.0159432 0.982064
3.26667 -0.205083 -0.00281703 0.0079965 -0.0137336 0.191639 0.0163643 0.981233
3.3 -0.206564 -0.0028253 0.0087279 -0.0147544 0.193337 0.0167497 0.980878
3.33333 -0.209046 -0.00301572 0.00991453 -0.0147817 0.195839 0.0167722 0.980381
3.36667 -0.211624 -0.00233345 0.0117347 -0.0145271 0.198727 0.0165233 0.979808
3.4 -0.21267 -0.0015968 0.012177 -0.0148313 0.199886 0.0159932 0.979576
3.43333 -0.215989 -0.00149775 0.0142173 -0.0153514 0.203399 0.015765 0.978849
3.46667 -0.219912 -0.000907488 0.0181449 -0.0153274 0.207842 0.0161227 0.977909
3.5 -0.220687 -0.00128357 0.0188253 -0.0164234 0.209921 0.0169657 0.977433
3.53333 -0.222585 -0.00122703 0.020216 -0.0162288 0.212715 0.01797 0.976814
3.56667 -0.222596 -1.74304e-05 0.0190726 -0.0152863 0.213516 0.0185781 0.976643
3.6 -0.225729 6.5169e-05 0.0218306 -0.0163175 0.216903 0.0184479 0.975882
3.63333 -0.226298 0.000175952 0.0220234 -0.0173738 0.219045 0.0189457 0.975376
3.66667 -0.228986 0.000485438 0.0247037 -0.0179302 0.223447 0.0198976 0.974348
3.7 -0.230986 0.00109885 0.0266959 -0.0187068 0.227141 0.0207802 0.97346
3.73333 -0.233339 0.000560943 0.0291351 -0.0204678 0.231473 0.0216701 0.972385
3.76667 -0.234547 0.000808028 0.0303242 -0.0213695 0.234904 0.0226374 0.97152
3.8 -0.238007 0.000940786 0.034256 -0.0222988 0.240371 0.0240242 0.970127
3.83333 -0.238175 0.00109514 0.0346201 -0.0237401 0.242792 0.0252381 0.96946
3.86667 -0.24136 0.000276699 0.0382418 -0.0253511 0.247918 0.0265905 0.968084
3.9 -0.243855 -0.000339659 0.0414169 -0.0252321 0.251644 0.0275777 0.967098
3.93333 -0.245339 -0.000218721 0.0427309 -0.0242449 0.255062 0.0276332 0.966226
3.96667 -0.247337 -0.000170549 0.0449567 -0.024716 0.258935 0.0271917 0.965195
4 -0.249677 -0.00100088 0.047635 -0.0256617 0.263056 0.0269092 0.964064
4.03333 -0.252344 -0.000737383 0.0528661 -0.0259101 0.267372 0.0263263 0.962885
4.06667 -0.252707 -0.00116271 0.0530521 -0.0274563 0.269431 0.0259281 0.962279
4.1 -0.254626 -0.00235946 0.0551201 -0.0278085 0.272593 0.0262714 0.961369
4.13333 -0.257413 -0.00263857 0.0598558 -0.0261052 0.277287 0.0266192 0.960064
4.16667 -0.258459 -0.00236247 0.0612392 -0.0249689 0.280646 0.0271745 0.959102
4.2 -0.26038 -0.00309608 0.0637467 -0.0247692 0.284277 0.0275932 0.958025
4.23333 -0.263064 -0.0029829 0.0684347 -0.0241735 0.289351 0.0274425 0.956524
4.26667 -0.265163 -0.0034867 0.0707292 -0.0246279 0.293402 0.0271381 0.955287
4.3 -0.266413 -0.00331346 0.0726177 -0.0249066 0.296802 0.0273126 0.954223
4.33333 -0.268846 -0.0025339 0.0777622 -0.0246953 0.301683 0.0280934 0.952674
4.36667 -0.270078 -0.00338431 0.0794511 -0.0255733 0.305363 0.0292381 0.951444
4.4 -0.270097 -0.00333987 0.0787133 -0.025682 0.308364 0.0301708 0.950443
4.43333 -0.273087 -0.00334386 0.0844462 -0.0260536 0.314631 0.0309596 0.948351
4.46667 -0.275942 -0.00376551 0.0893659 -0.026436 0.321753 0.0321145 0.945909
4.5 -0.277078 -0.00399338 0.0906528 -0.0258285 0.326643 0.0331748 0.944212
4.53333 -0.279155 -0.0039563 0.094311 -0.0249828 0.331919 0.0344978 0.942346
4.56667 -0.280778 -0.00419598 0.0970794 -0.0245682 0.33572 0.0360351 0.940951
4.6 -0.282588 -0.00392802 0.0985771 -0.0238085 0.340196 0.0374329 0.939308
4.63333 -0.28443 -0.00360282 0.100366 -0.0239919 0.345362 0.0387764 0.937361
4.66667 -0.28708 -0.00351881 0.104362 -0.0254283 0.351748 0.0404902 0.934873
4.7 -0.288741 -0.00392523 0.106157 -0.0268949 0.356857 0.0417853 0.932836
4.73333 -0.291733 -0.00369929 0.110771 -0.0274962 0.363243 0.0430783 0.930292
4.76667 -0.29334 -0.00452463 0.114003 -0.0286908 0.367993 0.0448641 0.928302
4.8 -0.295197 -0.00485964 0.116141 -0.0281764 0.372468 0.0462564 0.926463
4.83333 -0.296568 -0.00452785 0.118004 -0.0269488 0.376367 0.0471256 0.924879
4.86667 -0.298497 -0.00441641 0.120929 -0.0262694 0.38102 0.0476276 0.922965
4.9 -0.301848 -0.00452286 0.127587 -0.0260577 0.388465 0.0477203 0.919858
4.93333 -0.3022 -0.00417441 0.128481 -0.0265931 0.392166 0.0478565 0.918264
4.96667 -0.303447 -0.00457438 0.131738 -0.0272102 0.39701 0.048115 0.916148
5 -0.304423 -0.00438641 0.134297 -0.0274711 0.400871 0.0483389 0.914446
5.03333 -0.305649 -0.00425735 0.137303 -0.0281823 0.404643 0.0485605 0.91275
5.06667 -0.306762 -0.0046285 0.140869 -0.0287399 0.408911 0.0489155 0.910809
5.1 -0.307808 -0.004566 0.143437 -0.0287419 0.412885 0.0494124 0.908988
5.13333 -0.309127 -0.00402086 0.146836 -0.0291001 0.416839 0.0505493 0.907107
5.16667 -0.30957 -0.00429291 0.149204 -0.0300965 0.42026 0.0522334 0.905399
5.2 -0.311159 -0.0044603 0.153963 -0.0308803 0.425037 0.0545099 0.903005
5.23333 -0.311641 -0.00458083 0.157025 -0.031053 0.429507 0.0565909 0.900754
5.26667 -0.312497 -0.0047836 0.161991 -0.0308927 0.434408 0.0583493 0.898293
5.3 -0.312993 -0.00448184 0.164728 -0.030577 0.438665 0.0596254 0.896149
5.33333 -0.313446 -0.00518616 0.169396 -0.0308501 0.443757 0.0610266 0.893534
5.36667 -0.313172 -0.00558844 0.172655 -0.0304104 0.448474 0.0612468 0.891176
5.4 -0.313393 -0.00483597 0.17591 -0.0297017 0.453573 0.0610946 0.888626
5.43333 -0.313783 -0.00526611 0.179759 -0.0301995 0.458895 0.0612188 0.885865
5.46667 -0.313896 -0.00555361 0.183548 -0.0301139 0.463602 0.0607006 0.883449
5.5 -0.314174 -0.0057543 0.188832 -0.0296775 0.468582 0.0598844 0.880888
5.53333 -0.313957 -0.00584506 0.192284 -0.0293042 0.472437 0.0584921 0.878933
5.56667 -0.313732 -0.0065731 0.195654 -0.0292133 0.475545 0.0572418 0.877341
5.6 -0.313698 -0.00647499 0.1994 -0.0278385 0.478596 0.0560601 0.875801
5.63333 -0.313769 -0.0058004 0.204043 -0.0274439 0.481817 0.0553902 0.874089
5.66667 -0.3143 -0.00649881 0.209061 -0.0289316 0.485917 0.0559784 0.87173
5.7 -0.313906 -0.00746479 0.211679 -0.0295858 0.488792 0.0566369 0.870057
5.73333 -0.313734 -0.00768535 0.215661 -0.0289235 0.491635 0.0567875 0.868466
5.76667 -0.313802 -0.00817855 0.21961 -0.0284363 0.494276 0.0568439 0.866978
5.8 -0.314172 -0.00863861 0.22333 -0.0277382 0.496421 0.056868 0.865773
5.83333 -0.313965 -0.00904151 0.226986 -0.0269149 0.497851 0.0568235 0.864981
5.86667 -0.31439 -0.00918284 0.231456 -0.0263806 0.49869 0.0563735 0.864543
5.9 -0.313997 -0.00864711 0.233517 -0.0266363 0.498601 0.0551673 0.864664
5.93333 -0.313606 -0.00836303 0.2357 -0.0289694 0.499331 0.0547222 0.864196
5.96667 -0.313726 -0.00909871 0.240154 -0.0313775 0.50153 0.0551317 0.862811
6 -0.313481 -0.00991593 0.244088 -0.0324495 0.503721 0.0551685 0.861492
6.03333 -0.312923 -0.0100938 0.247544 -0.0326376 0.506015 0.0547035 0.860169
6.06667 -0.312973 -0.0100933 0.251762 -0.0327811 0.509215 0.0543524 0.858296
6.1 -0.313655 -0.00988871 0.256616 -0.0331855 0.512149 0.0538941 0.856562
6.13333 -0.312924 -0.010001 0.259997 -0.034011 0.514302 0.0537992 0.855244
6.16667 -0.312558 -0.0100286 0.264484 -0.0349775 0.517615 0.0539718 0.853193
6.2 -0.312596 -0.0101629 0.270175 -0.0358715 0.521856 0.0543569 0.850544
6.23333 -0.311867 -0.00982827 0.272996 -0.0372069 0.525881 0.0549054 0.847968
6.26667 -0.310959 -0.0111932 0.277571 -0.0385102 0.530604 0.0559794 0.844892
6.3 -0.309932 -0.0123519 0.28236 -0.0380051 0.535489 0.0558639 0.841835
6.33333 -0.309396 -0.0118884 0.286864 -0.0366266 0.539887 0.0551261 0.839131
6.36667 -0.308936 -0.0126161 0.291585 -0.0369767 0.544595 0.05546 0.836046
6.4 -0.30803 -0.0145444 0.296339 -0.0363928 0.549215 0.0560206 0.833007
6.43333 -0.308021 -0.0143526 0.302081 -0.0328668 0.554432 0.0547739 0.829774
6.46667 -0.308105 -0.0134268 0.306744 -0.0312421 0.559288 0.0538052 0.826635
6.5 -0.307666 -0.0134208 0.310838 -0.0330239 0.563982 0.0546561 0.823314
6.53333 -0.307206 -0.0144031 0.316017 -0.035397 0.568685 0.0561628 0.819872
6.56667 -0.306708 -0.0156166 0.3197 -0.0364545 0.573171 0.0575238 0.816601
6.6 -0.306206 -0.0165414 0.324746 -0.0359214 0.57839 0.0585792 0.812861
6.63333 -0.305585 -0.0170062 0.329385 -0.0339352 0.582871 0.0591673 0.809697
6.66667 -0.305881 -0.0163989 0.333798 -0.0321916 0.587334 0.059596 0.806506
6.7 -0.305725 -0.0163351 0.339445 -0.0320312 0.592341 0.0606955 0.802759
6.73333 -0.304632 -0.0166214 0.342301 -0.032226 0.595997 0.0618859 0.799949
6.76667 -0.303797 -0.0175538 0.347617 -0.0322943 0.60043 0.0628909 0.796546
6.8 -0.303096 -0.0172858 0.35135 -0.0312885 0.604003 0.0633965 0.79384
6.83333 -0.302293 -0.0168537 0.35502 -0.0309638 0.606735 0.0639376 0.791723
6.86667 -0.30139 -0.0167748 0.359215 -0.0319214 0.609369 0.064473 0.789616
6.9 -0.299959 -0.0175564 0.363347 -0.0332514 0.611811 0.0650161 0.787626
6.93333 -0.298593 -0.0184022 0.366881 -0.0333459 0.613698 0.0645902 0.786188
6.96667 -0.297406 -0.0188313 0.370989 -0.0328656 0.616466 0.0635975 0.784121
7 -0.295631 -0.0190176 0.374317 -0.0317641 0.619397 0.0619481 0.781985
7.03333 -0.294109 -0.0187706 0.378437 -0.0308529 0.623134 0.0604238 0.779167
7.06667 -0.291916 -0.0194576 0.382049 -0.0313249 0.626005 0.0599954 0.776876
7.1 -0.289933 -0.0206027 0.386571 -0.0303058 0.6296 0.0588711 0.774093
7.13333 -0.28784 -0.020673 0.390112 -0.0277534 0.632165 0.0566047 0.772265
7.16667 -0.285491 -0.0207918 0.39322 -0.0257217 0.63444 0.0553478 0.770559
7.2 -0.282714 -0.0218977 0.396683 -0.0244111 0.63644 0.0549762 0.768977
7.23333 -0.27997 -0.0229245 0.401809 -0.0215268 0.639083 0.0532339 0.766991
7.26667 -0.277374 -0.0231752 0.4044 -0.0188373 0.640769 0.0511778 0.765794
7.3 -0.274414 -0.0236666 0.407708 -0.0171511 0.643176 0.0500463 0.763888
7.33333 -0.271196 -0.0254403 0.41125 -0.0154859 0.646121 0.0489297 0.761508
7.36667 -0.268428 -0.0254918 0.414965 -0.0124695 0.649562 0.0468407 0.758762
7.4 -0.265536 -0.0262137 0.419341 -0.0107005 0.6527 0.0455071 0.756173
7.43333 -0.262247 -0.027071 0.422255 -0.00909089 0.655189 0.0444461 0.754102
7.46667 -0.259098 -0.0281138 0.425297 -0.00745984 0.658255 0.0431896 0.751518
7.5 -0.255705 -0.029235 0.427655 -0.0055654 0.660978 0.0421611 0.749199
7.53333 -0.252698 -0.0301672 0.431225 -0.00298222 0.663951 0.0417507 0.746604
7.56667 -0.249105 -0.0317511 0.433812 -2.44184e-05 0.665604 0.0412351 0.745165
7.6 -0.245593 -0.033451 0.437578 0.00368725 0.667088 0.0397638 0.743908
7.63333 -0.24238 -0.0345133 0.440304 0.00774561 0.667978 0.037339 0.743203
7.66667 -0.238976 -0.0358326 0.442133 0.0113248 0.668623 0.034366 0.742721
7.7 -0.236387 -0.036232 0.444245 0.0142866 0.669578 0.0301925 0.74199
7.73333 -0.233423 -0.0373355 0.446821 0.0155062 0.670706 0.0263762 0.741092
7.76667 -0.230406 -0.038479 0.448775 0.016527 0.671608 0.0227285 0.740374
7.8 -0.227497 -0.0393113 0.450806 0.0176567 0.672939 0.0194314 0.739232
7.83333 -0.224434 -0.0403295 0.453074 0.0191042 0.674365 0.0165565 0.737965
7.86667 -0.221749 -0.0409649 0.455538 0.0205654 0.675589 0.0138274 0.736861
7.9 -0.218646 -0.0424395 0.457564 0.0214566 0.676522 0.0118911 0.736014
7.93333 -0.21546 -0.0440051 0.459665 0.0229435 0.677437 0.010008 0.735155
7.96667 -0.212057 -0.0458895 0.461974 0.0248958 0.678411 0.00765593 0.734221
8 -0.209148 -0.047346 0.464366 0.0272298 0.679417 0.00501423 0.733229
8.03333 -0.206282 -0.047588 0.467362 0.030598 0.680788 0.00238223 0.731838
8.06667 -0.203353 -0.0481396 0.469612 0.0325494 0.682007 0.000373769 0.730621
8.1 -0.200057 -0.0501144 0.471954 0.0333366 0.683708 -0.00132845 0.728993
8.13333 -0.196565 -0.0519747 0.474423 0.0349219 0.686396 -0.00389722 0.726379
8.16667 -0.193549 -0.0527538 0.4768 0.0380394 0.68952 -0.00671478 0.723236
8.2 -0.190466 -0.0536781 0.47934 0.0410525 0.692593 -0.00861314 0.720108
8.23333 -0.187386 -0.0538047 0.482367 0.0441464 0.695576 -0.0100499 0.717024
8.26667 -0.184752 -0.0541549 0.484914 0.046258 0.698709 -0.0105204 0.713831
8.3 -0.18174 -0.0548289 0.487152 0.0486073 0.702166 -0.0101236 0.71028
8.33333 -0.178864 -0.0551946 0.489922 0.0505487 0.706163 -0.00995903 0.706172
8.36667 -0.175826 -0.0562818 0.492691 0.0520815 0.71032 -0.00969344 0.701883
8.4 -0.173237 -0.0559064 0.495857 0.0538556 0.714274 -0.0103041 0.697715
8.43333 -0.171076 -0.0550193 0.49874 0.0544174 0.717558 -0.0099282 0.694299
8.46667 -0.16805 -0.0561057 0.50148 0.0535764 0.720763 -0.00789266 0.691062
8.5 -0.164822 -0.0582003 0.503746 0.0533602 0.723407 -0.00597208 0.688331
8.53333 -0.161357 -0.0596797 0.506481 0.0548724 0.725639 -0.00529201 0.685864
8.56667 -0.158756 -0.0595249 0.508998 0.0567524 0.727736 -0.00574337 0.683481
8.6 -0.155535 -0.0610292 0.511919 0.0567761 0.730577 -0.00578291 0.680441
8.63333 -0.152195 -0.0621935 0.513928 0.0576192 0.733591 -0.00687685 0.67711
8.66667 -0.149136 -0.0629945 0.516417 0.0584811 0.737095 -0.00837631 0.673201
8.7 -0.146418 -0.0625479 0.51829 0.0592572 0.739766 -0.00981869 0.670178
8.73333 -0.143409 -0.0629143 0.520584 0.0588862 0.742519 -0.0103858 0.667151
8.76667 -0.140468 -0.0629232 0.522125 0.0584977 0.744722 -0.0110259 0.664715
8.8 -0.137195 -0.0631028 0.523866 0.0580878 0.746736 -0.0117194 0.662475
8.83333 -0.133371 -0.0643461 0.525507 0.0573943 0.748224 -0.0116738 0.660856
8.86667 -0.129893 -0.0648376 0.526936 0.0571636 0.749145 -0.0124924 0.659817
8.9 -0.12652 -0.0644953 0.528016 0.0574789 0.749945 -0.0137507 0.658854
8.93333 -0.123089 -0.0644749 0.53015 0.0569975 0.751489 -0.0147404 0.657114
8.96667 -0.119592 -0.0643701 0.530764 0.0564087 0.752719 -0.0154602 0.655739
9 -0.111993 -0.0657543 0.533867 0.055915 0.755458 -0.0163393 0.652602
9.03333 -0.107671 -0.0668082 0.534892 0.0575178 0.755906 -0.0184056 0.651888
9.06667 -0.104175 -0.0660297 0.535929 0.060049 0.756398 -0.0217496 0.650986
9.1 -0.100187 -0.0665377 0.537246 0.0610003 0.757582 -0.0234786 0.649459
9.13333 -0.0962377 -0.0669792 0.538164 0.0617013 0.758674 -0.0252852 0.648049
9.16667 -0.0924607 -0.0668538 0.538977 0.0619917 0.759576 -0.0270185 0.646894
9.2 -0.0880619 -0.0678626 0.540193 0.0609968 0.760661 -0.0281989 0.645662
9.23333 -0.0842584 -0.0681239 0.541209 0.0605981 0.761636 -0.0300114 0.644467
9.26667 -0.0801215 -0.0685087 0.542172 0.0608878 0.762418 -0.0317678 0.64343
9.3 -0.0761387 -0.0686758 0.543422 0.0617281 0.763088 -0.0338306 0.64245
9.33333 -0.0718239 -0.0698239 0.544201 0.0622092 0.763602 -0.0355364 0.6417
9.36667 -0.0678391 -0.0702105 0.544993 0.0628868 0.764238 -0.0372431 0.64078
9.4 -0.0642295 -0.0697939 0.546427 0.0634166 0.765338 -0.0385139 0.639338
9.43333 -0.060663 -0.0701929 0.547114 0.0630524 0.766376 -0.0386758 0.63812
9.46667 -0.0568732 -0.070829 0.548664 0.0633087 0.767552 -0.0393923 0.636635
9.5 -0.0533542 -0.0711275 0.549976 0.0646019 0.767977 -0.0407984 0.635903
9.53333 -0.0501373 -0.0712501 0.551145 0.0656715 0.767692 -0.041722 0.636078
9.56667 -0.0474257 -0.0708898 0.552279 0.0655434 0.767039 -0.0419791 0.636861
9.6 -0.0446916 -0.0709244 0.553471 0.064432 0.766217 -0.0415931 0.637989
9.63333 -0.0422307 -0.070795 0.555392 0.0633539 0.765572 -0.0411971 0.638896
9.66667 -0.0396582 -0.0710256 0.557065 0.0620081 0.764784 -0.0402382 0.640033
9.7 -0.0374544 -0.0705776 0.559343 0.061283 0.764354 -0.0395438 0.640659
9.73333 -0.0349835 -0.0710033 0.560955 0.061197 0.763489 -0.0389676 0.641733
9.76667 -0.032855 -0.0712223 0.562878 0.0615958 0.762905 -0.0388126 0.642398
9.8 -0.030953 -0.0711146 0.565032 0.061646 0.762938 -0.0382715 0.642387
9.83333 -0.0292682 -0.0709548 0.567191 0.0613185 0.763547 -0.0373387 0.641749
9.86667 -0.0274544 -0.0710532 0.569092 0.0603624 0.764629 -0.0364487 0.640602
9.9 -0.0260117 -0.0708261 0.571384 0.0594142 0.765941 -0.0355844 0.639169
9.93333 -0.0245655 -0.0706268 0.573748 0.0584013 0.767581 -0.034362 0.637361
9.96667 -0.0230861 -0.0706007 0.576219 0.0579319 0.769279 -0.0335179 0.635397
10 -0.0215788 -0.0709087 0.578655 0.0575192 0.770596 -0.0331405 0.633858
10.0333 -0.0201222 -0.0710228 0.581455 0.0571364 0.771894 -0.0328992 0.632323
10.0667 -0.0188843 -0.0710785 0.584346 0.056477 0.773037 -0.032196 0.63102
10.1 -0.017593 -0.0711019 0.587375 0.0557589 0.774301 -0.0311285 0.629588
10.1333 -0.0163936 -0.071235 0.590453 0.0552272 0.77549 -0.029756 0.628235
10.1667 -0.0152384 -0.0713823 0.593872 0.0553046 0.77656 -0.0283938 0.626969
10.2 -0.0141838 -0.071354 0.597306 0.0559288 0.777312 -0.0273761 0.626027
10.2333 -0.0131193 -0.071509 0.600753 0.0554626 0.778065 -0.0258534 0.625196
10.2667 -0.0122287 -0.071534 0.604289 0.0547652 0.779128 -0.0242104 0.623999
10.3 -0.0116186 -0.0713093 0.607608 0.0539093 0.780473 -0.02225 0.622463
10.3333 -0.0111533 -0.0711743 0.611121 0.0532152 0.782089 -0.0199802 0.620569
10.3667 -0.0102157 -0.0716586 0.614362 0.0526845 0.783282 -0.0178185 0.619174
10.4 -0.00944292 -0.0717343 0.621563 0.0539299 0.784768 -0.0149468 0.617258
10.4333 -0.0093249 -0.0716122 0.624661 0.0544896 0.784546 -0.0139051 0.617515
10.4667 -0.0093587 -0.0711481 0.628571 0.0545387 0.784277 -0.0130523 0.617871
10.5 -0.00923985 -0.0712513 0.631991 0.0539835 0.783373 -0.0116479 0.619094
10.5333 -0.00909376 -0.0715188 0.635529 0.0537192 0.782016 -0.0109815 0.620842
10.5667 -0.00919963 -0.0709959 0.639255 0.0540492 0.780129 -0.0109334 0.623183
10.6 -0.00926103 -0.0706725 0.642946 0.0542297 0.777877 -0.0110244 0.625976
10.6333 -0.0095647 -0.0705343 0.646033 0.0541521 0.775075 -0.011153 0.629446
10.6667 -0.00983294 -0.0709259 0.648984 0.053374 0.772092 -0.0110587 0.633169
10.7 -0.0105012 -0.0708965 0.652004 0.0529573 0.768425 -0.0116103 0.63764
10.7333 -0.01079 -0.0711738 0.654699 0.0527815 0.764066 -0.0120917 0.642861
10.7667 -0.0111576 -0.0707618 0.657395 0.0527794 0.759222 -0.0129157 0.648559
10.8 -0.0117133 -0.0705288 0.660324 0.0523828 0.75392 -0.0133408 0.654738
10.8333 -0.0119791 -0.071067 0.662966 0.0515897 0.748124 -0.0133914 0.661415
10.8667 -0.0126254 -0.0712479 0.665184 0.051563 0.741783 -0.0136131 0.668516
10.9 -0.013115 -0.0712137 0.668034 0.0512773 0.734921 -0.0141335 0.676064
10.9333 -0.0132918 -0.0721645 0.670037 0.0507744 0.727877 -0.0137433 0.683688
10.9667 -0.0136037 -0.0723583 0.672659 0.050393 0.721104 -0.0141098 0.690848
11 -0.0140789 -0.0724931 0.674699 0.0503303 0.714419 -0.0145273 0.697754
11.0333 -0.0146873 -0.0725673 0.677923 0.0501471 0.708169 -0.0147763 0.704105
11.0667 -0.0153347 -0.0725552 0.68036 0.0493734 0.701924 -0.0143012 0.710394
11.1 -0.0157849 -0.0729794 0.683112 0.0487035 0.695705 -0.0138629 0.716541
11.1333 -0.0165628 -0.0726831 0.68554 0.0491862 0.689165 -0.0143422 0.722791
11.1667 -0.017185 -0.0728061 0.688441 0.0498772 0.683196 -0.0142532 0.72839
11.2 -0.0173043 -0.0738327 0.690904 0.0504304 0.67655 -0.0140108 0.734535
11.2333 -0.0180197 -0.0744351 0.692977 0.0512252 0.669049 -0.0153216 0.741292
11.2667 -0.0185202 -0.0748248 0.694768 0.0528865 0.661705 -0.0170137 0.747703
11.3 -0.0191191 -0.0749305 0.696696 0.0546114 0.654726 -0.0187764 0.753657
11.3333 -0.019843 -0.0751878 0.697985 0.0552483 0.647967 -0.0198333 0.759403
11.3667 -0.0203571 -0.0753092 0.699062 0.0556126 0.640813 -0.0206945 0.7654
11.4 -0.0216266 -0.0748447 0.701886 0.0566929 0.63457 -0.0214171 0.770485
11.4333 -0.0216806 -0.0754923 0.703403 0.0567235 0.628278 -0.0210779 0.775632
11.4667 -0.0216396 -0.0761348 0.704586 0.0568755 0.621303 -0.0209702 0.781222
11.5 -0.0224018 -0.0760989 0.706186 0.0592878 0.614163 -0.0216489 0.786651
11.5333 -0.0230285 -0.0759592 0.707467 0.0607085 0.606879 -0.0227765 0.792145
11.5667 -0.0237185 -0.0753248 0.708868 0.0614696 0.600903 -0.0230209 0.796622
11.6 -0.0237279 -0.0763686 0.710847 0.0617064 0.595793 -0.0231082 0.800431
11.6333 -0.0239094 -0.0763492 0.712367 0.0633398 0.590754 -0.0241507 0.803999
11.6667 -0.0243362 -0.0759881 0.715243 0.0638023 0.582972 -0.0234783 0.809643
11.7 -0.0244391 -0.0762389 0.716362 0.0639951 0.579466 -0.0236708 0.812135
11.7333 -0.0246476 -0.0760188 0.717718 0.0642919 0.57728 -0.0243543 0.813647
11.7667 -0.0248401 -0.0757791 0.718855 0.0641947 0.575613 -0.0242988 0.814836
11.8 -0.0249074 -0.0757282 0.72016 0.0634827 0.573422 -0.024359 0.816433
11.8333 -0.0248161 -0.0755896 0.721924 0.06329 0.571241 -0.0240176 0.817986
11.8667 -0.0249245 -0.0752379 0.723226 0.0626094 0.568701 -0.0235372 0.819821
11.9 -0.0246644 -0.0755755 0.724759 0.0616992 0.566348 -0.0236136 0.821514
11.9333 -0.0248908 -0.075401 0.726512 0.0615171 0.564654 -0.0240545 0.82268
11.9667 -0.0248889 -0.0746629 0.728142 0.0614369 0.563552 -0.0235487 0.823456
12 -0.0249686 -0.0742181 0.730145 0.0606915 0.562698 -0.0229631 0.824112
12.0333 -0.0251295 -0.0746355 0.731865 0.0594157 0.561899 -0.0220159 0.824775
12.0667 -0.0248655 -0.0745453 0.733903 0.0589843 0.561082 -0.0212701 0.825382
12.1 -0.0246249 -0.0747525 0.736059 0.0586895 0.560363 -0.0216666 0.825881
12.1333 -0.0251199 -0.0744413 0.73799 0.0595711 0.560092 -0.0220261 0.825992
12.1667 -0.0250895 -0.0743766 0.740618 0.0594515 0.559923 -0.0217246 0.826123
12.2 -0.02524 -0.0743672 0.743022 0.0590115 0.559801 -0.0216206 0.82624
12.2333 -0.0251338 -0.0747829 0.744572 0.0589768 0.559958 -0.0215161 0.826139
12.2667 -0.0251101 -0.0749704 0.747333 0.0594023 0.561479 -0.0209915 0.825089
12.3 -0.0252542 -0.074969 0.749504 0.059487 0.563081 -0.019859 0.824019
12.3333 -0.0255331 -0.0750979 0.751409 0.0593483 0.564776 -0.0186784 0.822896
12.3667 -0.0252801 -0.0750334 0.753613 0.0584939 0.566888 -0.0181878 0.821514
12.4 -0.0256701 -0.0747109 0.755369 0.0573614 0.569833 -0.0172772 0.819574
12.4333 -0.0254952 -0.0746255 0.757844 0.055802 0.57391 -0.0161005 0.816856
12.4667 -0.0255808 -0.0744211 0.760013 0.0542876 0.57858 -0.0150842 0.813677
12.5 -0.0254322 -0.0741859 0.762107 0.0518569 0.583895 -0.0140629 0.81005
12.5333 -0.0248407 -0.0747303 0.764327 0.0488923 0.589731 -0.012899 0.806015
12.5667 -0.0243194 -0.0750328 0.768218 0.0447674 0.60188 -0.0121634 0.797238
12.6 -0.0234834 -0.0755773 0.770328 0.0421464 0.608542 -0.0124073 0.792305
12.6333 -0.0227902 -0.0756559 0.772155 0.0408301 0.614666 -0.0120895 0.787637
12.6667 -0.0220511 -0.0758044 0.773526 0.0397738 0.620599 -0.0117732 0.78303
12.7 -0.0214009 -0.0762103 0.774997 0.0385957 0.626589 -0.0118071 0.778304
12.7333 -0.0206198 -0.0763708 0.776491 0.0380264 0.63293 -0.0113829 0.77319
12.7667 -0.0197507 -0.0768133 0.777862 0.0374242 0.63944 -0.0111156 0.767849
12.8 -0.0191558 -0.0767661 0.778649 0.0379046 0.645954 -0.0112101 0.762353
12.8333 -0.0180982 -0.0764788 0.779888 0.0390229 0.652884 -0.0114721 0.756365
12.8667 -0.0171414 -0.0768548 0.780375 0.0398529 0.659758 -0.0123389 0.75032
12.9 -0.0159689 -0.0773546 0.781032 0.0411459 0.667967 -0.0135308 0.742929
12.9333 -0.0152639 -0.0779577 0.781171 0.0414464 0.6768 -0.0139355 0.734868
12.9667 -0.0143979 -0.077966 0.781657 0.0407499 0.685764 -0.0140962 0.726546
13 -0.0130194 -0.0789657 0.781873 0.039291 0.694072 -0.0142287 0.718691
13.0333 -0.0120517 -0.07907 0.782239 0.0393038 0.701759 -0.0157649 0.711155
13.0667 -0.0114116 -0.0790116 0.782418 0.038705 0.709527 -0.0160391 0.703432
13.1 -0.0108275 -0.0787707 0.782571 0.0377399 0.718111 -0.015958 0.694721
13.1333 -0.0100016 -0.0781925 0.782845 0.037355 0.727228 -0.0154199 0.685205
13.1667 -0.00922065 -0.0781153 0.782761 0.0368613 0.735553 -0.014264 0.676313
13.2 -0.0080367 -0.0780929 0.782869 0.0370209 0.743558 -0.0136111 0.667507
13.2333 -0.00711725 -0.0779791 0.782917 0.0376387 0.751715 -0.0122107 0.6583
13.2667 -0.00613776 -0.0774934 0.782864 0.0373697 0.759596 -0.0114337 0.64922
13.3 -0.00473047 -0.0779069 0.782036 0.0362383 0.766976 -0.0110138 0.640556
13.3333 -0.00324049 -0.078204 0.782745 0.0353728 0.774837 -0.01149 0.631066
13.3667 -0.00186332 -0.0785152 0.782608 0.0350517 0.782688 -0.0121182 0.621309
13.4 -0.000566629 -0.0781283 0.7824 0.0353257 0.790524 -0.0126846 0.611279
13.4333 0.000998494 -0.0784651 0.783179 0.0346456 0.797583 -0.0132607 0.602067
13.4667 0.00267274 -0.0785769 0.783142 0.0333397 0.80405 -0.0135339 0.593472
13.5 0.00420029 -0.0791936 0.783036 0.0308564 0.810909 -0.0134884 0.584203
13.5333 0.00609524 -0.0799036 0.783989 0.0284291 0.818616 -0.0132251 0.573485
13.5667 0.00751069 -0.0794762 0.784698 0.0266527 0.826429 -0.0130453 0.562258
13.6 0.0091965 -0.0796916 0.785395 0.0251361 0.834454 -0.0118063 0.550377
13.6333 0.0114189 -0.0805484 0.786851 0.0239136 0.842295 -0.0105673 0.538382
13.6667 0.0129464 -0.0814911 0.787733 0.0233893 0.849766 -0.0103252 0.52654
13.7 0.0143236 -0.0808086 0.788445 0.0233575 0.85775 -0.00976514 0.513443
13.7333 0.015498 -0.0810556 0.789924 0.0223498 0.865917 -0.00784497 0.499627
13.7667 0.0176866 -0.0815799 0.791626 0.0213496 0.873665 -0.00605326 0.486022
13.8 0.0191338 -0.0811361 0.792625 0.0210588 0.880861 -0.00506744 0.472879
13.8333 0.0201939 -0.0793798 0.794187 0.020744 0.88768 -0.00331152 0.459982
13.8667 0.0218285 -0.0791858 0.795739 0.0185452 0.893621 0.000216117 0.44844
13.9 0.0239544 -0.0794082 0.797033 0.0158607 0.898978 0.00257761 0.437698
13.9333 0.0246559 -0.0786141 0.796356 0.0135701 0.903749 0.00400013 0.427828
13.9667 0.0270175 -0.0793589 0.798373 0.0101929 0.909221 0.00626946 0.416142
14 0.0299196 -0.0802533 0.7987 0.00730943 0.914042 0.00651042 0.405501
14.0333 0.030186 -0.0786768 0.798441 0.00624112 0.918062 0.00485836 0.396357
14.0667 0.0328315 -0.0767167 0.798795 0.00274934 0.925446 0.00577088 0.378825
14.1 0.0352376 -0.0764076 0.798835 0.00112814 0.929009 0.00671679 0.369996
14.1333 0.0368237 -0.0753772 0.79831 -0.00033621 0.932022 0.00693671 0.362334
14.1667 0.0388794 -0.075491 0.797722 -0.00230307 0.935143 0.00803617 0.354173
14.2 0.0416661 -0.075716 0.797296 -0.00392941 0.93815 0.00772376 0.346121
14.2333 0.0433804 -0.0745341 0.796231 -0.00453016 0.940871 0.00673389 0.338669
14.2667 0.046278 -0.0739162 0.795166 -0.00601144 0.943632 0.00637694 0.330882
14.3 0.0492911 -0.0735883 0.794411 -0.00672237 0.946158 0.00590295 0.323583
14.3333 0.051809 -0.07245 0.792487 -0.00666659 0.948338 0.00499558 0.317154
14.3667 0.0548944 -0.071235 0.791667 -0.00680751 0.950701 0.0049205 0.309994
14.4 0.0583079 -0.0707287 0.789865 -0.00716714 0.952843 0.00585194 0.303323
14.4333 0.0616951 -0.0702342 0.788387 -0.00697079 0.954728 0.00635511 0.29733
14.4667 0.0646979 -0.0687724 0.78575 -0.00572579 0.956606 0.00647649 0.291255
14.5 0.0687262 -0.0684229 0.784326 -0.00429945 0.958637 0.00820683 0.284482
14.5333 0.0733689 -0.0697329 0.782052 -0.00297636 0.960339 0.00972968 0.278648
14.5667 0.079058 -0.0714076 0.7797 -0.00108474 0.96184 0.00887482 0.273467
14.6 0.0825482 -0.071615 0.776888 0.00129246 0.962776 0.00452235 0.27026
14.6333 0.0845656 -0.0696975 0.773846 0.0046357 0.963641 -0.000524201 0.267159
14.6667 0.0863623 -0.0670451 0.771433 0.00743662 0.964725 -0.00307362 0.263135
14.7 0.0887343 -0.0649829 0.769048 0.00827063 0.965948 -0.00209937 0.258596
14.7333 0.0927463 -0.065186 0.766419 0.00694254 0.967408 0.00129415 0.253126
14.7667 0.100136 -0.066358 0.761135 0.00609875 0.970086 0.00356659 0.242658
14.8 0.103336 -0.0657773 0.758468 0.0068634 0.971451 0.00265501 0.237125
14.8333 0.106029 -0.0650478 0.755823 0.00726997 0.972772 0.00170039 0.231644
14.8667 0.10898 -0.0651863 0.752789 0.0067291 0.97393 0.00172126 0.226742
14.9 0.111654 -0.0643517 0.750647 0.00621882 0.9751 0.000774551 0.221675
14.9333 0.113464 -0.063461 0.748463 0.00595989 0.976266 0.000791702 0.216491
14.9667 0.115777 -0.0629883 0.74584 0.00564848 0.977668 0.00107152 0.210079
15 0.117718 -0.0618298 0.74391 0.0061053 0.979056 0.00159214 0.203494
15.0333 0.120417 -0.0616447 0.742233 0.00530862 0.98034 0.00306771 0.19722
15.0667 0.123725 -0.0616273 0.740455 0.0042234 0.981555 0.00377299 0.191096
15.1 0.126066 -0.0604359 0.738677 0.00358769 0.982609 0.00367686 0.185618
15.1333 0.128743 -0.060516 0.736575 0.00287575 0.983546 0.00505295 0.180563
15.1667 0.13237 -0.0599652 0.735611 0.00245584 0.984434 0.00547271 0.175651
15.2 0.134182 -0.0589108 0.733287 0.00236178 0.985029 0.00598335 0.17227
15.2333 0.136788 -0.0582197 0.731512 0.00200036 0.985692 0.00738872 0.168383
15.2667 0.140463 -0.0583431 0.731122 0.00190827 0.986505 0.00945864 0.163444
15.3 0.144427 -0.0590117 0.729236 0.00234689 0.987311 0.0101065 0.158458
15.3333 0.146954 -0.0576159 0.728379 0.00502676 0.987998 0.00871941 0.154136
15.3667 0.151359 -0.0568876 0.728096 0.00764558 0.988867 0.00913964 0.148323
15.4 0.154335 -0.0567333 0.726689 0.00966596 0.989556 0.00944724 0.143512
15.4333 0.156815 -0.0562565 0.724633 0.0111851 0.99022 0.00875015 0.13879
15.4667 0.159655 -0.0565832 0.723091 0.0111637 0.990977 0.00860275 0.133289
15.5 0.16242 -0.054325 0.722708 0.0107687 0.99188 0.00917275 0.126391
15.5333 0.166693 -0.055229 0.722267 0.00892318 0.992915 0.0115901 0.117922
15.5667 0.169608 -0.054475 0.721606 0.00819017 0.993775 0.0123636 0.110416
15.6 0.172558 -0.052554 0.720902 0.00840927 0.994599 0.0135645 0.10256
15.6333 0.1748 -0.0519385 0.7205 0.0081451 0.99532 0.0160298 0.0949507
15.6667 0.178035 -0.0501249 0.720529 0.00783813 0.996136 0.0181608 0.0855624
15.7 0.181119 -0.0495862 0.720266 0.00671061 0.996824 0.021706 0.0763231
15.7333 0.184358 -0.0494847 0.719512 0.0053879 0.997358 0.0249836 0.0680057
15.7667 0.187703 -0.050574 0.718087 0.00461828 0.997799 0.0273584 0.0602237
15.8 0.189313 -0.0500303 0.715991 0.00468114 0.998125 0.0284717 0.0539831
15.8333 0.191908 -0.0492956 0.715439 0.00484413 0.998497 0.0296396 0.0458438
15.8667 0.194666 -0.0500038 0.714218 0.00470639 0.998776 0.0316814 0.0376824
15.9 0.197337 -0.0507204 0.71169 0.00410277 0.998953 0.0331776 0.0312267
15.9333 0.200936 -0.049978 0.712614 0.00365034 0.999177 0.0336136 0.0224218
15.9667 0.203062 -0.0485186 0.712268 0.00274681 0.999293 0.0338337 0.0161765
16 0.207405 -0.049217 0.713068 0.00121314 0.99932 0.0360647 0.00758028
16.0333 0.209842 -0.0495612 0.711124 -0.000102746 0.999263 0.0383475 0.00158346
16.0667 0.213037 -0.0507486 0.711146 -0.00106684 0.999222 0.0390518 -0.00539249
16.1 0.215415 -0.0495371 0.711146 -0.00082392 0.999165 0.0390122 -0.0121489
16.1333 0.216601 -0.0486122 0.70955 -0.000458781 0.999074 0.0398195 -0.0163077
16.1667 0.21919 -0.0492083 0.708162 -0.000247815 0.998939 0.0408008 -0.0213564
16.2 0.222198 -0.0503083 0.707422 0.000451906 0.998889 0.0392973 -0.0259942
16.2333 0.224096 -0.049464 0.706536 0.00165712 0.99889 0.0358858 -0.0304779
16.2667 0.224002 -0.0492193 0.704147 0.00263129 0.998844 0.0347618 -0.0331062
16.3 0.225495 -0.0488874 0.702937 0.00301967 0.99861 0.0346163 -0.0396403
16.3333 0.226644 -0.0484931 0.700262 0.00314594 0.998326 0.0343758 -0.046413
16.3667 0.228264 -0.0479188 0.699088 0.00294391 0.997967 0.0341851 -0.0537065
16.4 0.22838 -0.0480389 0.695459 0.0021342 0.997749 0.0341069 -0.0577021
16.4333 0.229238 -0.0481171 0.691936 0.000419873 0.997473 0.0331164 -0.0628482
16.4667 0.229397 -0.0458415 0.690202 -0.00188373 0.997172 0.0312342 -0.068331
16.5 0.229344 -0.0449415 0.68702 -0.00433285 0.996783 0.0318021 -0.073438
16.5333 0.229055 -0.044889 0.684924 -0.00661787 0.996521 0.0327523 -0.076354
16.5667 0.229816 -0.0442255 0.682613 -0.00797173 0.996168 0.0326032 -0.0807696
16.6 0.229834 -0.0436931 0.679518 -0.00848477 0.995872 0.0330853 -0.084094
16.6333 0.229831 -0.0432967 0.677612 -0.00838598 0.995456 0.0329755 -0.0889347
16.6667 0.230286 -0.0427255 0.674657 -0.00789095 0.994977 0.0327162 -0.0942778
16.7 0.230225 -0.0420426 0.671477 -0.0074176 0.994557 0.0322113 -0.0988116
16.7333 0.231016 -0.0414438 0.669636 -0.0073248 0.99403 0.0321737 -0.103997
16.7667 0.231927 -0.0419091 0.665942 -0.00746263 0.993506 0.0328923 -0.108666
16.8 0.231447 -0.0406017 0.662843 -0.00739976 0.993173 0.0322371 -0.11186
16.8333 0.230163 -0.0403863 0.659023 -0.00732852 0.992795 0.0333103 -0.114868
16.8667 0.230465 -0.0407643 0.656113 -0.00688489 0.992215 0.0342232 -0.119547
16.9 0.230245 -0.0409259 0.652864 -0.00610882 0.991752 0.0329064 -0.123726
16.9333 0.228229 -0.0399576 0.650114 -0.00507442 0.991478 0.0309184 -0.12645
16.9667 0.229294 -0.0395105 0.647263 -0.00406557 0.991038 0.0302238 -0.130054
17 0.230857 -0.0399152 0.642796 -0.00257816 0.990393 0.0305244 -0.134843
17.0333 0.231499 -0.0409706 0.639117 -0.000951508 0.989831 0.0299468 -0.139061
17.0667 0.230748 -0.0411929 0.635373 0.000124164 0.98934 0.0276239 -0.142979
17.1 0.231953 -0.040742 0.631844 0.000655873 0.988484 0.0255696 -0.149147
17.1333 0.232393 -0.0413539 0.62826 0.000715288 0.987709 0.02498 -0.154294
17.1667 0.233984 -0.0417962 0.624585 0.000710314 0.98684 0.0234366 -0.159991
17.2 0.234718 -0.0414433 0.620626 0.000103059 0.985998 0.0210491 -0.165424
17.2333 0.2339 -0.0406723 0.620975 -0.000322889 0.985374 0.019229 -0.169318
17.2667 0.237925 -0.0407294 0.614698 -0.000902649 0.984162 0.0189748 -0.17625
17.3 0.23516 -0.0417442 0.615737 -0.00140076 0.983592 0.0184443 -0.179458
17.3333 0.233082 -0.0420538 0.616033 -0.00257985 0.983054 0.0164689 -0.182556
17.3667 0.232549 -0.0414899 0.613822 -0.00410162 0.982331 0.0139157 -0.186591
17.4 0.23319 -0.0401534 0.611762 -0.00580684 0.981527 0.0125791 -0.190823
17.4333 0.229867 -0.0398555 0.613489 -0.00739692 0.981146 0.0130595 -0.192684
17.4667 0.234649 -0.0402183 0.60693 -0.00897128 0.97969 0.0142093 -0.199813
17.5 0.23468 -0.0399753 0.605388 -0.0100575 0.978789 0.0142096 -0.204132
17.5333 0.236931 -0.0386977 0.601407 -0.0109054 0.977614 0.0144973 -0.209625
17.5667 0.237323 -0.0389215 0.598651 -0.0112508 0.976521 0.0161008 -0.214524
17.6 0.237979 -0.0386225 0.597288 -0.0115611 0.97546 0.0163114 -0.219265
17.6333 0.241857 -0.0380793 0.590941 -0.0124282 0.973715 0.0168553 -0.226805
17.6667 0.240862 -0.0383026 0.590434 -0.0130573 0.97278 0.0178427 -0.230675
17.7 0.243066 -0.0380177 0.585889 -0.013793 0.971261 0.0183499 -0.236908
17.7333 0.243333 -0.0373492 0.583513 -0.0142965 0.970082 0.0188723 -0.241619
17.7667 0.242942 -0.0371242 0.581753 -0.014466 0.969286 0.0195881 -0.244726
17.8 0.245411 -0.0363913 0.577283 -0.014288 0.967741 0.0203665 -0.250716
17.8333 0.2472 -0.0370058 0.572786 -0.0140855 0.966379 0.0213874 -0.255843
17.8667 0.246347 -0.0367424 0.571604 -0.0141418 0.965412 0.0208437 -0.259508
17.9 0.248488 -0.0364769 0.566441 -0.0142718 0.963795 0.0210092 -0.265432
17.9333 0.248332 -0.0365525 0.563955 -0.0140542 0.962669 0.0213599 -0.269472
17.9667 0.247661 -0.0363559 0.561589 -0.0140816 0.961598 0.021492 -0.273257
18 0.248624 -0.0368641 0.557172 -0.01455 0.960228 0.0221144 -0.277958
18.0333 0.248802 -0.0371943 0.554487 -0.0150001 0.959093 0.0216625 -0.281862
18.0667 0.249232 -0.0365601 0.550643 -0.0155652 0.958032 0.0203798 -0.285512
18.1 0.249887 -0.0356815 0.548787 -0.0163659 0.956812 0.0205215 -0.28952
18.1333 0.250076 -0.0361362 0.545755 -0.0178513 0.955832 0.0221734 -0.292533
18.1667 0.250895 -0.0359381 0.54223 -0.019529 0.954824 0.0233618 -0.295606
18.2 0.25122 -0.0360801 0.540156 -0.0209649 0.953944 0.0253508 -0.298176
18.2333 0.251607 -0.0366842 0.536823 -0.0219542 0.953044 0.0267126 -0.300853
18.2667 0.250625 -0.0367504 0.535796 -0.022849 0.952322 0.0269721 -0.303039
18.3 0.251037 -0.0365809 0.533783 -0.0234636 0.951248 0.027439 -0.306308
18.3333 0.250827 -0.0372813 0.531797 -0.02332 0.950267 0.0278863 -0.309308
18.3667 0.250817 -0.0372038 0.529417 -0.0232424 0.949195 0.0271672 -0.31265
18.4 0.251647 -0.0375831 0.527064 -0.0233044 0.947829 0.0269152 -0.316786
18.4333 0.251267 -0.0375589 0.526186 -0.0230865 0.946653 0.0258273 -0.320388
18.4667 0.251369 -0.0371809 0.524131 -0.0227241 0.945219 0.0252818 -0.324661
18.5 0.251521 -0.0379003 0.521764 -0.0216991 0.943844 0.0256584 -0.328679
18.5333 0.251478 -0.0387685 0.519224 -0.0208161 0.942664 0.0245757 -0.332186
18.5667 0.25128 -0.037797 0.517977 -0.0205639 0.941701 0.0221537 -0.335091
18.6 0.25073 -0.0370146 0.51616 -0.0198248 0.940576 0.0218924 -0.338296
18.6333 0.250475 -0.0376712 0.514507 -0.0188877 0.93913 0.0228114 -0.342284
18.6667 0.25011 -0.0379306 0.513559 -0.0178325 0.937733 0.0221955 -0.346188
18.7 0.251051 -0.037596 0.511112 -0.0169752 0.935855 0.0215561 -0.351317
18.7333 0.250661 -0.0379998 0.510175 -0.0165708 0.934367 0.0213023 -0.355288
18.7667 0.250865 -0.0374842 0.507447 -0.0166827 0.932564 0.0201066 -0.360057
18.8 0.250886 -0.0368824 0.505734 -0.0168412 0.930848 0.0189962 -0.364523
18.8333 0.251835 -0.0359673 0.502273 -0.016787 0.928458 0.0187844 -0.370581
18.8667 0.251827 -0.0360083 0.500367 -0.0164678 0.92621 0.0196342 -0.376137
18.9 0.25249 -0.0359371 0.498409 -0.0165717 0.923931 0.0202579 -0.381662
18.9333 0.253129 -0.0352728 0.495728 -0.0167587 0.921664 0.0205118 -0.387085
18.9667 0.253516 -0.0345273 0.492729 -0.0165162 0.919543 0.0212973 -0.392063
19 0.253231 -0.0354292 0.489584 -0.0159868 0.917582 0.0224196 -0.396591
19.0333 0.252763 -0.0359089 0.487034 -0.0167659 0.91588 0.0217399 -0.400513
19.0667 0.252722 -0.0347869 0.484339 -0.0184257 0.914006 0.0204167 -0.404767
19.1 0.252556 -0.0346394 0.481499 -0.0196988 0.912074 0.0214936 -0.408988
19.1333 0.25166 -0.0347271 0.479533 -0.020938 0.910679 0.0216483 -0.412017
19.1667 0.251402 -0.0340047 0.476607 -0.0220463 0.909302 0.0209649 -0.415022
19.2 0.251119 -0.0327348 0.474556 -0.0230217 0.907925 0.0217208 -0.417937
19.2333 0.250494 -0.0330509 0.47167 -0.0231932 0.906351 0.0233668 -0.421241
19.2667 0.250133 -0.0329736 0.468865 -0.0237013 0.904756 0.0234482 -0.424623
19.3 0.249886 -0.0319868 0.466107 -0.0242576 0.903116 0.0235484 -0.428065
19.3333 0.24955 -0.0318921 0.4629 -0.0241011 0.901742 0.024441 -0.430911
19.3667 0.249049 -0.0318603 0.460189 -0.0237869 0.900776 0.0247739 -0.432924
19.4 0.248606 -0.0312942 0.456868 -0.0233129 0.89976 0.0243806 -0.435078
19.4333 0.248504 -0.0303927 0.454059 -0.0227505 0.89847 0.0247943 -0.437743
19.4667 0.247815 -0.0304156 0.450702 -0.0218618 0.896856 0.0263898 -0.440994
19.5 0.247473 -0.0301554 0.447332 -0.0212426 0.895114 0.0270763 -0.444506
19.5333 0.246985 -0.0289573 0.444297 -0.0205612 0.893359 0.0279084 -0.448005
19.5667 0.246615 -0.0288047 0.441288 -0.0188925 0.891234 0.0299717 -0.452157
19.6 0.245833 -0.0297578 0.432998 -0.0144303 0.886527 0.0323993 -0.461315
19.6333 0.245331 -0.0301632 0.430009 -0.012143 0.88461 0.0319075 -0.465081
19.6667 0.244493 -0.0306001 0.426532 -0.0103339 0.883187 0.0306545 -0.467904
19.7 0.24388 -0.0302196 0.423202 -0.00917413 0.881653 0.0287955 -0.470929
19.7333 0.243516 -0.0292233 0.419156 -0.00861762 0.879724 0.0283597 -0.474559
19.7667 0.24288 -0.0291825 0.415407 -0.00805949 0.877416 0.0292073 -0.478773
19.8 0.242308 -0.0293046 0.411894 -0.00789074 0.87514 0.0301757 -0.482864
19.8333 0.241603 -0.028858 0.409126 -0.00830558 0.87323 0.0312342 -0.486236
19.8667 0.24095 -0.0292267 0.405306 -0.00826989 0.871021 0.0326946 -0.490087
19.9 0.240094 -0.0297983 0.40216 -0.00818299 0.869025 0.0330078 -0.493598
19.9333 0.239425 -0.0299022 0.398113 -0.0079408 0.866803 0.0325297 -0.497526
19.9667 0.23845 -0.0304765 0.39515 -0.00753022 0.865018 0.0321475 -0.500653
20 0.237783 -0.0304834 0.391814 -0.00812887 0.863279 0.0309432 -0.503712
20.0333 0.236832 -0.0306016 0.388682 -0.00936222 0.861706 0.0304836 -0.506405
20.0667 0.23618 -0.0306294 0.384889 -0.0108942 0.859974 0.0303024 -0.50932
20.1 0.235096 -0.0306751 0.382223 -0.0122841 0.858443 0.0304099 -0.51186
20.1333 0.234122 -0.0307582 0.379837 -0.0136013 0.857032 0.0303907 -0.514187
20.1667 0.233243 -0.0303497 0.377207 -0.014672 0.855355 0.0299867 -0.516966
20.2 0.232409 -0.0298228 0.374865 -0.0150884 0.853855 0.029785 -0.519438
20.2333 0.231739 -0.0293808 0.370977 -0.0147516 0.852113 0.0300889 -0.522283
20.2667 0.230779 -0.02979 0.368454 -0.0144927 0.850825 0.0304273 -0.524368
20.3 0.230187 -0.0289095 0.365893 -0.0153023 0.849399 0.0295952 -0.526698
20.3333 0.229596 -0.0276358 0.36345 -0.0157063 0.847493 0.0298071 -0.529737
20.3667 0.22905 -0.0275718 0.359359 -0.0146916 0.845207 0.0311977 -0.533326
20.4 0.228002 -0.0278403 0.356712 -0.0132456 0.843322 0.0319339 -0.536295
20.4333 0.227379 -0.0272036 0.354469 -0.0119674 0.841808 0.0314053 -0.538729
20.4667 0.226712 -0.0264279 0.350682 -0.0101091 0.8402 0.0311678 -0.541286
20.5 0.226377 -0.0258629 0.348099 -0.0084369 0.83859 0.0314602 -0.543788
20.5333 0.225766 -0.0253005 0.344892 -0.00724129 0.836751 0.0321731 -0.546589
20.5667 0.225115 -0.0248005 0.341728 -0.00614688 0.834487 0.0335038 -0.549974
20.6 0.224682 -0.0243429 0.337806 -0.00493019 0.831783 0.0350163 -0.553973
20.6333 0.224158 -0.0244292 0.333189 -0.00354987 0.828662 0.0368524 -0.558524
20.6667 0.223296 -0.0245505 0.330519 -0.00217484 0.825515 0.0378579 -0.563105
20.7 0.22269 -0.0243688 0.327521 -0.0010019 0.822712 0.0379634 -0.567188
20.7333 0.22211 -0.0238477 0.324138 0.000112678 0.820004 0.0382395 -0.571078
20.7667 0.221327 -0.0240219 0.320926 0.00114536 0.816951 0.0392158 -0.575371
20.8 0.220321 -0.0243156 0.317715 0.00142486 0.814045 0.0396216 -0.579447
20.8333 0.21952 -0.023736 0.314595 0.0010095 0.811054 0.0395877 -0.583629
20.8667 0.218918 -0.0228887 0.311999 0.000702266 0.808003 0.0400003 -0.587819
20.9 0.217954 -0.0226826 0.309074 0.00153213 0.804138 0.0409047 -0.593032
20.9333 0.216752 -0.0234261 0.306152 0.00325239 0.800161 0.0411942 -0.59836
20.9667 0.215833 -0.0234446 0.304231 0.00421289 0.796531 0.0403741 -0.603233
21 0.214593 -0.0234931 0.301393 0.00537154 0.792386 0.0400001 -0.608683
21.0333 0.213419 -0.0237605 0.29874 0.00668031 0.78807 0.0391621 -0.614302
21.0667 0.21235 -0.0230746 0.297098 0.00745237 0.784401 0.0376996 -0.619063
21.1 0.211047 -0.023418 0.294016 0.00875975 0.780103 0.0370661 -0.624491
21.1333 0.209493 -0.024022 0.291577 0.00958285 0.776386 0.0360632 -0.629152
21.1667 0.208247 -0.0239927 0.289911 0.0095135 0.773177 0.0343625 -0.633188
21.2 0.207074 -0.0236487 0.287209 0.00915616 0.769273 0.0330549 -0.637999
21.2333 0.205673 -0.0237061 0.285132 0.00899024 0.765506 0.0325659 -0.642541
21.2667 0.204591 -0.0232017 0.28296 0.00770491 0.76178 0.0318781 -0.647005
21.3 0.20311 -0.0223601 0.281356 0.00668413 0.758143 0.0318798 -0.651274
21.3333 0.201768 -0.0221915 0.279564 0.00622412 0.754846 0.0324095 -0.655072
21.3667 0.200275 -0.0218176 0.277635 0.00586219 0.751833 0.0328575 -0.658509
21.4 0.198487 -0.0216402 0.27633 0.00583 0.749375 0.0334901 -0.661273
21.4333 0.197022 -0.0211743 0.274359 0.00610102 0.746591 0.0338359 -0.664394
21.4667 0.195385 -0.0208892 0.272743 0.00646787 0.744186 0.0339197 -0.667079
21.5 0.193949 -0.0199819 0.271003 0.00657255 0.741666 0.0335296 -0.669899
21.5333 0.191995 -0.0195476 0.269979 0.00710014 0.739688 0.0335354 -0.672076
21.5667 0.189717 -0.0196712 0.268343 0.00806739 0.737501 0.0334577 -0.674468
21.6 0.187697 -0.0192818 0.267108 0.00847217 0.735447 0.0322573 -0.676761
21.6333 0.185539 -0.0187325 0.265495 0.00877482 0.73335 0.0312315 -0.679077
21.6667 0.181298 -0.0162931 0.263248 0.0108015 0.728828 0.0316681 -0.683878
21.7 0.176096 -0.0166017 0.260323 0.0151157 0.723799 0.0332374 -0.689045
21.7333 0.173398 -0.0168909 0.258616 0.016909 0.720882 0.0332495 -0.692054
21.7667 0.170157 -0.0179105 0.257577 0.0183098 0.718432 0.0323847 -0.694601
21.8 0.167142 -0.0176069 0.256591 0.0177256 0.71602 0.0302137 -0.6972
21.8333 0.164235 -0.0170195 0.254881 0.0165315 0.712987 0.0296448 -0.700355
21.8667 0.160868 -0.017466 0.253701 0.0158933 0.709824 0.0309727 -0.703518
21.9 0.157848 -0.0169224 0.252476 0.0143316 0.706618 0.0319759 -0.706727
21.9333 0.154444 -0.0171024 0.251303 0.013394 0.703575 0.033389 -0.70971
21.9667 0.150954 -0.017909 0.250352 0.0124554 0.700576 0.034269 -0.712645
22 0.147629 -0.0184328 0.249341 0.0110253 0.697388 0.0340471 -0.7158
22.0333 0.144002 -0.0193733 0.248261 0.00996349 0.694563 0.0337387 -0.718571
22.0667 0.140395 -0.020435 0.247674 0.00840942 0.6921 0.0325802 -0.721017
22.1 0.13717 -0.0202657 0.246542 0.00608146 0.689499 0.0298194 -0.723647
22.1333 0.134102 -0.0194656 0.245267 0.00435988 0.686392 0.0278803 -0.726684
22.1667 0.131007 -0.0194998 0.244389 0.00417543 0.683351 0.0274378 -0.729562
22.2 0.127542 -0.0203866 0.243344 0.00449232 0.680636 0.0268215 -0.732117
22.2333 0.124445 -0.0211755 0.243024 0.0046271 0.678846 0.0250459 -0.733839
22.2667 0.121236 -0.02217 0.241991 0.0043438 0.676849 0.0221029 -0.735777
22.3 0.118043 -0.0224468 0.241143 0.00297627 0.674894 0.0181005 -0.737687
22.3333 0.115111 -0.0224038 0.240471 0.00183174 0.672854 0.0146151 -0.739628
22.3667 0.112176 -0.0225119 0.239346 0.00115241 0.670779 0.0126006 -0.74155
22.4 0.109335 -0.0232067 0.238335 0.000168068 0.668547 0.0119269 -0.743574
22.4333 0.106572 -0.0234094 0.237259 -0.0015078 0.665837 0.0114114 -0.746009
22.4667 0.103952 -0.023581 0.235929 -0.00254888 0.662471 0.0111412 -0.749
22.5 0.101336 -0.0242142 0.235139 -0.00300608 0.658994 0.0110944 -0.75206
22.5333 0.0985174 -0.0253155 0.23398 -0.00331661 0.655367 0.0103848 -0.755232
22.5667 0.0958772 -0.0266511 0.233818 -0.00419234 0.652829 0.00855756 -0.757445
22.6 0.0934703 -0.0268811 0.232797 -0.00578238 0.650095 0.00605716 -0.759807
22.6333 0.090767 -0.0275436 0.231657 -0.00725566 0.6474 0.00391888 -0.762105
22.6667 0.0883937 -0.0275012 0.230339 -0.00920098 0.644536 0.00251017 -0.764514
22.7 0.0860608 -0.0278912 0.229335 -0.0101976 0.641334 0.00227948 -0.76719
22.7333 0.0835141 -0.0288068 0.22797 -0.0108887 0.637775 0.00195083 -0.770143
22.7667 0.0810396 -0.0298651 0.226788 -0.0119873 0.634634 0.000876587 -0.77272
22.8 0.0786268 -0.029844 0.225527 -0.0136284 0.63166 -0.00110844 -0.775125
22.8333 0.0763119 -0.0301332 0.224013 -0.0148493 0.628721 -0.00233441 -0.777485
22.8667 0.0737436 -0.0314396 0.222566 -0.0150718 0.625557 -0.00296742 -0.780027
22.9 0.0712863 -0.032391 0.220891 -0.0163363 0.622055 -0.00488888 -0.782788
22.9333 0.068762 -0.0329186 0.219336 -0.0184977 0.618333 -0.00740354 -0.785664
22.9667 0.0661963 -0.0335038 0.217632 -0.0205613 0.613944 -0.00942247 -0.789025
23 0.0638027 -0.0338446 0.215721 -0.0228314 0.609329 -0.0107612 -0.792516
23.0333 0.0611332 -0.0351797 0.213871 -0.0245024 0.604624 -0.0119528 -0.796044
23.0667 0.0585471 -0.036245 0.21218 -0.0265471 0.599978 -0.0143359 -0.799447
23.1 0.0561001 -0.0363499 0.209955 -0.02849 0.595221 -0.0175376 -0.802866
23.1333 0.0539092 -0.0360775 0.207552 -0.0295012 0.590358 -0.0199152 -0.806356
23.1667 0.0518223 -0.0356559 0.20535 -0.0294895 0.58526 -0.0212222 -0.810031
23.2 0.0495352 -0.0364992 0.203279 -0.0278251 0.57964 -0.0217413 -0.814107
23.2333 0.047037 -0.0375886 0.201267 -0.0261054 0.573523 -0.0225251 -0.818464
23.2667 0.0443305 -0.0389475 0.199471 -0.0246785 0.567747 -0.0238613 -0.822487
23.3 0.0417006 -0.0400837 0.197563 -0.0243608 0.562548 -0.026055 -0.825995
23.3333 0.0391095 -0.0408209 0.195563 -0.0250313 0.557672 -0.0286372 -0.829189
23.3667 0.0367122 -0.0416802 0.193894 -0.0257526 0.552708 -0.0310828 -0.832397
23.4 0.0341854 -0.0421026 0.192061 -0.0265769 0.547282 -0.033341 -0.835861
23.4333 0.0321821 -0.0425385 0.190774 -0.026477 0.542172 -0.0350874 -0.839117
23.4667 0.0293948 -0.0442064 0.189357 -0.0261535 0.537252 -0.0369308 -0.842207
23.5 0.0270265 -0.0455169 0.188268 -0.0278186 0.533255 -0.0396029 -0.844569
23.5333 0.0247255 -0.0454967 0.186962 -0.0298699 0.529081 -0.0422744 -0.846991
23.5667 0.0224221 -0.046573 0.185905 -0.0307467 0.524607 -0.0436164 -0.84967
23.6 0.0199137 -0.0479449 0.185002 -0.0322715 0.519846 -0.0443103 -0.852499
23.6333 0.0180568 -0.0470358 0.184079 -0.0346238 0.514774 -0.0446173 -0.855463
23.6667 0.0161317 -0.0472999 0.183175 -0.033302 0.509703 -0.0439275 -0.858582
23.7 0.0134502 -0.0497198 0.182528 -0.0321708 0.506152 -0.0436401 -0.860739
23.7333 0.0111557 -0.0504723 0.181971 -0.034336 0.503397 -0.0443245 -0.862234
23.7667 0.00960236 -0.0494456 0.181726 -0.0354157 0.500751 -0.0435336 -0.86377
23.8 0.00709871 -0.0516665 0.181521 -0.0337002 0.497587 -0.0409329 -0.865792
23.8333 0.00452004 -0.053636 0.181465 -0.0352579 0.49485 -0.0405929 -0.867313
23.8667 0.00251487 -0.0542737 0.182161 -0.0383961 0.49317 -0.0417112 -0.868084
23.9 0.000709265 -0.0547034 0.183063 -0.0404797 0.491877 -0.0425456 -0.868682
23.9333 -0.00158273 -0.0562053 0.183917 -0.0420192 0.489876 -0.0428611 -0.869724
23.9667 -0.00388342 -0.0570799 0.184531 -0.0448831 0.487344 -0.0440376 -0.870943
24 -0.00605658 -0.0578633 0.185696 -0.0478368 0.485239 -0.0448366 -0.87192
24.0333 -0.0080521 -0.0581057 0.187129 -0.0500836 0.483035 -0.0452009 -0.872998
24.0667 -0.0103289 -0.0588328 0.188548 -0.0518192 0.480728 -0.0451065 -0.874175
24.1 -0.0126751 -0.0591988 0.190136 -0.0532775 0.478518 -0.0452008 -0.875294
24.1333 -0.0151249 -0.0598591 0.191684 -0.0538652 0.476158 -0.045163 -0.876546
24.1667 -0.0176178 -0.0606548 0.193449 -0.0549762 0.473987 -0.0459678 -0.877611
24.2 -0.0200134 -0.061059 0.195271 -0.0578657 0.472465 -0.0476445 -0.878156
24.2333 -0.0226325 -0.0616666 0.197103 -0.0608671 0.471153 -0.0492583 -0.878569
24.2667 -0.0252306 -0.0623228 0.199109 -0.0634428 0.469806 -0.0509057 -0.879014
24.3 -0.0278514 -0.0631763 0.201264 -0.0649153 0.468038 -0.051998 -0.879786
24.3333 -0.0303628 -0.0636097 0.203338 -0.0653213 0.465279 -0.0525892 -0.881183
24.3667 -0.0331272 -0.0643895 0.205272 -0.0652846 0.461739 -0.0529638 -0.883023
24.4 -0.0360126 -0.0654643 0.20728 -0.0661434 0.457472 -0.0535933 -0.885139
24.4333 -0.0387973 -0.0664275 0.209733 -0.0682954 0.453157 -0.0538938 -0.887175
24.4667 -0.041469 -0.0675032 0.212504 -0.0702787 0.449223 -0.0533944 -0.889049
24.5 -0.0440292 -0.0685273 0.215076 -0.072822 0.445199 -0.0525824 -0.890915
24.5333 -0.0466184 -0.0699461 0.217804 -0.0751925 0.440871 -0.0516299 -0.892924
24.5667 -0.048929 -0.0707759 0.220378 -0.0778905 0.436284 -0.0513185 -0.894961
24.6 -0.0513829 -0.0719675 0.223045 -0.0818552 0.431986 -0.0521523 -0.896642
24.6333 -0.0539103 -0.0728974 0.225623 -0.0866301 0.428171 -0.0545677 -0.897879
24.6667 -0.0559111 -0.0736495 0.228253 -0.0908974 0.425414 -0.0572411 -0.898601
24.7 -0.0580689 -0.0749237 0.230839 -0.0963539 0.42341 -0.0601989 -0.898786
24.7333 -0.0598214 -0.0760051 0.233561 -0.102529 0.42169 -0.0627259 -0.898738
24.7667 -0.0610797 -0.0764473 0.236087 -0.107131 0.420006 -0.0637384 -0.898919
24.8 -0.0625583 -0.0768899 0.23813 -0.110304 0.418157 -0.0634047 -0.899421
24.8333 -0.0640457 -0.0777758 0.240104 -0.113374 0.416647 -0.0623718 -0.899812
24.8667 -0.0654426 -0.078449 0.242048 -0.116743 0.415286 -0.0616894 -0.900057
24.9 -0.0669929 -0.0792102 0.243796 -0.12144 0.413975 -0.0619163 -0.900024
24.9333 -0.0683766 -0.0803449 0.245622 -0.127125 0.412762 -0.0625952 -0.899749
24.9667 -0.0696844 -0.0812063 0.247359 -0.132549 0.411296 -0.0632179 -0.899594
25 -0.0708683 -0.082086 0.248887 -0.137984 0.409696 -0.0639388 -0.899456
25.0333 -0.0719531 -0.0826369 0.250325 -0.14343 0.408343 -0.0646871 -0.899166
25.0667 -0.073029 -0.0833933 0.25162 -0.148051 0.407035 -0.0654893 -0.898952
25.1 -0.0740918 -0.0840071 0.252745 -0.152768 0.40591 -0.0665447 -0.898594
25.1333 -0.0751861 -0.0847038 0.253858 -0.157171 0.404899 -0.0681973 -0.898167
25.1667 -0.0763511 -0.0851138 0.254843 -0.161585 0.404135 -0.0704407 -0.897554
25.2 -0.0775484 -0.0860342 0.255982 -0.165617 0.403941 -0.0724875 -0.896743
25.2333 -0.0790164 -0.0868964 0.256896 -0.169391 0.403579 -0.0739672 -0.89608
25.2667 -0.0803865 -0.0874315 0.257993 -0.173346 0.403376 -0.0754368 -0.895293
25.3 -0.0819999 -0.0884475 0.259074 -0.178156 0.403176 -0.07788 -0.894228
25.3333 -0.0838766 -0.0897908 0.260031 -0.184003 0.403146 -0.0802938 -0.892843
25.3667 -0.085753 -0.0908407 0.260867 -0.189544 0.403109 -0.0822902 -0.891518
25.4 -0.0877512 -0.0919069 0.261599 -0.194416 0.403224 -0.0835538 -0.890299
25.4333 -0.0898795 -0.0930928 0.262312 -0.198785 0.40327 -0.0846033 -0.889213
25.4667 -0.0921796 -0.0942831 0.26301 -0.2028 0.403041 -0.0857128 -0.888304
25.5 -0.0944908 -0.0954446 0.263696 -0.20664 0.40266 -0.0866052 -0.887505
25.5333 -0.0968139 -0.0965052 0.264428 -0.210154 0.40198 -0.0876889 -0.886881
25.5667 -0.0992929 -0.0977126 0.265042 -0.213547 0.400997 -0.0886677 -0.886418
25.6 -0.101792 -0.0987487 0.26571 -0.216785 0.399729 -0.0900627 -0.886064
25.6333 -0.10428 -0.0999896 0.266377 -0.220067 0.398424 -0.0913329 -0.885713
25.6667 -0.106764 -0.101273 0.26706 -0.223604 0.397061 -0.0920539 -0.885364
25.7 -0.109267 -0.102419 0.267638 -0.22674 0.395386 -0.0925956 -0.88526
25.7333 -0.11174 -0.103198 0.268219 -0.229304 0.39355 -0.0934266 -0.88533
25.7667 -0.114187 -0.104125 0.268803 -0.231881 0.391717 -0.0943645 -0.885373
25.8 -0.11664 -0.104812 0.269443 -0.234276 0.389884 -0.0959714 -0.885378
25.8333 -0.119081 -0.105282 0.269972 -0.236176 0.388465 -0.0976983 -0.885309
25.8667 -0.121629 -0.105853 0.270454 -0.238819 0.387446 -0.0995646 -0.884838
25.9 -0.124153 -0.106815 0.270923 -0.24218 0.386471 -0.101675 -0.88411
25.9333 -0.126623 -0.107799 0.271325 -0.245571 0.385344 -0.102957 -0.883519
25.9667 -0.128912 -0.108498 0.271851 -0.248298 0.384007 -0.103847 -0.883234
26 -0.131254 -0.109218 0.27229 -0.250798 0.382131 -0.10495 -0.883211
26.0333 -0.133565 -0.109917 0.272619 -0.252956 0.379891 -0.105798 -0.883461
26.0667 -0.135707 -0.110331 0.272986 -0.254376 0.377505 -0.106212 -0.884026
26.1 -0.13787 -0.110839 0.27345 -0.255687 0.374898 -0.10652 -0.88472
26.1333 -0.139845 -0.111274 0.2739 -0.25783 0.372073 -0.106645 -0.885275
26.1667 -0.141727 -0.111456 0.274269 -0.259603 0.368939 -0.10632 -0.886107
26.2 -0.143598 -0.111759 0.274669 -0.261139 0.36562 -0.105541 -0.887124
26.2333 -0.145343 -0.112315 0.275037 -0.26271 0.362119 -0.104867 -0.888176
26.2667 -0.146874 -0.112543 0.275566 -0.264285 0.358388 -0.103879 -0.889337
26.3 -0.148422 -0.112619 0.275887 -0.264766 0.3542 -0.102814 -0.890994
26.3333 -0.149896 -0.112656 0.276377 -0.265482 0.349945 -0.102181 -0.892534
26.3667 -0.151323 -0.112684 0.276756 -0.266477 0.345684 -0.102283 -0.893885
26.4 -0.152575 -0.112603 0.277197 -0.267723 0.341779 -0.10228 -0.895014
26.4333 -0.153714 -0.112371 0.277597 -0.26851 0.337947 -0.101546 -0.896316
26.4667 -0.154683 -0.112011 0.277999 -0.2685 0.334317 -0.100075 -0.897844
26.5 -0.155593 -0.111744 0.278411 -0.267827 0.331014 -0.0979713 -0.8995
26.5333 -0.156523 -0.111393 0.278923 -0.267268 0.32802 -0.0954507 -0.901033
26.5667 -0.157256 -0.111097 0.279402 -0.265373 0.325093 -0.0928261 -0.902926
26.6 -0.158062 -0.110676 0.27977 -0.262829 0.321926 -0.0902432 -0.905064
26.6333 -0.158751 -0.110137 0.280206 -0.259952 0.318911 -0.0881132 -0.90717
26.6667 -0.159452 -0.109505 0.280683 -0.257194 0.316298 -0.0863255 -0.90904
26.7 -0.160045 -0.10901 0.281279 -0.254636 0.314264 -0.08403 -0.91068
26.7333 -0.160631 -0.108381 0.281829 -0.253158 0.312388 -0.0822685 -0.911898
26.7667 -0.160916 -0.10827 0.282586 -0.252726 0.310733 -0.0801792 -0.912768
26.8 -0.161162 -0.108062 0.283204 -0.252462 0.308593 -0.0776332 -0.913787
26.8333 -0.161456 -0.10756 0.283845 -0.251811 0.30592 -0.0751734 -0.91507
26.8667 -0.161819 -0.107152 0.284353 -0.250285 0.302972 -0.0726824 -0.916669
26.9 -0.162011 -0.106219 0.284943 -0.248565 0.300201 -0.070168 -0.918244
26.9333 -0.162305 -0.105511 0.285625 -0.246677 0.297496 -0.0681267 -0.919786
26.9667 -0.162368 -0.10432 0.286372 -0.244774 0.29533 -0.0664096 -0.921117
27 -0.162603 -0.103659 0.286978 -0.242091 0.293206 -0.0646097 -0.922631
27.0333 -0.162838 -0.102545 0.2876 -0.239602 0.291575 -0.0635706 -0.923869
27.0667 -0.163036 -0.101453 0.28829 -0.237553 0.29069 -0.0625011 -0.92475
27.1 -0.163113 -0.100658 0.289209 -0.235622 0.290238 -0.0613907 -0.92546
27.1333 -0.163201 -0.0998145 0.290052 -0.233575 0.289556 -0.0601565 -0.926273
27.1667 -0.163456 -0.0989744 0.29086 -0.230889 0.288436 -0.0593701 -0.927346
27.2 -0.163428 -0.0976949 0.291848 -0.227781 0.287608 -0.0584218 -0.928431
27.2333 -0.163706 -0.0966305 0.292714 -0.224277 0.286664 -0.0580166 -0.929601
27.2667 -0.163847 -0.0956109 0.293825 -0.221227 0.286328 -0.0577837 -0.930449
27.3 -0.163876 -0.0950762 0.295108 -0.218625 0.286371 -0.0571932 -0.931087
27.3333 -0.164007 -0.0943726 0.296377 -0.216307 0.286179 -0.0564724 -0.931732
27.3667 -0.163869 -0.0937616 0.298029 -0.214383 0.286198 -0.0549343 -0.932262
27.4 -0.163872 -0.0929715 0.299489 -0.212731 0.285411 -0.0520837 -0.933045
27.4333 -0.163937 -0.0923841 0.301018 -0.209677 0.283639 -0.0499723 -0.934391
27.4667 -0.164023 -0.0921412 0.302739 -0.206773 0.281795 -0.0484081 -0.935678
27.5 -0.164113 -0.0914616 0.304495 -0.205249 0.279972 -0.046229 -0.936671
27.5333 -0.164216 -0.0910259 0.306346 -0.203984 0.278043 -0.0442702 -0.937616
27.5667 -0.164374 -0.0900022 0.308096 -0.20296 0.27629 -0.041809 -0.938469
27.6 -0.164396 -0.0890242 0.309719 -0.199803 0.274327 -0.0387018 -0.939854
27.6333 -0.164581 -0.087982 0.311613 -0.19564 0.27188 -0.0359871 -0.941547
27.6667 -0.164808 -0.0869418 0.313334 -0.190827 0.269255 -0.0335972 -0.943376
27.7 -0.164644 -0.0855234 0.315328 -0.185837 0.267123 -0.0309913 -0.945066
27.7333 -0.164868 -0.0843363 0.317256 -0.18082 0.265087 -0.0289175 -0.946677
27.7667 -0.165092 -0.0833763 0.319272 -0.176809 0.263709 -0.0274384 -0.947862
27.8 -0.165254 -0.081814 0.321232 -0.173807 0.262991 -0.0258529 -0.948661
27.8333 -0.165723 -0.0810194 0.323054 -0.169737 0.261959 -0.0240327 -0.949731
27.8667 -0.165969 -0.0800055 0.324938 -0.165447 0.260582 -0.0220473 -0.950914
27.9 -0.166217 -0.0792448 0.326918 -0.16149 0.259169 -0.0196246 -0.952033
27.9333 -0.166221 -0.0778732 0.32872 -0.157248 0.257289 -0.0164467 -0.953313
27.9667 -0.166302 -0.0770181 0.330643 -0.152658 0.254262 -0.0132119 -0.95492
28 -0.166909 -0.0763831 0.332018 -0.148748 0.250588 -0.010388 -0.956542
28.0333 -0.16728 -0.0757814 0.333635 -0.145556 0.247557 -0.00893126 -0.957836
28.0667 -0.16765 -0.075178 0.335123 -0.143103 0.245283 -0.00795154 -0.958798
28.1 -0.167937 -0.0741496 0.336669 -0.140258 0.243635 -0.00675062 -0.959648
28.1333 -0.168217 -0.0726561 0.338071 -0.137119 0.241821 -0.00509566 -0.96057
28.1667 -0.16816 -0.0717744 0.339627 -0.13317 0.23969 -0.00290284 -0.961668
28.2 -0.168497 -0.0711044 0.340994 -0.129329 0.236842 -0.00101013 -0.962901
28.2333 -0.168706 -0.069765 0.342023 -0.126373 0.234162 7.17747e-05 -0.963949
28.2667 -0.168927 -0.0687374 0.343234 -0.123236 0.231769 0.00037326 -0.964933
28.3 -0.169105 -0.0671829 0.344283 -0.12068 0.229615 0.000513497 -0.965771
28.3333 -0.169374 -0.0659614 0.345375 -0.118028 0.22779 0.000165937 -0.966531
28.3667 -0.169644 -0.0651741 0.346517 -0.115753 0.226581 0.000127559 -0.96709
28.4 -0.169487 -0.0636542 0.347694 -0.113597 0.225723 0.000230305 -0.967546
28.4333 -0.169833 -0.0624684 0.3485 -0.110479 0.22385 0.000993175 -0.968341
28.4667 -0.169907 -0.0617139 0.349557 -0.107461 0.221841 0.00200204 -0.969141
28.5 -0.16988 -0.0607472 0.350559 -0.105542 0.219341 0.00327978 -0.969917
28.5333 -0.169974 -0.0599626 0.35138 -0.103767 0.216393 0.00446139 -0.970766
28.5667 -0.170305 -0.0596043 0.352248 -0.103025 0.21424 0.00490881 -0.97132
28.6 -0.170683 -0.0589814 0.352895 -0.103022 0.213109 0.00512819 -0.971568
28.6333 -0.170569 -0.0572226 0.353517 -0.102479 0.212519 0.00542046 -0.971753
28.6667 -0.170674 -0.055814 0.353965 -0.100557 0.211365 0.00572232 -0.972204
28.7 -0.170828 -0.0548395 0.354674 -0.0983572 0.210601 0.00606596 -0.972593
28.7333 -0.170801 -0.0537193 0.355237 -0.0963507 0.210137 0.00604149 -0.972894
28.7667 -0.17087 -0.051894 0.35557 -0.0942113 0.209242 0.00636897 -0.973294
28.8 -0.170779 -0.0507752 0.356156 -0.0915123 0.208178 0.00673983 -0.973777
28.8333 -0.171071 -0.0506568 0.356673 -0.0889168 0.206588 0.00670755 -0.974356
28.8667 -0.171446 -0.050168 0.356964 -0.0874147 0.205327 0.005881 -0.974764
28.9 -0.171401 -0.0494197 0.357424 -0.0862697 0.205348 0.00529619 -0.974865
28.9333 -0.17162 -0.0482369 0.357657 -0.0850286 0.205183 0.0057237 -0.975006
28.9667 -0.17139 -0.0473192 0.357986 -0.0831063 0.204791 0.00607943 -0.975252
29 -0.171677 -0.0465355 0.358122 -0.0809961 0.203501 0.00637119 -0.975698
29.0333 -0.1719 -0.0461075 0.358345 -0.0790704 0.202596 0.00643294 -0.976044
29.0667 -0.172273 -0.045146 0.358495 -0.0774797 0.202033 0.00673674 -0.976286
29.1 -0.172408 -0.0445233 0.358889 -0.0755965 0.201736 0.006928 -0.976494
29.1333 -0.172526 -0.044156 0.35927 -0.0736811 0.201554 0.00739867 -0.976674
29.1667 -0.17294 -0.0442028 0.359725 -0.0721845 0.201409 0.00796948 -0.976811
29.2 -0.173181 -0.0439497 0.360103 -0.0714505 0.201678 0.00842915 -0.976806
29.2333 -0.173424 -0.0438993 0.360552 -0.0707888 0.201857 0.00849634 -0.976817
29.2667 -0.173745 -0.0439128 0.360879 -0.0707055 0.201822 0.00826482 -0.976832
29.3 -0.173962 -0.0436386 0.361253 -0.0707394 0.201688 0.00820916 -0.976858
29.3333 -0.174152 -0.0439063 0.361622 -0.070541 0.201578 0.00787734 -0.976897
29.3667 -0.17445 -0.0439026 0.362045 -0.0712448 0.201604 0.00746546 -0.976844
29.4 -0.174302 -0.0427325 0.362209 -0.0712069 0.201607 0.00692901 -0.97685
