# Format: timestamp tx ty tz qx qy qz qw
# Where translations and quaternions are defined in world coordinates (=> inverse of pose)
2.6 1.25679 1.28552 1.43839 0.00299865927133 -0.991921175153 -0.0116920816428 0.126280186701
2.63333 1.26194784489 1.28271342198 1.44048315778 0.00282979443665 -0.991516106764 -0.0108573999831 0.12949872261
2.66667 1.26595506354 1.27989899632 1.44400785321 0.00247888429318 -0.991157079725 -0.00919222982512 0.132351809031
2.7 1.27680901533 1.28060868074 1.4410354111 0.00201705810029 -0.990590318545 -0.00704552293596 0.136664234121
2.73333 1.28677545534 1.28011141596 1.44105140496 0.00109214035112 -0.989949029238 -0.00709662101643 0.141242219999
2.76667 1.29496657738 1.27796282089 1.44314122161 -0.000264179235238 -0.989342438684 -0.00754143381183 0.145411815214
2.8 1.30733823556 1.27924641653 1.44325547619 -0.00107900752785 -0.988622169922 -0.00723775466837 0.150241990763
2.83333 1.32079412793 1.27737908601 1.44277824598 -0.00180092775225 -0.987715212198 -0.00842556373584 0.156027004482
2.86667 1.33555811465 1.27581527082 1.43799355267 -0.00300407749195 -0.986657408807 -0.0088033852522 0.162544251122
2.9 1.34640345121 1.27966042252 1.43842364283 -0.00513833601689 -0.986011773207 -0.00865799115044 0.166371331031
2.93333 1.35848840118 1.28057284095 1.43814734186 -0.00735369960099 -0.985366820986 -0.00927704350438 0.170035548243
2.96667 1.36890990381 1.27660756519 1.43712602901 -0.00935153082144 -0.984755437809 -0.0100916614172 0.173399639407
3.0 1.37555205523 1.27960656577 1.43867691222 -0.0111839272355 -0.98430630728 -0.00975239341298 0.175843407731
3.03333 1.39098180721 1.28028040728 1.43501658336 -0.0126003758884 -0.983517489907 -0.0108440849305 0.180047169918
3.06667 1.4043538747 1.28111935627 1.431551879 -0.0137351203745 -0.982691233649 -0.0119169246252 0.184356374137
3.1 1.41004814509 1.28014473128 1.43335686232 -0.0143674467649 -0.98233161751 -0.0119424254638 0.186213716432
3.13333 1.41784035969 1.28102061452 1.43313326769 -0.0148456431418 -0.981832187082 -0.0123299725206 0.188767409973
3.16667 1.43169165355 1.28128284796 1.42680502317 -0.0154530794792 -0.981117040314 -0.0132025789267 0.192344086077
3.2 1.44096114424 1.28124310986 1.42726962984 -0.0158901744277 -0.980520576106 -0.0131444511089 0.195330810663
3.23333 1.44591062242 1.28417700184 1.42550897753 -0.0159819521823 -0.980178898777 -0.0130684112538 0.197035834872
3.26667 1.46133208262 1.28361186845 1.42025542189 -0.016413665714 -0.979305388789 -0.0146094624502 0.201191726154
3.3 1.46614518578 1.28358865316 1.41776074468 -0.0168071923257 -0.978933284444 -0.0156263032686 0.202886573089
3.33333 1.47421379102 1.28297000011 1.41370710057 -0.0168273104399 -0.978411673873 -0.015653157443 0.205383584337
3.36667 1.4825576827 1.28521979795 1.40757431406 -0.016572891088 -0.977810617025 -0.0154007318816 0.208265585185
3.4 1.48596243946 1.28763979528 1.40606112393 -0.016044559253 -0.97756753508 -0.0157099773202 0.209421782744
3.43333 1.49672333798 1.28797640704 1.39915472432 -0.015817706168 -0.97680518882 -0.0162319202525 0.212927095575
3.46667 1.50934611383 1.28993758998 1.38602002417 -0.0161704696592 -0.975822741206 -0.016204001177 0.217361275305
3.5 1.51184546919 1.28870734246 1.3837352958 -0.0170218861503 -0.975325073014 -0.0172914942002 0.219436235774
3.53333 1.51798488517 1.28890101977 1.37905097638 -0.0180212881276 -0.974679052743 -0.0170868199284 0.222225151372
3.56667 1.51809500428 1.29286322791 1.38281045866 -0.0186193431994 -0.974501222969 -0.0161383662079 0.223025199532
3.6 1.52819970848 1.29315084853 1.37356073918 -0.0184955979513 -0.973706389647 -0.0171703953434 0.226404410604
3.63333 1.53005462951 1.29351535499 1.37289249128 -0.0190013737557 -0.973178100316 -0.018221523206 0.228541700688
3.66667 1.53870424213 1.2945474145 1.36392769407 -0.0199539739572 -0.972106562161 -0.0187680857339 0.232934389226
3.7 1.54514041666 1.29657278827 1.35726684776 -0.0208401774271 -0.971182161554 -0.0195355834192 0.236620491642
3.73333 1.55270543783 1.29482225352 1.34910886035 -0.0217425505836 -0.970062320808 -0.0212872188523 0.240942336578
3.76667 1.55659369071 1.29564042509 1.34513143311 -0.0227149409572 -0.96916330351 -0.0221789794719 0.244365741167
3.8 1.56769650977 1.29610040609 1.33200942085 -0.0241049204498 -0.967716588858 -0.0230939541525 0.24982038696
3.83333 1.56822466918 1.29660935813 1.33080496642 -0.0253301798109 -0.967023377795 -0.0245229422853 0.252235592435
3.86667 1.57844410337 1.29394553739 1.31871164844 -0.0266927536126 -0.96559647636 -0.0261199028694 0.257349358695
3.9 1.58642802974 1.29194241665 1.30812925264 -0.0276747754964 -0.964573926156 -0.0259907106368 0.26106652551
3.93333 1.5912138799 1.29234722104 1.30372349408 -0.0277170325529 -0.963669590354 -0.0250025127036 0.26447601232
3.96667 1.59762810384 1.29251903137 1.29629240453 -0.0272760406486 -0.962601353807 -0.0254772943575 0.268338515178
4.0 1.60513495419 1.28981037597 1.28734867582 -0.0269983468712 -0.961428652524 -0.0264249909729 0.272447710991
4.03333 1.6135527245 1.29070882213 1.27001462101 -0.0264133068517 -0.960207897317 -0.0266783461813 0.276751507666
4.06667 1.6147316567 1.28931388279 1.26937821212 -0.026027967644 -0.959580182474 -0.0282279561246 0.278803875145
4.1 1.62089568851 1.28539877208 1.26246154839 -0.0263712962747 -0.958638701667 -0.0285762175837 0.281957078626
4.13333 1.62973841696 1.28451290503 1.24674177945 -0.0266975046715 -0.957289703873 -0.0268688126358 0.286638680241
4.16667 1.63308269222 1.28542773742 1.2421373112 -0.0272381454172 -0.956296324453 -0.0257265671858 0.289988908429
4.2 1.63922560563 1.28303565995 1.23378146467 -0.0276510138025 -0.955184451536 -0.0255221209682 0.293609785805
4.23333 1.64773371777 1.28343705955 1.21822745432 -0.0274891182698 -0.953635075819 -0.0249269648518 0.298668942089
4.26667 1.65447452129 1.28179766166 1.21056074249 -0.0271848069305 -0.952357629356 -0.0253834821814 0.302707137201
4.3 1.65845586978 1.28237818667 1.20428509661 -0.0273583980284 -0.951261110565 -0.0256597907161 0.306097031552
4.33333 1.66611174181 1.28496995723 1.18725365222 -0.0281318807274 -0.949664727168 -0.0254398711925 0.310963528751
4.36667 1.67004591953 1.28218946223 1.18162719895 -0.0292811006139 -0.948397170298 -0.0263058299045 0.314632210414
4.4 1.67015541972 1.28233029664 1.18404733008 -0.0302116122292 -0.947367279787 -0.026404779823 0.317624437471
4.43333 1.67960082882 1.28235401449 1.16504421211 -0.0309972815799 -0.945214178423 -0.0267672650628 0.323871639641
4.46667 1.68865482664 1.28100152409 1.14871535115 -0.0321482155035 -0.942702728207 -0.027136726609 0.330970778981
4.5 1.69230017518 1.28026158018 1.14441838137 -0.0331972967214 -0.940958455822 -0.0265177493788 0.335845102504
4.53333 1.69888215101 1.28040665136 1.13228184255 -0.0345063250774 -0.939041549674 -0.025657895764 0.34110402211
4.56667 1.70403094408 1.27963765953 1.12309224465 -0.0360354583189 -0.937610643057 -0.0252273820487 0.344893181965
4.6 1.70987493588 1.28052601712 1.11806386298 -0.0374209478185 -0.935923822753 -0.0244529183508 0.349354154766
4.63333 1.71580538545 1.28160419346 1.11207827115 -0.0387606267563 -0.933926836491 -0.0246218439754 0.354502528475
4.66667 1.7242460953 1.28190518311 1.09879698837 -0.0404814251981 -0.931374926809 -0.0260396708231 0.36086553655
4.7 1.72958160576 1.28058230866 1.09279798459 -0.0417852381461 -0.929287102189 -0.027492105641 0.365955816604
4.73333 1.73910522175 1.28135307538 1.07746789473 -0.0430771092082 -0.926679766851 -0.0280788979528 0.37231780492
4.76667 1.74417141929 1.27866507114 1.06675407908 -0.0448693319181 -0.924642698083 -0.0292545804731 0.377050120615
4.8 1.75012824802 1.27757875898 1.05961750942 -0.0462517187534 -0.922760494098 -0.0287252778841 0.381508463149
4.83333 1.75450841139 1.27867939647 1.05341888653 -0.0471047062624 -0.921139489727 -0.0274880893875 0.38539277634
4.86667 1.76065161755 1.27906364927 1.0436982517 -0.047595073 -0.919181525655 -0.026802420632 0.390027771023
4.9 1.7712224656 1.27875711297 1.02163572938 -0.0476776355491 -0.916002022837 -0.0265874760547 0.397442125778
4.93333 1.77232073258 1.27990656654 1.01868200574 -0.0478150213651 -0.914371359964 -0.0271203059385 0.401127447097
4.96667 1.77620436784 1.27861507259 1.00791202466 -0.0480742834349 -0.912208047533 -0.0277332525611 0.405950992104
5.0 1.77924379513 1.27924868421 0.99945377364 -0.0482965055451 -0.910467899899 -0.0279906430117 0.409795283903
5.03333 1.78307498883 1.2796918084 0.9895123564 -0.0485209080985 -0.9087342826 -0.0286983336738 0.413550638675
5.06667 1.78649920199 1.27849709406 0.977737164146 -0.0488767045949 -0.906751659137 -0.0292509597839 0.41780004518
5.1 1.78976765122 1.27871891805 0.969244060289 -0.0493692604556 -0.904891596614 -0.0292466943532 0.421756452669
5.13333 1.79387926819 1.28053024263 0.95800991698 -0.0505053123505 -0.90297215841 -0.0295923490008 0.425693302086
5.16667 1.79518150104 1.27965311894 0.950209343434 -0.0521952927676 -0.901229715131 -0.0305709509294 0.429099136491
5.2 1.80009166569 1.27913491964 0.934490379564 -0.0544741115928 -0.89878852124 -0.031330658131 0.433854993189
5.23333 1.80147768207 1.2787597757 0.92441102475 -0.0565517729194 -0.89649306917 -0.0314812773014 0.438304692068
5.26667 1.80396930055 1.27812737481 0.908059374476 -0.058303215545 -0.893985013834 -0.031301926442 0.443183618264
5.3 1.80542236275 1.27913599554 0.899048451842 -0.0595715208722 -0.891799639883 -0.0309721001514 0.447420792116
5.33333 1.80661017286 1.27685573841 0.883697009505 -0.0609697741819 -0.88913517654 -0.0312294617331 0.452488723832
5.36667 1.80550260361 1.27555774063 0.873017583192 -0.0611805301697 -0.88673169316 -0.0307857506303 0.457182769396
5.4 1.80602056434 1.27804932514 0.862327490482 -0.0610158843226 -0.88413303437 -0.0300765290802 0.462256683883
5.43333 1.80705417278 1.2766634286 0.849669424192 -0.061139048336 -0.881319067195 -0.0305708388985 0.467551218987
5.46667 1.8071827717 1.27574547135 0.837226899568 -0.0606149221912 -0.878857894038 -0.0304883509444 0.472234151403
5.5 1.80775741039 1.27512245958 0.819868678612 -0.0597890948041 -0.87624942054 -0.0300578594456 0.477188371852
5.53333 1.80682481748 1.27484815819 0.808554404451 -0.0583890099121 -0.874257404955 -0.0296965486961 0.481022690108
5.56667 1.80587067961 1.2724817164 0.797505403663 -0.0571344807678 -0.872635343549 -0.0296165311088 0.484113694685
5.6 1.80551997303 1.27282916433 0.785215979548 -0.0559361613961 -0.871067760976 -0.0282520747773 0.487148767737
5.63333 1.80545701504 1.27507466655 0.76998030535 -0.0552588945984 -0.869324467017 -0.02786260195 0.490352017459
5.66667 1.80687843167 1.27281612702 0.753475419193 -0.0558570672947 -0.866924649545 -0.0293425687116 0.494429624623
5.7 1.80541755468 1.26966376742 0.744903239774 -0.0565187162824 -0.865222694405 -0.0299889277565 0.497288636517
5.73333 1.80459867304 1.26896702025 0.731846051769 -0.0566597523641 -0.863604908523 -0.0293238871528 0.500116330546
5.76667 1.80456921839 1.26737506108 0.718879978251 -0.0567085109821 -0.862091818513 -0.0288349341836 0.5027428645
5.8 1.80554541101 1.26589010394 0.706646291851 -0.0567234448911 -0.86086646442 -0.028135630143 0.504875992252
5.83333 1.80463234556 1.26459271857 0.694659852478 -0.0566693395066 -0.860061016491 -0.0273121377714 0.506298015997
5.86667 1.80574138768 1.26415890283 0.679963734849 -0.0562132692415 -0.859615843688 -0.0267818986393 0.507132526612
5.9 1.80432061085 1.26593146097 0.673229420181 -0.0550097349001 -0.859737799173 -0.027049443197 0.507043561602
5.93333 1.80289839673 1.26687891589 0.666092938558 -0.0545865412255 -0.859260273188 -0.0293863611051 0.507768189452
5.96667 1.80300712625 1.26449451415 0.651464777067 -0.0550170373277 -0.857851712476 -0.0317891991372 0.50995393108
6.0 1.80195126839 1.26183921995 0.638565719657 -0.0550618312901 -0.856510076824 -0.0328596731859 0.51213174566
6.03333 1.79989937553 1.26127928427 0.627259506651 -0.0545961674977 -0.855164796994 -0.0330511939755 0.514412331747
6.06667 1.79979408713 1.26130951494 0.613415219363 -0.0542429259023 -0.853260155314 -0.0331965228698 0.517593279721
6.1 1.80172222557 1.26201345462 0.59744496023 -0.0537853451259 -0.85149725022 -0.0336039105473 0.520509698962
6.13333 1.79910748709 1.26166836833 0.586396347035 -0.0536961296908 -0.850157933846 -0.0344292004394 0.522649828596
6.16667 1.79761991672 1.26160848976 0.571695729518 -0.0538744635245 -0.84807377431 -0.0353922428979 0.525942776973
6.2 1.79738107332 1.26120630372 0.553017740361 -0.0542635472027 -0.845382564136 -0.0362802076856 0.530158027601
6.23333 1.79480903089 1.26232423278 0.543809629953 -0.0548205752894 -0.842766382166 -0.037608029509 0.534158371395
6.26667 1.79153618666 1.25787613681 0.528845803363 -0.0559019589257 -0.839642974686 -0.0388981862873 0.538852092092
6.3 1.78785935618 1.25410643506 0.513188745421 -0.0557761493414 -0.836539139569 -0.0383916472738 0.543707063182
6.33333 1.78581326325 1.25565860918 0.498446525374 -0.0550201318175 -0.833794238165 -0.0370181227647 0.548078107649
6.36667 1.78400171185 1.253302616 0.482979314118 -0.0553521858764 -0.830662965764 -0.0373623110405 0.552756031664
6.4 1.78072353111 1.2470067207 0.467424167931 -0.0559019298937 -0.827579366146 -0.036770370217 0.55734666666
6.43333 1.7803274742 1.24767519256 0.448584035174 -0.0546152301535 -0.824299708664 -0.0332539452494 0.562531192075
6.46667 1.78030610667 1.25074530705 0.4332836031 -0.0536254039432 -0.821115643948 -0.0316360815796 0.567355773443
6.5 1.77860411582 1.25079308967 0.419877479387 -0.0544883651755 -0.817747215305 -0.0334066366786 0.572017925023
6.53333 1.77676310489 1.2476045928 0.402905646384 -0.0560128112785 -0.814256822285 -0.0357619508262 0.576688369232
6.56667 1.77489274123 1.24364715854 0.390843703018 -0.0573790153366 -0.810941012423 -0.0368033006904 0.581143562321
6.6 1.77292245086 1.24064650678 0.374311372557 -0.0584233589059 -0.807150939086 -0.0362567085961 0.586327147374
6.63333 1.77058804226 1.23915292265 0.359125300961 -0.0589870999353 -0.803945341976 -0.0342621310725 0.590777890185
6.66667 1.77127804077 1.24117585696 0.344629532597 -0.0593938063241 -0.800712449508 -0.0325116536066 0.595209997692
6.7 1.77040557198 1.24142368362 0.326109657168 -0.0604861244656 -0.796917481925 -0.0323372997931 0.600181851435
6.73333 1.76663633285 1.24050417699 0.316805737498 -0.0616742780429 -0.794071947409 -0.0325180430971 0.603811727809
6.76667 1.76355607346 1.23748064687 0.299408633684 -0.0626748978746 -0.790625516569 -0.0325735532458 0.608212227233
6.8 1.76101761583 1.23838606197 0.287205614225 -0.0631666901555 -0.787885960258 -0.0315605082434 0.611759443902
6.83333 1.75814861063 1.23982970652 0.275216950299 -0.0637015436441 -0.785742837155 -0.0312286948959 0.614471379164
6.86667 1.75491764099 1.24011776116 0.26150952689 -0.0642432589476 -0.783609139174 -0.032179166574 0.617085101037
6.9 1.74995737704 1.23758154731 0.248036726012 -0.0647965052833 -0.781593876245 -0.0335020418252 0.619507900445
6.93333 1.74524854171 1.23483052168 0.236521638222 -0.0643694129556 -0.78013734907 -0.0335994077983 0.621380217788
6.96667 1.74109077562 1.23345089947 0.223114396536 -0.0633689813739 -0.778044047646 -0.0331269737502 0.624126938797
7.0 1.73505353363 1.23286327886 0.212305869667 -0.0617057037252 -0.775881411611 -0.0320397286444 0.627035802034
7.03333 1.72979628003 1.23370297146 0.198885222483 -0.0601684103502 -0.77302814307 -0.0311409213116 0.630743605151
7.06667 1.72236884228 1.23147424449 0.1871680714 -0.0597414163624 -0.77070921277 -0.031615049023 0.633591951652
7.1 1.71557201415 1.22774803563 0.17244830055 -0.0586031850155 -0.767892128325 -0.0306044642345 0.637158310572
7.13333 1.70847776758 1.22754280165 0.160961921212 -0.0563092050739 -0.766042245365 -0.0280726515368 0.639703429704
7.16667 1.70057108258 1.22717562853 0.150912423839 -0.0550300469781 -0.764316396001 -0.0260517796167 0.641960626138
7.2 1.69123644888 1.22357144514 0.139718665289 -0.0546434769721 -0.76271659592 -0.0247434633708 0.643945064235
7.23333 1.6819039696 1.22023813503 0.123066306643 -0.0528702438467 -0.760708256758 -0.0218745123571 0.646567236353
7.26667 1.67321967405 1.21943472283 0.114728192381 -0.0507861981346 -0.759497985996 -0.0192041065898 0.648239750122
7.3 1.66329494554 1.21784643987 0.104058904107 -0.0496356467532 -0.757570659512 -0.0175273106332 0.650627229526
7.33333 1.65250759522 1.21205134323 0.0926295530611 -0.0484995389281 -0.755163337916 -0.0158709254238 0.653547428667
7.36667 1.64318727861 1.211909465 0.0806154376229 -0.0463774325329 -0.752387578747 -0.01287256447 0.656959939558
7.4 1.63341729421 1.20957186801 0.0664356721726 -0.0450231384554 -0.749770084358 -0.0111143152512 0.660071367052
7.43333 1.62243782747 1.20678023663 0.0570778024966 -0.0439437113821 -0.747676656936 -0.00951325545138 0.662539104411
7.46667 1.61190943443 1.2033805543 0.0472897122959 -0.0426679482869 -0.745065010695 -0.00789220009342 0.66557891283
7.5 1.60062398426 1.19971908755 0.0397611757266 -0.0416179906907 -0.742721835466 -0.00600578089227 0.668278496264
7.53333 1.59052793009 1.19668588459 0.0282321678391 -0.0411790866153 -0.740100421427 -0.00342438211665 0.671225686812
7.56667 1.57857118264 1.19150750388 0.019961821558 -0.040632871203 -0.738648737967 -0.000470445985697 0.672864615178
7.6 1.56680484481 1.1859563489 0.00781670381724 -0.0391238434859 -0.737381227777 0.00322785484531 0.674335102709
7.63333 1.55608660293 1.18249056675 -0.000930497475049 -0.0366586879226 -0.736672358452 0.00726305573188 0.675216428202
7.66667 1.54479867403 1.17817534218 -0.00672379327041 -0.0336502681658 -0.736187792262 0.0108135676807 0.675853727319
7.7 1.5361678138 1.17688063251 -0.0134915535634 -0.0294470950074 -0.735451420287 0.0137352702736 0.676797916179
7.73333 1.52627619596 1.17327843745 -0.021762719921 -0.0256178351955 -0.734544015135 0.0149184748434 0.67791316218
7.76667 1.51625034922 1.16954077609 -0.027989719204 -0.0219593558222 -0.733818513194 0.015904367862 0.678804263001
7.8 1.50657423989 1.16682493797 -0.0344741788452 -0.0186499206333 -0.732665355369 0.0170029637262 0.68012098683
7.83333 1.49637749896 1.16350068148 -0.0417277629892 -0.01575945976 -0.731386593173 0.0184235715633 0.681531996876
7.86667 1.48740894528 1.16143386221 -0.0496460561521 -0.0130148859859 -0.730272863938 0.0198591554964 0.682742829242
7.9 1.4770960212 1.15661006044 -0.0561060687635 -0.0110689353415 -0.729417372651 0.0207322235892 0.683665086172
7.93333 1.46650587218 1.15148815848 -0.0628075047816 -0.00917041472866 -0.728551296629 0.0222015123746 0.684569941294
7.96667 1.45519010207 1.14532150001 -0.0701797803026 -0.00679834837657 -0.727610138163 0.0241316852481 0.685532589356
8.0 1.44549042027 1.14055945153 -0.0778530650984 -0.00413291591078 -0.726611678177 0.0264407990438 0.686526963993
8.03333 1.43589427908 1.13978753058 -0.0875028594882 -0.00146669064905 -0.725210378165 0.0297844757936 0.687881269713
8.06667 1.426138789 1.13799446617 -0.0947027756794 0.000562059812264 -0.723984143516 0.0317173691885 0.689086825093
8.1 1.41517195074 1.13153125879 -0.102190783904 0.00227380223714 -0.722340568145 0.0324894479311 0.690770127618
8.13333 1.40355393466 1.12544484597 -0.110082242345 0.00486095294244 -0.719702431624 0.0340520634446 0.693430052727
8.16667 1.39350465965 1.12290603623 -0.117694885473 0.00771230249374 -0.716532888388 0.0371448900201 0.696520923873
8.2 1.38322499805 1.1198918248 -0.12583910718 0.00964342563858 -0.713378522778 0.0401422507157 0.699561782324
8.23333 1.37292474436 1.11949901338 -0.135576178318 0.0111136628329 -0.710269293794 0.0432248782474 0.702513791105
8.26667 1.36411848107 1.11836876446 -0.143768156409 0.0116082918576 -0.707048146144 0.0453347290719 0.705615283943
8.3 1.35409129575 1.11617395285 -0.150924223686 0.0112383492925 -0.70346589166 0.0476910304267 0.70903808388
8.33333 1.3444766696 1.1149945147 -0.159832612518 0.0110972852959 -0.699321360254 0.0496377274175 0.712995498842
8.36667 1.33432991357 1.1114471787 -0.168732259927 0.0108514074548 -0.694993232849 0.0511769507597 0.71711057234
8.4 1.32563238933 1.11270255986 -0.178953407418 0.0114838712837 -0.69078904938 0.0529488812447 0.721023595961
8.43333 1.31835782056 1.11563514981 -0.188269776259 0.011117243874 -0.687341716753 0.0535174499861 0.724274570758
8.46667 1.30825229444 1.11209023426 -0.19707502294 0.00907731471736 -0.684073163246 0.0526993084068 0.727450543046
8.5 1.29751334805 1.10523327307 -0.204318795812 0.00715776570935 -0.681315604751 0.0525042766389 0.730069252912
8.53333 1.28596726094 1.10039878218 -0.213082261296 0.00649503325317 -0.678828442263 0.0540253042984 0.732277971138
8.56667 1.277271621 1.10092574556 -0.221174484171 0.00696710814985 -0.67642734715 0.0559030554464 0.734351654062
8.6 1.26651430735 1.09601062298 -0.230564047579 0.00701016588556 -0.673359917564 0.0559291809002 0.737162943803
8.63333 1.25542502491 1.09220529406 -0.236951039443 0.008115752398 -0.670000316933 0.0567646493188 0.740142881112
8.66667 1.24522747733 1.08959539741 -0.244928605669 0.00962761054097 -0.666059193768 0.0576156092127 0.743608029198
8.7 1.23618927696 1.09107577661 -0.250898135989 0.0110805771836 -0.663010894833 0.0583804123833 0.746247614128
8.73333 1.22616861561 1.0898909038 -0.258236072389 0.0116472452017 -0.659956851725 0.0580067100784 0.748970304569
8.76667 1.21641947615 1.08987420883 -0.263105009184 0.0122860935343 -0.657499186334 0.0576142579696 0.751148766327
8.8 1.20556798367 1.08929885621 -0.26861018708 0.0129779207305 -0.655239725163 0.0571997410944 0.753140535199
8.83333 1.19291391755 1.08523208602 -0.273759236444 0.0129272956345 -0.653605317884 0.0565081914939 0.754612349326
8.86667 1.18140939417 1.0836310858 -0.278229626669 0.0137446824768 -0.652557182276 0.0562704967738 0.755522229161
8.9 1.17027240276 1.08476422315 -0.28155585514 0.0150069389157 -0.651587386671 0.0565744813235 0.756312103155
8.93333 1.15887751167 1.08484805957 -0.288339193044 0.0159936937872 -0.649831572092 0.0560850494662 0.757837447543
8.96667 1.14736318253 1.08519863262 -0.290129961666 0.016709161536 -0.64844415767 0.0554905522027 0.759053210863
9.0 1.12222818861 1.08068198328 -0.29983634774 0.0175866181985 -0.645280533105 0.0549912671867 0.761760923774
9.03333 1.10797945902 1.07723300282 -0.302930946936 0.0196689665955 -0.644564334031 0.0565745925734 0.762200279798
9.06667 1.09644195882 1.07979756784 -0.306105265007 0.0230380398808 -0.643660360696 0.0590739910646 0.762680045869
9.1 1.08327103808 1.07814201043 -0.31017567677 0.02477761215 -0.64212305764 0.0600098590382 0.763847409893
9.13333 1.07025264457 1.07670197502 -0.312938816657 0.0265922332953 -0.640703314987 0.0606945662099 0.764923711834
9.16667 1.05780682039 1.07712170484 -0.31536457037 0.0283293364391 -0.639539974939 0.0609691646897 0.76581252935
9.2 1.04329391625 1.07382209508 -0.319080713917 0.0295012665737 -0.638296637545 0.0599639786677 0.76688421488
9.23333 1.03074784871 1.07297404946 -0.322173525338 0.0313109536373 -0.637092148262 0.05954879713 0.767845791527
9.26667 1.01711102995 1.07172054335 -0.325071965503 0.033071017336 -0.636048104978 0.0598223757289 0.768615898436
9.3 1.0039617348 1.07118338098 -0.328920544753 0.0351426955389 -0.635062653704 0.0606434917097 0.769274192816
9.33333 0.9897522628 1.06742355624 -0.331209008329 0.0368537209106 -0.63430852467 0.0611087006755 0.769779335581
9.36667 0.976625470061 1.06616287555 -0.333556048432 0.0385676806229 -0.633383025546 0.0617705146776 0.770404361669
9.4 0.964689544615 1.06754243765 -0.338028292557 0.0398448823791 -0.631931154262 0.0622892927603 0.771489109209
9.43333 0.952942074476 1.06624005422 -0.340057579079 0.0400044370552 -0.630702626589 0.0619246591613 0.772514840257
9.46667 0.94040654987 1.06416550779 -0.344906090219 0.0407247999044 -0.629206853395 0.0621753968616 0.773675931084
9.5 0.928775119424 1.06319717934 -0.348988627216 0.0421439540793 -0.628472481798 0.0634555842688 0.774092769365
9.53333 0.918144291154 1.06280498297 -0.352620020303 0.0430775913423 -0.628651305518 0.0645159843854 0.773808467874
9.56667 0.909174212707 1.06399710107 -0.356165562408 0.0433326834462 -0.629440757314 0.0643846810093 0.773163129248
9.6 0.900126269538 1.06389354405 -0.359902664954 0.0429348871255 -0.630575199238 0.0632759889881 0.772352032943
9.63333 0.891928399133 1.06433300052 -0.36604827088 0.0425276540258 -0.631487404226 0.0622009449023 0.771716333506
9.66667 0.883379857575 1.0635893114 -0.371375391412 0.0415547301644 -0.632630065391 0.0608634127347 0.770939718626
9.7 0.876003113134 1.06507667418 -0.378706731447 0.0408528045484 -0.633259583613 0.0601445258793 0.770516699449
9.73333 0.867791699404 1.06369217063 -0.383841493801 0.0402747782439 -0.634341812933 0.0600631296853 0.769662800878
9.76667 0.860684163233 1.06298793931 -0.390017249305 0.0401229960863 -0.635013032283 0.0604628166256 0.769085718123
9.8 0.854305393949 1.06335736531 -0.396963268958 0.0395824318861 -0.635001479268 0.0605182651306 0.769118906281
9.83333 0.848639078119 1.06389766847 -0.403939213709 0.0386472024599 -0.634357280383 0.060200457665 0.769722767927
9.86667 0.842565717276 1.0635888838 -0.410062058188 0.0377491824796 -0.633198520753 0.0592541023984 0.770794125488
9.9 0.837685401407 1.06435080261 -0.417489439089 0.0368772511318 -0.63175226123 0.0583157315692 0.772093533344
9.93333 0.832788979458 1.06502197129 -0.425153048121 0.0356469201778 -0.62992651813 0.05731638619 0.773716169349
9.96667 0.827776636568 1.065125437 -0.433166823426 0.0348003118908 -0.627946141736 0.0568571088362 0.775396576305
10.0 0.82267469869 1.06413214933 -0.441066229058 0.0344204227295 -0.626393358456 0.0564494844054 0.776698172196
10.0333 0.817716046218 1.06377768734 -0.450162002243 0.0341769511739 -0.62484577473 0.0560705198119 0.777981870366
10.0667 0.813469282654 1.06361536203 -0.459569957166 0.0334687179606 -0.623531256229 0.0554192321235 0.779113166449
10.1 0.809038504227 1.06356002105 -0.469427121357 0.0323957145819 -0.622085398209 0.0547128164374 0.780363237685
10.1333 0.804906070061 1.06314490661 -0.47945168761 0.0310195203048 -0.62072071671 0.0541958004419 0.781541039499
10.1667 0.800896887651 1.06268547015 -0.490598142414 0.0296593768084 -0.619443993902 0.0542876067994 0.782599716032
10.2 0.797217006534 1.06280239439 -0.501799054163 0.0286486728072 -0.618494981452 0.0549225396211 0.783343300288
10.2333 0.793503656528 1.06231781265 -0.513043233553 0.0271224065109 -0.617656515468 0.0544719894978 0.784090304955
10.2667 0.790355374041 1.06226038069 -0.524589685983 0.025473925962 -0.61644804668 0.0537916963538 0.785142877599
10.3 0.788141601559 1.06302080958 -0.535440289092 0.0235068730867 -0.61489822903 0.0529563665453 0.786475185937
10.3333 0.786390518624 1.06348805315 -0.546937345344 0.0212323118208 -0.612987434976 0.0522861351441 0.788074713189
10.3667 0.783106465044 1.06192120316 -0.557515882734 0.0190669456835 -0.611580053207 0.0517777902381 0.789256200825
10.4 0.780110713568 1.06172216025 -0.581096666052 0.0162092600633 -0.609650698591 0.0530528804233 0.790726676845
10.4333 0.779525701295 1.062144006 -0.591254191468 0.015172799376 -0.609910431895 0.0536224603453 0.790508496457
10.4667 0.779387307876 1.06369371963 -0.604083622649 0.0143201973659 -0.610268938131 0.0536795148056 0.790243800855
10.5 0.778778821776 1.06337830362 -0.615299243092 0.0129093819512 -0.611499719971 0.0531368284775 0.789352847459
10.5333 0.778073277076 1.06252446542 -0.626901445954 0.012238839528 -0.613260601364 0.0528773875534 0.788013722918
10.5667 0.778183176371 1.06426586492 -0.639131297224 0.012191736666 -0.615620489778 0.0532056685952 0.786150068976
10.6 0.778149219093 1.06535228757 -0.651244809205 0.0122818257757 -0.618434903497 0.0533826044206 0.783924565527
10.6333 0.778948674383 1.06582660476 -0.661393059542 0.0124063698553 -0.62193212318 0.053300516547 0.781156559903
10.6667 0.779640112532 1.0645611898 -0.671096359445 0.0123009906239 -0.625683228271 0.0525198807749 0.778210026672
10.7 0.78164013728 1.06467770938 -0.68104877354 0.0128441955726 -0.6301890391 0.052093620732 0.774585732064
10.7333 0.782415485073 1.0637856819 -0.689912564813 0.0133187631724 -0.635452646141 0.0519083089996 0.770277919011
10.7667 0.783449919908 1.06515592822 -0.698780002276 0.0141370356851 -0.64119756945 0.0518928702632 0.765488700877
10.8 0.785086565981 1.06594013589 -0.708425238778 0.0145520615731 -0.647427549382 0.0514863941362 0.760246642231
10.8333 0.785789608204 1.06419147605 -0.717115411783 0.0145881709674 -0.654159483253 0.0506865944499 0.754515357618
10.8667 0.787768613208 1.06361235171 -0.724436135729 0.0148022267373 -0.661321975309 0.0506511555659 0.74824367655
10.9 0.789193235512 1.06374359649 -0.733819263691 0.0153118489 -0.668935873265 0.0503533909577 0.741454570936
10.9333 0.789644692666 1.0606364856 -0.74040970922 0.0149086063616 -0.676627270619 0.0498472443588 0.734485209069
10.9667 0.790500572999 1.06001799835 -0.749034865443 0.0152635528123 -0.683852689971 0.0494557085264 0.727782010817
11.0 0.791929528491 1.0595890886 -0.755760254901 0.0156727221607 -0.690823776926 0.0493826253647 0.721164496717
11.0333 0.793720012494 1.05936701332 -0.766378960737 0.0159127250712 -0.69723480143 0.0491911587843 0.714975976347
11.0667 0.795688802263 1.05942281149 -0.774417082563 0.0154229454309 -0.703583776968 0.0484163773071 0.70879323921
11.1 0.796990012794 1.05804892368 -0.783479217654 0.0149709979201 -0.709789726921 0.0477451153483 0.702634198384
11.1333 0.799387841946 1.05903733017 -0.791494216041 0.0154474913598 -0.71610377185 0.0482174479051 0.696155040684
11.1667 0.801244196024 1.05865288886 -0.80105422974 0.0153584051336 -0.721761479504 0.0489042079551 0.690241164044
11.2 0.801477531628 1.05530015995 -0.809150977128 0.0151138075167 -0.72797086516 0.0494541331566 0.683655089218
11.2333 0.803692193528 1.05333661606 -0.81600315981 0.0164237577947 -0.734802199605 0.0502300866706 0.67621958418
11.2667 0.805219858674 1.0520694024 -0.821914813397 0.0181236031293 -0.741286050377 0.0518690659636 0.6689365639
11.3 0.807061905175 1.05173515391 -0.828280384623 0.0198950964261 -0.747309565149 0.0535713926083 0.662014127394
11.3333 0.809354812454 1.05089892162 -0.832558127388 0.0209504926028 -0.753121862142 0.0541928357057 0.655310364775
11.3667 0.810972924284 1.05050742902 -0.836125887325 0.0218071122677 -0.759188806397 0.0545433913589 0.648214335351
11.4 0.814958762193 1.052050221 -0.845470589763 0.0225331531694 -0.764335689935 0.05561209974 0.642020641773
11.4333 0.815038546169 1.04993501767 -0.850456362055 0.0221871564792 -0.769543238456 0.0556413866372 0.635779026335
11.4667 0.814827926496 1.04783435269 -0.854340033306 0.0220730879896 -0.775201082879 0.0557894752885 0.628858962198
11.5 0.817226896433 1.04796250337 -0.859638763226 0.0227672192871 -0.780701898933 0.0581902856469 0.621771734148
11.5333 0.819201688454 1.04842926157 -0.863881358921 0.0239004194233 -0.786267942573 0.0595951106485 0.614540409754
11.5667 0.821376944005 1.05052042363 -0.868518419567 0.0241455260253 -0.790803926523 0.0603498882089 0.608608276613
11.6 0.821280542897 1.04710803565 -0.875020049961 0.0242293888664 -0.794662218064 0.0605824518423 0.603535137689
11.6333 0.821779073928 1.04718189576 -0.88001929237 0.02528212119 -0.798281233579 0.0622025607659 0.598530473658
11.6667 0.822996233088 1.04838626548 -0.889481513599 0.0246055549079 -0.804000980288 0.062666651921 0.59080443558
11.7 0.823262225821 1.04757064737 -0.893161710242 0.0247960139297 -0.806527322583 0.062855415205 0.587322766799
11.7333 0.823859995728 1.04830208456 -0.897623162364 0.025479929377 -0.808060728343 0.0631442307817 0.585150782814
11.7667 0.824419264158 1.04909637506 -0.901364825469 0.0254216361758 -0.809266104893 0.0630465669768 0.583495708876
11.8 0.824556810461 1.04927224082 -0.905651052832 0.0254724618562 -0.810883769812 0.0623326331184 0.581320314793
11.8333 0.824144681143 1.04973916889 -0.911432737099 0.0251267596005 -0.812457352668 0.0621418895236 0.579154626688
11.8667 0.824417536467 1.0509022284 -0.915709708021 0.0246369064871 -0.814315651971 0.0614643543666 0.576632616955
11.9 0.823465855207 1.0498047912 -0.920725825271 0.024701838654 -0.816031157262 0.0605520276066 0.574296457849
11.9333 0.824096972655 1.05038924821 -0.926491459433 0.025139063041 -0.81721353124 0.0603646463569 0.572613465907
11.9667 0.823987260084 1.05282279777 -0.931835081016 0.0246312760125 -0.818000000461 0.0602886928967 0.571519529846
12.0 0.824121249638 1.0542961941 -0.938409875423 0.0240374847121 -0.818663146989 0.0595484266995 0.570672266689
12.0333 0.824539047744 1.05293782321 -0.944067047262 0.0230770288099 -0.819332943178 0.0582813463131 0.569880920576
12.0667 0.823542675358 1.05324787998 -0.950737143892 0.0223261434374 -0.819946998779 0.0578566678291 0.569070354614
12.1 0.822615305969 1.0525826373 -0.957797958159 0.0227189555778 -0.820452713838 0.0575575929632 0.56835580133
12.1333 0.824116565634 1.05361677158 -0.964163915488 0.0230867264892 -0.820567428568 0.0584355794091 0.568085716501
12.1667 0.823849039811 1.05384697637 -0.972785150143 0.0227838906532 -0.820700023343 0.0583188110966 0.567918376427
12.2 0.824189385661 1.05389403669 -0.9806832701 0.0226754741046 -0.820817701863 0.0578797347031 0.567797551503
12.2333 0.823741567924 1.05254027851 -0.98576552889 0.0225708119045 -0.820715003991 0.0578461300904 0.567953577247
12.2667 0.823487324687 1.05194364631 -0.99482533017 0.0220520701874 -0.819650639581 0.0582776210672 0.569464884008
12.3 0.823821542001 1.05196287344 -1.00195852097 0.0209222192044 -0.818564729895 0.0583742300065 0.571057346496
12.3333 0.824614976214 1.05155254902 -1.00822834059 0.0197422056638 -0.817424908914 0.0582479777158 0.572742469784
12.3667 0.823644077591 1.05177937574 -1.01544403212 0.0192456713538 -0.816022006646 0.0573996095431 0.574841694406
12.4 0.82481197061 1.05284948314 -1.02122895616 0.0183273602396 -0.814051994937 0.0562776708314 0.577768362903
12.4333 0.824080064042 1.05314668931 -1.02933876293 0.0171400769085 -0.811292921951 0.0547321395579 0.581819908095
12.4667 0.824222613463 1.05383220144 -1.03646028037 0.0161142831709 -0.808066853917 0.0532304312216 0.58645955587
12.5 0.823601464027 1.05461845582 -1.04332052518 0.0150752838602 -0.80438507422 0.0508128708956 0.591739334792
12.5333 0.821518268842 1.05284718322 -1.05057122569 0.0138891061136 -0.800290934318 0.0478632633566 0.597537129559
12.5667 0.819558922258 1.05188113109 -1.06330805105 0.013126977639 -0.791391665605 0.0437533566154 0.609600326323
12.6 0.816680438752 1.05010895485 -1.07018218014 0.0133528159737 -0.786391089982 0.041134410125 0.616213206777
12.6333 0.814289005079 1.0498638687 -1.07613362742 0.0130291020262 -0.781662826048 0.039825397157 0.622292058937
12.6667 0.811776015149 1.04938630431 -1.0805862819 0.0127092044036 -0.776997165459 0.0387762893142 0.628180133703
12.7 0.809548145476 1.04806455478 -1.08537450025 0.0127383766126 -0.772211798341 0.0376020928911 0.634123611668
12.7333 0.806889470194 1.0475484698 -1.09022817045 0.0123158106223 -0.767036168481 0.0370415111933 0.640415305485
12.7667 0.803949648191 1.04610607149 -1.09467451374 0.0120500046135 -0.761631053842 0.0364466788905 0.64687292014
12.8 0.801947299251 1.04626674163 -1.09721869318 0.0121565341787 -0.756071931666 0.0369310276302 0.653332650356
12.8333 0.798397961607 1.04721882489 -1.10121490725 0.0124372643675 -0.750018420747 0.0380521224702 0.660204300933
12.8667 0.795226864479 1.04598874566 -1.10275441005 0.0133198937942 -0.743907307405 0.0388790655569 0.667017928305
12.9 0.791337000961 1.04435365232 -1.10483882038 0.0145336685397 -0.73643891507 0.0401671172983 0.675154130208
12.9333 0.789014205582 1.04237568005 -1.1052540015 0.0149513225045 -0.728292084779 0.0404709251918 0.683907304696
12.9667 0.786141433104 1.04235234301 -1.10679353164 0.0151154712696 -0.719882794231 0.0397804566631 0.692789867396
13.0 0.78160333883 1.03907370054 -1.1074210582 0.0152432801289 -0.711946448478 0.0383275132788 0.701021325379
13.0333 0.778404426951 1.03873454279 -1.10856097135 0.0167883370577 -0.704335675451 0.0383322239058 0.708632520165
13.0667 0.776292592904 1.03892787753 -1.10910707525 0.0170656211225 -0.696536875947 0.0377378544805 0.716324646624
13.1 0.774366331783 1.03971997212 -1.10957020227 0.0169850237598 -0.687742061594 0.0367816005098 0.724823757576
13.1333 0.771639171173 1.04162009498 -1.11041265736 0.016453730349 -0.6781373569 0.0364107186633 0.733848253728
13.1667 0.769081956654 1.04187344615 -1.11008662137 0.0153027164319 -0.6691641133 0.0359364990167 0.742087450628
13.2 0.765190013923 1.0419485255 -1.11036525602 0.0146606933126 -0.660280675069 0.0361106008465 0.75000701244
13.2333 0.762169920474 1.04232299266 -1.11046327695 0.013275867784 -0.650995163656 0.0367505495951 0.758075487887
13.2667 0.758959568288 1.04391741355 -1.1102235203 0.0125054873212 -0.641838615038 0.0364975837538 0.76586861237
13.3 0.754394158438 1.04255564836 -1.10741941957 0.0120832395226 -0.633102397838 0.0353784318504 0.773164740359
13.3333 0.749459350225 1.04158640306 -1.10965281728 0.012560214098 -0.623535140931 0.0345172023436 0.78093196361
13.3667 0.744948735332 1.0405650606 -1.1091174197 0.0131945001718 -0.613701682042 0.0341991509496 0.78868660994
13.4 0.740707322254 1.04183438427 -1.10834945255 0.0137728138723 -0.603596831818 0.0344771033688 0.796424826058
13.4333 0.735521433363 1.0407353689 -1.11080802087 0.0143506311683 -0.594315816861 0.0338001132059 0.803393005671
13.4667 0.730029760321 1.04036935517 -1.11058044499 0.0146187894942 -0.58565680273 0.0324997292208 0.809775381208
13.5 0.725023448327 1.03834565977 -1.11013923711 0.0145572924526 -0.576318804252 0.0300257562545 0.816543431217
13.5333 0.718743828966 1.03602319217 -1.11315023917 0.0142796011435 -0.565523881596 0.0276113090546 0.824145889966
13.5667 0.714054189165 1.03743174529 -1.11538349059 0.0140919110873 -0.554219778469 0.0258474377979 0.831849604889
13.6 0.708477610217 1.03673069965 -1.11756445185 0.0128478882538 -0.542259546914 0.0243542982746 0.839759717838
13.6333 0.701091238741 1.03393006863 -1.12220609889 0.0116065500631 -0.530187413815 0.0231553839287 0.847484762355
13.6667 0.696021726175 1.03084312735 -1.12500916059 0.0113684534792 -0.518272534371 0.0226448147257 0.8548400732
13.7 0.69145762212 1.03308892692 -1.12725297163 0.0108178873549 -0.505098535655 0.0226310666663 0.862697094822
13.7333 0.687509241258 1.03228911735 -1.13203288931 0.00889804763859 -0.491202290283 0.0216554045101 0.870730829949
13.7667 0.680218349519 1.03058141619 -1.13748167666 0.00710628167099 -0.477521340646 0.0206858323678 0.8783478618
13.8 0.675406018175 1.0320457853 -1.1406644059 0.00612664625308 -0.464308676066 0.0204173775622 0.885416878215
13.8333 0.671829071737 1.03782140458 -1.14571041699 0.00437629254835 -0.451345260748 0.0201321934098 0.892111539244
13.8667 0.666366275732 1.03846979969 -1.15069750427 0.000834914462755 -0.43974324608 0.0179790439298 0.897943168816
13.9 0.659307436348 1.03775013898 -1.15480942551 -0.00154579834008 -0.42894696399 0.0153281312301 0.903198295495
13.9333 0.657049397528 1.04035231722 -1.15253771727 -0.0029844579806 -0.419028480422 0.0130611167367 0.907874238447
13.9667 0.649170516924 1.03792318113 -1.15901060207 -0.00527952078527 -0.40728584259 0.00971758161712 0.913233780416
14.0 0.639625815146 1.03499195856 -1.15990435569 -0.00554230447714 -0.396595549615 0.00684702341805 0.917951181249
14.0333 0.638769489374 1.04016455076 -1.15902677592 -0.00389549958419 -0.387412039202 0.00577166695275 0.921880374466
14.0667 0.630067455338 1.0466019647 -1.16000618619 -0.00483227696869 -0.369805267364 0.00230617570221 0.929093856875
14.1 0.622169677871 1.0476184035 -1.15998169354 -0.00578920069281 -0.360939947888 0.000702957988147 0.932570825741
14.1333 0.61699936433 1.05099778232 -1.15815067165 -0.00601935755469 -0.353247817288 -0.000751620593141 0.935510118589
14.1667 0.610291156843 1.0506217321 -1.15609067779 -0.00713372029394 -0.345054393514 -0.00269962380746 0.938551696809
14.2 0.601173776722 1.04988232792 -1.15451634684 -0.0068331055897 -0.336971978225 -0.00432096093779 0.94147996466
14.2333 0.595617392497 1.05375536353 -1.15090413654 -0.00584544702801 -0.329493270181 -0.00492393267122 0.944126988567
14.2667 0.586177607722 1.05577814666 -1.14722017805 -0.00549916549887 -0.321678254665 -0.00640089312563 0.946811432241
14.3 0.576338778563 1.05685131771 -1.14454805247 -0.00502865535748 -0.314354368459 -0.00710915711902 0.949265770762
14.3333 0.568200246087 1.06057598841 -1.13806606469 -0.0041177851001 -0.30790462272 -0.00705582221241 0.951382153778
14.3667 0.55812905716 1.06456028205 -1.13517002167 -0.00404080784855 -0.300722112343 -0.00719035337121 0.953676140961
14.4 0.547043347846 1.06621214701 -1.12903545431 -0.00497270973894 -0.294029960144 -0.00753426059639 0.955753571593
14.4333 0.536023240073 1.06782746406 -1.12396583171 -0.00547130106487 -0.288019135223 -0.00732705721439 0.957580992315
14.4667 0.526339336965 1.07260938096 -1.11511102301 -0.005577915475 -0.281927484171 -0.00607488196456 0.959400269094
14.5 0.513211927048 1.07374961469 -1.11017863824 -0.00729140314047 -0.275136110771 -0.00462501340469 0.961366509319
14.5333 0.498121299454 1.06943793569 -1.10242903343 -0.00879887550609 -0.269287225944 -0.00328134700394 0.963014123726
14.5667 0.479601647662 1.06392949314 -1.0943591215 -0.00792349331303 -0.264093776929 -0.00139295750608 0.964463454419
14.6 0.468328156662 1.06323215325 -1.08491023822 -0.00354676358748 -0.260880801393 0.000944985208789 0.965364042699
14.6333 0.461904029719 1.06950626581 -1.07478629124 0.00153332779117 -0.257775645825 0.00424206875959 0.966194271448
14.6667 0.456164560503 1.07819647652 -1.0667354855 0.00411146592257 -0.253744553494 0.00702208271733 0.967237038049
14.7 0.448534998244 1.08495020948 -1.05874381695 0.00314716708341 -0.249194476045 0.00787007242915 0.968416372439
14.7333 0.435537567482 1.0842685894 -1.04986208447 -0.000256965381466 -0.243708688098 0.00658053918964 0.969826121435
14.7667 0.411625148833 1.08039132947 -1.03205899502 -0.00253351982055 -0.233214144386 0.00576940105902 0.972404986694
14.8 0.40129532827 1.08228135998 -1.02309911603 -0.00161248894928 -0.227669046914 0.00653070135097 0.973715335658
14.8333 0.392627918149 1.0846595552 -1.01424279882 -0.000651955021117 -0.222175921894 0.00693346876647 0.974981723775
14.8667 0.383138015424 1.08418646526 -1.00409940428 -0.000676318627084 -0.217262353955 0.00639775597567 0.976092045283
14.9 0.374500918599 1.08691300494 -0.996894151128 0.000267179961735 -0.212183874165 0.00588338832817 0.977212012769
14.9333 0.368701717328 1.08982277852 -0.989605874088 0.000249319362059 -0.206988432438 0.00562985329798 0.978327159711
14.9667 0.361279637102 1.09135802484 -0.980847754719 -3.13191998499e-05 -0.200562628331 0.00532763604168 0.979666395989
15.0 0.355034569074 1.09514854876 -0.974382783223 -0.000545268183335 -0.193964920484 0.00579614000126 0.980991191125
15.0333 0.346285201235 1.09574656529 -0.968706199368 -0.00202646098533 -0.187677775065 0.00502018522415 0.982215731875
15.0667 0.335543744978 1.09579392146 -0.962660434401 -0.00274029631452 -0.181541031402 0.00394806154262 0.983371627363
15.1 0.32797642039 1.09969373645 -0.956668473833 -0.00264862718168 -0.176052313743 0.00331697972058 0.984371660119
15.1333 0.319326164217 1.09941845178 -0.949600480352 -0.00403002271103 -0.170987661022 0.00262357544503 0.985261435126
15.1667 0.307486389242 1.1012222046 -0.946201820722 -0.00445235802936 -0.166066770983 0.00221273870264 0.986101976405
15.2 0.301689701593 1.10466830229 -0.938452906421 -0.00496287772723 -0.162679912779 0.002127072707 0.986664122883
15.2333 0.293252186992 1.10692630973 -0.93245725461 -0.00637055935684 -0.158786137041 0.00178328050537 0.987290837883
15.2667 0.281217686546 1.10652122838 -0.930943639251 -0.00843986451705 -0.153839203195 0.00171634041052 0.988058359826
15.3 0.268329930073 1.10431681923 -0.924506231249 -0.00908201040964 -0.14884594316 0.00216629762839 0.988816317344
15.3333 0.260093612102 1.10889386706 -0.921523211052 -0.00766770124051 -0.144520419738 0.00483692890639 0.989460286598
15.3667 0.245657533464 1.11128535086 -0.920308323289 -0.00806085516915 -0.138701869497 0.00746561364548 0.990273234327
15.4 0.235981938123 1.11178430612 -0.915500246125 -0.00834751188875 -0.133886459037 0.00949377915287 0.990916042503
15.4333 0.227975651769 1.11333697356 -0.908592008417 -0.00763443649183 -0.129159839477 0.0110108610427 0.991533263277
15.4667 0.218754553787 1.11225624792 -0.90335287958 -0.00748582823025 -0.123651731402 0.0109936207783 0.992236540347
15.5 0.209707699924 1.11966712526 -0.901904221422 -0.0080579039299 -0.116744759949 0.0106112001967 0.993072572192
15.5333 0.19571350428 1.1167001422 -0.900190349427 -0.0104910411507 -0.108263963525 0.00879791810173 0.994027891407
15.5667 0.186190936181 1.11917236718 -0.897830058354 -0.0112698685894 -0.100749075684 0.0080801176798 0.994815221792
15.6 0.176557233974 1.12547448581 -0.895318528146 -0.0124668115513 -0.0928855200523 0.0083189079777 0.995563988172
15.6333 0.169226422164 1.12749343264 -0.893852045632 -0.0149329280184 -0.0852689938249 0.00808650895215 0.996213237578
15.6667 0.158610610092 1.13344823206 -0.893728334842 -0.0170648886662 -0.0758727081534 0.00780989413666 0.996940884549
15.7 0.148507882853 1.13521664927 -0.892664720646 -0.0206190982959 -0.0666255620002 0.00672638005502 0.997542301401
15.7333 0.137927523586 1.13554692737 -0.889982983242 -0.0239078718335 -0.0583015711388 0.00544414504566 0.997997846567
15.7667 0.127041191119 1.13196445208 -0.88510069627 -0.0262887002691 -0.0505146207815 0.00470565599149 0.998366182384
15.8 0.121892370237 1.13373580902 -0.878116307578 -0.0274002615818 -0.0442710661277 0.0047857498884 0.99863226213
15.8333 0.113412887136 1.13614520611 -0.876134259398 -0.0285651913204 -0.0361285760315 0.00496845824884 0.998926458885
15.8667 0.104440051225 1.13381449661 -0.87195629149 -0.0306070023147 -0.0279644792475 0.0048589875186 0.999128414945
15.9 0.0958361587334 1.13144728726 -0.863495099384 -0.032108060668 -0.0215065611013 0.00427659860167 0.999243839598
15.9333 0.0839678560417 1.13389267522 -0.86629228189 -0.0325471698684 -0.0126993789771 0.00383749779574 0.999382149689
15.9667 0.0770148172209 1.13868164915 -0.865011253339 -0.0327752044294 -0.00645229301449 0.00294258934435 0.999437589376
16.0 0.0627118414252 1.13639792786 -0.867363781081 -0.0350199947313 0.00214562081976 0.00143957391245 0.999383271777
16.0333 0.0548388221084 1.13525675617 -0.860831369586 -0.0373148559939 0.00814322617212 0.000152160727015 0.999270366936
16.0667 0.0443522192799 1.13136202589 -0.860707564189 -0.0380277257581 0.0151195205201 -0.000797825656776 0.999161976682
16.1 0.0365499551524 1.13533990216 -0.860547498083 -0.0379850149412 0.0218747859109 -0.000548317846855 0.999038703819
16.1333 0.0327608531719 1.13836547587 -0.855228323456 -0.0387883385604 0.0260322208047 -0.000171036482161 0.998908283587
16.1667 0.0243533389523 1.13640143345 -0.850512389225 -0.0397671015027 0.031079270276 5.46964807551e-05 0.998725514646
16.2 0.0145290998768 1.13278825299 -0.847899479768 -0.0382563873981 0.035715474061 0.000744551923046 0.998629210157
16.2333 0.00835820291382 1.1355546093 -0.84486520121 -0.0348327780454 0.0401973026014 0.00192114667619 0.998582577273
16.2667 0.00881942328701 1.1363414505 -0.837030196307 -0.0336990954142 0.0428238913424 0.00288705388126 0.998509965007
16.3 0.00399777526769 1.13742359848 -0.832962066002 -0.0335493028508 0.0493549809694 0.00328077497289 0.998212285362
16.3333 0.000398550263702 1.13870036424 -0.824108177571 -0.0333070914588 0.0561244365348 0.00341172694211 0.997862237687
16.3667 -0.0048419384087 1.14057841609 -0.820148427172 -0.033117898744 0.063414302832 0.00321542683855 0.997432449848
16.4 -0.00499093817866 1.14015969466 -0.808233500769 -0.0330473290673 0.0674083970001 0.00240914587374 0.997175099003
16.4333 -0.00758150299139 1.13987972992 -0.796618737672 -0.0320732610651 0.0725532656932 0.000690611867345 0.996848460207
16.4667 -0.00799062712214 1.1473367235 -0.790903164438 -0.0302132174392 0.0780349939634 -0.00162549571874 0.996491374259
16.5 -0.00761276011339 1.15026894405 -0.780458925061 -0.0308047336336 0.0831405851878 -0.0040636545216 0.996053310919
16.5333 -0.00653052911558 1.15042682577 -0.773599135393 -0.0317770357457 0.0860563286335 -0.00633627589052 0.99576321478
16.5667 -0.00887957535935 1.15258932013 -0.765962645097 -0.0316409583597 0.0904696451212 -0.0076869184273 0.99536676876
16.6 -0.00874055229559 1.15431569646 -0.755801845668 -0.0321279679194 0.0937916591437 -0.00819178132885 0.99503960377
16.6333 -0.0086086614129 1.15560376722 -0.749544935802 -0.0320170727297 0.0986279533329 -0.00808901540507 0.994576292551
16.6667 -0.00991253707738 1.15745874321 -0.739815367244 -0.0317528337678 0.103965574967 -0.00759095622967 0.994044915561
16.7 -0.00950872677464 1.15967843707 -0.729379671703 -0.0312432607821 0.108494534633 -0.00711781060074 0.993580460447
16.7333 -0.0119862842534 1.16163179287 -0.723283978655 -0.0312047011925 0.113674466454 -0.0070199645669 0.993003072703
16.7667 -0.0147401674035 1.16008022033 -0.711107326533 -0.0319246004339 0.11833835669 -0.00714591260466 0.992434274477
16.8 -0.0129660858095 1.16434981558 -0.700959956527 -0.0312688041918 0.121528871808 -0.00708608558162 0.992069948437
16.8333 -0.00850858909596 1.16502994871 -0.688505410057 -0.0323412899695 0.124533065656 -0.00700125485273 0.991663521035
16.8667 -0.0093140669814 1.16376979417 -0.678939704347 -0.0332498689895 0.129205791333 -0.00654386148784 0.991038590356
16.9 -0.00838480315159 1.16321721108 -0.668293462137 -0.0319255793847 0.133379158028 -0.0057762716222 0.99053389254
16.9333 -0.00159299412079 1.16637515443 -0.659391700724 -0.0299275818625 0.136099086923 -0.00475841863851 0.990231657661
16.9667 -0.00490529466473 1.16782395965 -0.649965286366 -0.0292232273546 0.139697479817 -0.00375260057154 0.989755795691
17.0 -0.00974926460191 1.16646649015 -0.635210036097 -0.0295094646744 0.144478549296 -0.0022573175117 0.989065237892
17.0333 -0.0116218881722 1.16297808915 -0.623103780055 -0.0289161289129 0.148689001998 -0.000631940110074 0.988460944512
17.0667 -0.00891861792289 1.16222255444 -0.610867548419 -0.026582944134 0.152600757285 0.000425183782687 0.987930248133
17.1 -0.0126470203365 1.16367932832 -0.599207354028 -0.024523734249 0.158759349492 0.000943350641819 0.987012241817
17.1333 -0.0138624903057 1.16164702314 -0.587422731316 -0.0239337779194 0.163898389521 0.00100243221909 0.986186334988
17.1667 -0.0188489489369 1.16017154262 -0.575264844946 -0.0223907348474 0.169586498045 0.000988427479057 0.985260421252
17.2 -0.0210044134227 1.16130342724 -0.562224375364 -0.0200094917599 0.1750113816 0.000363682285625 0.984362994167
17.2333 -0.0183418389814 1.16383568959 -0.563416614493 -0.0181938122735 0.178899339464 -7.58590298771e-05 0.983699143936
17.2667 -0.0311488462652 1.16360850255 -0.542562384176 -0.017945713645 0.185819839536 -0.000650764061601 0.982419724508
17.3 -0.0221428505251 1.16028298717 -0.54615524487 -0.0174202928306 0.189022518783 -0.00115063258075 0.981817547631
17.3333 -0.0153431718545 1.15926741709 -0.547261350502 -0.0154566600746 0.192116200458 -0.00234562357433 0.981247652344
17.3667 -0.0134524996111 1.16110279183 -0.540036314978 -0.0129186563547 0.196145137154 -0.00388790781301 0.980482063916
17.4 -0.0154232418822 1.16547573021 -0.53322657137 -0.0115990494646 0.200370739958 -0.00560158574747 0.979635468354
17.4333 -0.00462904493688 1.16646285013 -0.539103805992 -0.012095077533 0.202229718529 -0.00718495155207 0.979237063491
17.4667 -0.0199023503254 1.16523095404 -0.517277937581 -0.0132608103108 0.209345945188 -0.00874051615432 0.977712651816
17.5 -0.0199054010619 1.1660180512 -0.51221433791 -0.0132721002769 0.213657016366 -0.00982211201573 0.976769193222
17.5333 -0.0270366407877 1.17018576633 -0.498998537382 -0.013568608379 0.219139225554 -0.0106613618269 0.975540992503
17.5667 -0.0281471547423 1.1694328131 -0.489931381153 -0.0151759582364 0.224028038295 -0.0109859642421 0.974402605158
17.6 -0.0302124917315 1.17040535749 -0.48541486594 -0.0153901141988 0.228758897903 -0.0112891835241 0.973295980342
17.6333 -0.0425321575141 1.17214781161 -0.464336257853 -0.0159433401584 0.236282415865 -0.0121429546917 0.971477729291
17.6667 -0.0392349304149 1.1714107914 -0.46273762394 -0.0169373212756 0.240143806466 -0.0127583072266 0.970505695481
17.7 -0.0461767508319 1.17231654781 -0.447680816897 -0.0174525001935 0.246362600645 -0.0134824256987 0.968926779193
17.7333 -0.0469006091626 1.17449466572 -0.439862546956 -0.0179804501219 0.251062599466 -0.0139758225244 0.967702924945
17.7667 -0.0455049844498 1.17522091117 -0.434110665629 -0.0186983272681 0.254161998556 -0.0141350504857 0.966877578288
17.8 -0.0533208042273 1.17759772367 -0.419280009419 -0.0194758460177 0.260136463182 -0.0139431124789 0.965274728541
17.8333 -0.0589046389562 1.17555163307 -0.404413304018 -0.0204955382362 0.265249911094 -0.0137252376138 0.963864116683
17.8667 -0.0560298666345 1.17640750877 -0.400587336746 -0.0199529896772 0.268905410253 -0.0137829313243 0.962861251346
17.9 -0.0627255068681 1.17724535526 -0.383506756811 -0.0201207171998 0.274813435488 -0.013905002463 0.96118644566
17.9333 -0.0620549089653 1.17698025183 -0.375359580895 -0.0204699697933 0.278842032214 -0.0136796936791 0.960021336944
17.9667 -0.0597018047312 1.17760897845 -0.367637222789 -0.0206029969815 0.282616506126 -0.0137017747807 0.958913806527
18.0 -0.0625801879023 1.17591173554 -0.353085062041 -0.0212308023644 0.287304664054 -0.0141590897328 0.957499244502
18.0333 -0.0629930955743 1.17480990351 -0.344265274608 -0.0207840132558 0.291197757104 -0.0146093961333 0.9563254972
18.0667 -0.0641581113443 1.1768655986 -0.331619679267 -0.0195075406956 0.294837665946 -0.0151830539961 0.955227554809
18.1 -0.0661882020019 1.1797370771 -0.325481555196 -0.0196578167411 0.298834450626 -0.0159780555682 0.953968680356
18.1333 -0.0666151496988 1.17822428177 -0.315523249989 -0.0213247427424 0.301839394597 -0.0174440807684 0.952960617897
18.1667 -0.0690773807544 1.17885110863 -0.303902543677 -0.0225301105656 0.304904579464 -0.0191068632919 0.951924639515
18.2 -0.0700115224399 1.17837120907 -0.297077051707 -0.0245335792274 0.307467405281 -0.0205205733577 0.951020927346
18.2333 -0.0710690982707 1.17636617021 -0.286119401303 -0.0259055474965 0.310136596952 -0.0214936997513 0.950095897639
18.2667 -0.0677811921579 1.17614124143 -0.282812526616 -0.0261742515389 0.312316662485 -0.0223836072343 0.94935356165
18.3 -0.0690044558111 1.17668417758 -0.27617953701 -0.0266478182765 0.315575527777 -0.0229901180931 0.948247559722
18.3333 -0.068189109478 1.17437180007 -0.269680758452 -0.0270943696962 0.318565823641 -0.0228389662644 0.947238139413
18.3667 -0.0680042440953 1.17461000111 -0.261871054291 -0.026375277647 0.321897204969 -0.0227647993134 0.946133340536
18.4 -0.0705778949399 1.17334972928 -0.254099398458 -0.0261248045971 0.326019545726 -0.0228248028006 0.944726298335
18.4333 -0.0692748574881 1.17342293083 -0.251242401021 -0.0250356351796 0.329609627546 -0.0226136438891 0.943514352573
18.4667 -0.0694780183039 1.17464967403 -0.244489976311 -0.0244876319806 0.333868221498 -0.0222520009324 0.942038860668
18.5 -0.0698262395389 1.17227260511 -0.236717981396 -0.0248551767803 0.337871417198 -0.0212190617087 0.940624727002
18.5333 -0.0695236553571 1.1694058556 -0.2283917586 -0.0237647518703 0.341365790262 -0.0203428821245 0.939409815232
18.5667 -0.0687934885125 1.1725857733 -0.224305873893 -0.021341068161 0.344260707434 -0.0201111440257 0.938416041004
18.6 -0.066872010834 1.17514093948 -0.218373330297 -0.0210733854531 0.347453938743 -0.0193711875221 0.937260065282
18.6333 -0.0659302284808 1.17297454443 -0.212969847149 -0.0219842426502 0.351426660658 -0.0184208954668 0.935775969912
18.6667 -0.0646721783123 1.17211648996 -0.209884111632 -0.0213591004159 0.355315834756 -0.0173675493062 0.934340844998
18.7 -0.067603472859 1.17319871864 -0.201792078074 -0.0207127201638 0.360425161623 -0.0165109860977 0.932411965512
18.7333 -0.0662642091496 1.17186679224 -0.198745012682 -0.0204560859059 0.364381301216 -0.0161048115997 0.930885842043
18.7667 -0.0667589850368 1.17354065072 -0.189776735842 -0.0192628411737 0.369132579732 -0.0162232070756 0.929035461693
18.8 -0.0667180029419 1.17550418261 -0.184150219627 -0.0181552849986 0.37358165922 -0.016387688315 0.927274809963
18.8333 -0.0696103124002 1.17848476988 -0.17272636814 -0.0179447322051 0.379616095329 -0.0163290188002 0.924825913293
18.8667 -0.0694623780245 1.17833726524 -0.166472739393 -0.0187930457672 0.385149440045 -0.0159955538091 0.922524185332
18.9 -0.0715128779167 1.17855812401 -0.160004865178 -0.019419448588 0.39065243836 -0.0160874194778 0.920192779995
18.9333 -0.0734379592895 1.18072064772 -0.151162029194 -0.0196768495039 0.396053043047 -0.0162660627643 0.917872662132
18.9667 -0.0745157420525 1.18314734014 -0.141291239769 -0.020461580785 0.401010374835 -0.0160105583695 0.915705009819
19.0 -0.0733804414523 1.18016571026 -0.130995430783 -0.0215801710194 0.405518608656 -0.0154653571456 0.913701142049
19.0333 -0.0716822823193 1.17857367482 -0.122660904054 -0.0209093712018 0.409424344384 -0.0162467743426 0.911959728686
19.0667 -0.0713747077818 1.18223782544 -0.113812454484 -0.0196038316209 0.41366165631 -0.0179147643563 0.910043287488
19.1 -0.0706485035323 1.18270253966 -0.104502778091 -0.0206945638545 0.417864985202 -0.019172736427 0.908071029902
19.1333 -0.0675828549753 1.18240073447 -0.0981092883761 -0.0208623886305 0.420881330918 -0.0204070695643 0.90664613689
19.1667 -0.0665487879554 1.18475165549 -0.0885193908493 -0.0201908999282 0.423874349697 -0.0215187258836 0.905240193355
19.2 -0.0654881069751 1.18890542346 -0.0817986391292 -0.0209573153737 0.426776487718 -0.0224835320301 0.903834670308
19.2333 -0.0632531683234 1.18784794257 -0.0723704683074 -0.0226061545757 0.430065573943 -0.0226354236825 0.902230680857
19.2667 -0.0618893761512 1.18808235745 -0.0631885705164 -0.0226937510143 0.433432507404 -0.0231390327841 0.900603042606
19.3 -0.0609019136009 1.19130220224 -0.054147461424 -0.0228006345354 0.436858661019 -0.0236905683768 0.898929028527
19.3333 -0.0595944713653 1.19159101432 -0.0436447119493 -0.0236927552993 0.439691089415 -0.0235222917295 0.897528328816
19.3667 -0.0577773178314 1.19167663556 -0.0347805178577 -0.0240233570663 0.441694527639 -0.0232026880277 0.896543617365
19.4 -0.0561110891692 1.19351176099 -0.0239073257995 -0.0236262779925 0.443838298364 -0.022730209246 0.895506952224
19.4333 -0.055596249938 1.19645140163 -0.0146901811539 -0.0240354986641 0.446489912994 -0.0221608993496 0.89419122504
19.4667 -0.0531209771176 1.19635297884 -0.00371855567157 -0.0256235493909 0.449724068099 -0.0212531609535 0.89254691722
19.5 -0.0517832994415 1.19718386105 0.00731980539133 -0.0263054040262 0.453218781095 -0.0206234992435 0.890772380275
19.5333 -0.0499871442243 1.20109515615 0.0172559124786 -0.0271322205876 0.456699615657 -0.0199302036378 0.888983740373
19.5667 -0.0485807290339 1.20157531925 0.0271071583741 -0.0291809141044 0.460829535237 -0.0182369846762 0.886821304489
19.6 -0.0454860347509 1.19839038478 0.0542538704143 -0.0315687722991 0.469936891825 -0.0137413683097 0.882028290427
19.6333 -0.043648210284 1.19703920323 0.0640272794304 -0.0310562651243 0.473681374071 -0.0114548427129 0.880074003044
19.6667 -0.0406766835288 1.19558109008 0.0753803585293 -0.0297868769067 0.476488572104 -0.00965494311368 0.878622879677
19.7 -0.038452189147 1.19680688565 0.0862709702919 -0.0279179197094 0.479497193027 -0.00851001399991 0.877057929273
19.7333 -0.0369985383396 1.20004908736 0.0995311616589 -0.0274783001359 0.483107719829 -0.00795379808825 0.875093487097
19.7667 -0.0346720959587 1.20015710848 0.1117929261 -0.0283223027939 0.487298259081 -0.00738282184271 0.87274495003
19.8 -0.0325708723238 1.19973212879 0.123283255686 -0.0292908870155 0.491366843989 -0.00720016750993 0.870430253469
19.8333 -0.030080319467 1.20117861788 0.132324272679 -0.0303549492864 0.494720616286 -0.00760098340944 0.868488522622
19.8667 -0.027693899025 1.19994214278 0.144815160551 -0.0318167711937 0.498550187196 -0.00754685352856 0.866243873813
19.9 -0.0246845559247 1.19804417017 0.155080022675 -0.0321307668424 0.502041612772 -0.00745305266342 0.864214258661
19.9333 -0.0222309160061 1.19767523218 0.168316567834 -0.0316521559957 0.505947276412 -0.00721120672032 0.861953300945
19.9667 -0.0188427697863 1.19576955665 0.17797330935 -0.031267475251 0.509056561694 -0.00680093101933 0.860138075733
20.0 -0.0164410164654 1.19572380469 0.188877537968 -0.0300704927168 0.51209891338 -0.00740790638353 0.858367981291
20.0333 -0.0131204532872 1.19531394544 0.199093463304 -0.0296242219107 0.51477765312 -0.00864270340383 0.856768158256
20.0667 -0.0107387550277 1.19519650763 0.211498124634 -0.0294594003818 0.517677506423 -0.0101731659229 0.855007982283
20.1 -0.0070114583396 1.19502766691 0.220176898085 -0.0295816785029 0.520203511274 -0.0115591428655 0.853451590526
20.1333 -0.00366303225188 1.19473805437 0.22794364093 -0.0295764804586 0.522518027966 -0.0128738983022 0.852017843121
20.1667 -0.000610352650828 1.19606031184 0.236520449852 -0.0291843279886 0.525281694274 -0.0139454131437 0.85031343757
20.2 0.00227636882489 1.19777315085 0.244155880669 -0.0289879713082 0.527739780699 -0.014361038228 0.848789833803
20.2333 0.00472359041201 1.19919696631 0.256874310131 -0.0292900466808 0.53056737318 -0.0140181557644 0.847020570583
20.2667 0.00803455393013 1.19783615493 0.265089295631 -0.0296269722317 0.532639038384 -0.0137536598186 0.845711968785
20.3 0.0101414455403 1.20070821254 0.273461209802 -0.0288040096808 0.534956154429 -0.0145687536215 0.844262988223
20.3333 0.0122378472095 1.2048715766 0.281448640888 -0.0290214246551 0.537976546141 -0.0149673018287 0.84232711733
20.3667 0.0142908190864 1.2050534835 0.294838561114 -0.0304040304682 0.541542297769 -0.013935149512 0.840007944169
20.4 0.0178985852168 1.20415355452 0.303455777622 -0.0311277440239 0.544491704988 -0.0124787772373 0.838095535646
20.4333 0.0200866913874 1.20622758291 0.31078056453 -0.0305880189565 0.546909583047 -0.0112030928213 0.836557691842
20.4667 0.0225178962878 1.20874730842 0.323170020145 -0.0303337970507 0.549448583571 -0.0093443584755 0.83492442636
20.5 0.0237825995975 1.21058390744 0.331628401927 -0.0306112954387 0.551933298996 -0.00766662478597 0.833290948538
20.5333 0.0259928275883 1.21240754536 0.342116756487 -0.0313141046264 0.554715173828 -0.00646102911247 0.831425738043
20.5667 0.028331515437 1.21402664672 0.3524610323 -0.0326360218646 0.558076752301 -0.00534996202623 0.829130029926
20.6 0.0300032192309 1.21550159735 0.36530627139 -0.0341389508193 0.562048383471 -0.00411417114234 0.826389266793
20.6333 0.0320174646734 1.21518665682 0.380422614231 -0.0359642088169 0.56656731352 -0.00271098762301 0.823225792527
20.6667 0.0350164735799 1.21476982074 0.389128178752 -0.0369590031435 0.571116247674 -0.00132114309095 0.82003568112
20.7 0.0371966310681 1.21534540124 0.398928454594 -0.0370555182643 0.575170789124 -0.000142689277209 0.81719363161
20.7333 0.0393163393196 1.21703231749 0.409996041959 -0.0373231148229 0.579033303849 0.000978855469572 0.814448561896
20.7667 0.0420906822896 1.21643823767 0.420484831712 -0.0382919545719 0.583295152917 0.00202577595277 0.81135466168
20.8 0.0455966238276 1.21545180275 0.43095528974 -0.0386975401955 0.587342421747 0.00231375909822 0.808409566073
20.8333 0.0484247844899 1.21733234953 0.441146142148 -0.0386702915595 0.591495660004 0.00190275740084 0.805378092737
20.8667 0.0505666980186 1.22009519832 0.449632043159 -0.0390885049686 0.595655863025 0.00160423470316 0.802286487518
20.9 0.0539169706352 1.22075110596 0.459170076983 -0.0399881735789 0.6008302944 0.00244869258557 0.798372035589
20.9333 0.0580472454717 1.21829022574 0.468676637345 -0.0402644200668 0.606117772773 0.00417765408101 0.794344112593
20.9667 0.0611855510679 1.21821582822 0.474921462202 -0.0394382018704 0.610954243075 0.00513558620771 0.790666280333
21.0 0.0654357344411 1.21803652135 0.484154661321 -0.0390565934921 0.61636243848 0.00629665456295 0.786468231448
21.0333 0.069457346469 1.21714007376 0.492783527351 -0.0382096994109 0.621937687 0.00760351518596 0.782097000964
21.0667 0.0730706373634 1.21937934589 0.498108022087 -0.0367429702276 0.626661433617 0.00836664952894 0.778379984925
21.1 0.0775428882327 1.21823046036 0.508135871462 -0.0361005938576 0.63204605669 0.00967391208202 0.774029033545
21.1333 0.0827975027018 1.21623045866 0.516035963551 -0.0350930375234 0.636669856138 0.0104924649151 0.770266110629
21.1667 0.0869925956528 1.21631444521 0.521423463171 -0.0333959175424 0.640673944143 0.010411108264 0.767015787851
21.2 0.0910145637844 1.21742431567 0.53021732347 -0.0320953421418 0.645447226122 0.010046491999 0.763064109563
21.2333 0.0957444547205 1.21722085023 0.536943007733 -0.031611346798 0.649952602558 0.00988095452895 0.759252727304
21.2667 0.0994340991819 1.21886082311 0.544004604409 -0.0309394109838 0.654381358725 0.00859403863446 0.755482582659
21.3 0.104397047408 1.2216110812 0.549179147958 -0.030954303384 0.658615885509 0.0075781577286 0.75180417529
21.3333 0.108915321071 1.2221513361 0.554974921087 -0.031491395307 0.662381735693 0.00712762560141 0.748470390327
21.3667 0.113938012155 1.22336436201 0.561211998056 -0.0319456054533 0.66578967513 0.00677397274208 0.745424509978
21.4 0.119888716973 1.2239364919 0.565381289167 -0.0325807122819 0.668529900209 0.00675108191453 0.742940571383
21.4333 0.12482228627 1.22545120165 0.571758597543 -0.0329263839766 0.671623709145 0.00702900418792 0.740127042914
21.4667 0.130297443169 1.22637480423 0.576958787651 -0.0330087818494 0.67428482171 0.00739970558213 0.737696173156
21.5 0.135121466034 1.22933980204 0.582582925162 -0.0326199395744 0.677079682987 0.00750378785867 0.735148104531
21.5333 0.141599159399 1.23075688328 0.585821271292 -0.0326224120453 0.67923714149 0.0080338920805 0.733149466637
21.5667 0.149178658629 1.23033852481 0.591043387455 -0.0325372882995 0.681606814607 0.0090030664684 0.730939409216
21.6 0.155886364331 1.23160676359 0.594969597717 -0.0313348493503 0.683878909562 0.00939875250165 0.728861734298
21.6333 0.163071181173 1.23339714158 0.600128460702 -0.0303080472835 0.68617391403 0.00969404355069 0.726741224573
21.6667 0.177133302757 1.24138517635 0.607247529411 -0.0307290382721 0.690929090082 0.0117303673682 0.722173882916
21.7 0.194389902989 1.24034884396 0.616511433134 -0.0322608442459 0.696041844373 0.0160655356179 0.717096149324
21.7333 0.203352004643 1.23938620111 0.621938588105 -0.0322581606844 0.699020528344 0.0178623157687 0.714150299096
21.7667 0.214052664104 1.23603049689 0.625134121134 -0.0313820374211 0.701542699739 0.0192575690156 0.711675596186
21.8 0.224009433178 1.23701812879 0.628179130661 -0.0292190056309 0.704118305007 0.0186552359991 0.709235958221
21.8333 0.233658276949 1.23893237086 0.63360871871 -0.0286645126245 0.707244760592 0.0174592687848 0.706171628052
21.8667 0.24478187904 1.2374565687 0.637262768383 -0.0300014576394 0.710377685863 0.0168376550449 0.702979337776
21.9 0.254770517413 1.23923026895 0.641093346975 -0.0310227358303 0.713556960012 0.0152894755214 0.699743014698
21.9333 0.266015307487 1.2386291567 0.644723868301 -0.0324476788494 0.716511206296 0.0143691015809 0.696672353628
21.9667 0.277527603718 1.23597295368 0.647616175756 -0.0333395426762 0.719418376808 0.0134424970955 0.693646144138
22.0 0.288502528603 1.23424462476 0.650717821474 -0.0331344699193 0.722543193436 0.0120139284483 0.690426756467
22.0333 0.30047250911 1.23114798297 0.65402377848 -0.0328390229631 0.725287929865 0.0109523647452 0.687574769075
22.0667 0.312345277052 1.22765691548 0.655712444008 -0.0316979485563 0.727711138863 0.00938990863726 0.685086540553
22.1 0.323000361029 1.22820262935 0.659222222905 -0.0289623106626 0.730317818476 0.00703821965426 0.682456981825
22.1333 0.333149914955 1.23081780442 0.66321554482 -0.0270429090117 0.733326032593 0.00530135535994 0.679318413282
22.1667 0.343362021706 1.23069743429 0.665898762948 -0.0266050345262 0.73617458168 0.00511593693371 0.676249203043
22.2 0.354798217999 1.22777738985 0.66910057887 -0.0259881780125 0.738702397832 0.00542976928312 0.673508648532
22.2333 0.36498062625 1.22518383636 0.669947517534 -0.024212999266 0.740406539998 0.00554925474646 0.671700150339
22.2667 0.375575917246 1.22191057489 0.673125575475 -0.021274738612 0.742325155418 0.00523957106459 0.66968148849
22.3 0.386107487884 1.22099411266 0.675702449353 -0.0172876246066 0.744216714433 0.00383536540397 0.667703459603
22.3333 0.39577162848 1.22112862938 0.677720623808 -0.0138154182673 0.746139096384 0.00265922482182 0.66564142869
22.3667 0.405474416282 1.22076415093 0.681224074087 -0.0118095304649 0.748040561063 0.00196255263101 0.663545026643
22.4 0.414860980539 1.21847492882 0.68435547084 -0.0111475162366 0.750044176402 0.000974054955335 0.661293064793
22.4333 0.423996152338 1.21780042061 0.687708474344 -0.0106508542303 0.752453925215 -0.000703917227851 0.658558390906
22.4667 0.432678324052 1.21722636071 0.691904305405 -0.0103939307423 0.75541359843 -0.00174409539732 0.655163506037
22.5 0.441312501815 1.21514097053 0.69432529072 -0.0103548151111 0.758440087699 -0.00219816314815 0.651656795602
22.5333 0.450634674981 1.21151660339 0.697941017941 -0.0096516427358 0.761576633752 -0.00251188240376 0.647998122807
22.5667 0.459307575579 1.20713014097 0.698294959683 -0.00783537617331 0.763765787347 -0.00340276764336 0.645436945124
22.6 0.467270690516 1.20636665499 0.701490040406 -0.00535311072026 0.76610209155 -0.00501429841054 0.642677046688
22.6333 0.476213664849 1.20418266424 0.705053754859 -0.00323178495376 0.768375616384 -0.00650562871618 0.639957924014
22.6667 0.484085716198 1.20431121866 0.709227412389 -0.00184474436367 0.770758298899 -0.00846173839932 0.63706878795
22.7 0.491804785683 1.20302277063 0.712370351021 -0.00162675665192 0.773404132501 -0.00945741969553 0.633840641413
22.7333 0.500248044041 1.20000667381 0.716680675465 -0.00130817685643 0.776322817503 -0.0101482166696 0.6302524775
22.7667 0.508442577191 1.1965235198 0.720394141615 -0.000247616695385 0.778869593323 -0.0112541800922 0.627084873612
22.8 0.516440587816 1.19658252558 0.724378090527 0.00171855758403 0.781247354542 -0.0129116885373 0.624085655883
22.8333 0.524133243684 1.19562146052 0.729196393649 0.00292983207657 0.783580200496 -0.0141416854844 0.621122772248
22.8667 0.53265229275 1.19132216408 0.733771770184 0.00355767499218 0.786091188164 -0.0143673344659 0.617933302663
22.9 0.540821956891 1.18818652839 0.739104806627 0.00546344443113 0.788818827577 -0.015647203763 0.614402289262
22.9333 0.549204166945 1.1864425961 0.744042661738 0.00795344519151 0.791660279692 -0.0178295582212 0.610649532155
22.9667 0.557731695965 1.18450857718 0.749466416936 0.00994806677889 0.794980853187 -0.0199087319002 0.606226130604
23.0 0.565707910863 1.18337540874 0.755582074901 0.01126028072 0.798428464066 -0.022187591002 0.601575352431
23.0333 0.57458475363 1.17897911156 0.761473213078 0.0124311247598 0.801912525515 -0.0238659240328 0.596835141585
23.0667 0.583177994679 1.17546945084 0.76684975588 0.0147898174329 0.80527203382 -0.0259296572035 0.592153582886
23.1 0.591349686801 1.17510835147 0.773993971963 0.0179679327258 0.808645524058 -0.0278995048326 0.587359504431
23.1333 0.598692682164 1.17598454357 0.781741193448 0.0203309804341 0.812089457626 -0.028929639558 0.582460676786
23.1667 0.605681695683 1.17735185544 0.788836498157 0.0216331956765 0.815714519407 -0.0289262661845 0.577325816848
23.2 0.613318236621 1.17456844186 0.795480584517 0.0221631338098 0.819733803599 -0.0272621286909 0.571666041562
23.2333 0.621643517807 1.17097756665 0.801915918549 0.0229578051486 0.824028734584 -0.0255449083551 0.56550600476
23.2667 0.630638305742 1.16650349708 0.807627335141 0.0243023383157 0.827994092446 -0.0241262598914 0.559690184665
23.3 0.639389072633 1.16275963522 0.813712672359 0.0264940590092 0.831450595303 -0.023825684019 0.554454965879
23.3333 0.648018726433 1.16032471707 0.820105081317 0.0290649656959 0.834597890808 -0.0245174217897 0.549545707341
23.3667 0.655991197419 1.15749144156 0.825422884477 0.0314986618944 0.837757432075 -0.0252585750401 0.544547815797
23.4 0.664399451606 1.15609089337 0.831273531531 0.0337435522976 0.841169518613 -0.0261006097243 0.53908623782
23.4333 0.671054991641 1.15465010899 0.835365854517 0.0354859291704 0.84437499411 -0.026013736159 0.533942790647
23.4667 0.680290460329 1.14916439917 0.839826354445 0.037327662771 0.847416320365 -0.0257044180412 0.528991028718
23.5 0.688130355541 1.14485421572 0.843239721373 0.0399795875495 0.849740845049 -0.027392533736 0.52496835898
23.5333 0.69576437378 1.14491004049 0.847378468528 0.0426269773919 0.852123994772 -0.0294667413096 0.520768038083
23.5667 0.703389454572 1.14136877744 0.850692559972 0.0439560841037 0.854760271641 -0.030353273947 0.516266810336
23.6 0.71167715096 1.1368582399 0.853486217025 0.044630531292 0.857544353997 -0.0318812771597 0.51147764445
23.6333 0.71783016118 1.13983439534 0.856402554117 0.044909750261 0.860461490279 -0.0342328087408 0.50637659196
23.6667 0.724204776897 1.13896012228 0.859244244358 0.0442279668944 0.863529669278 -0.0329005453137 0.50127632234
23.7 0.733043271477 1.13101160479 0.861179702911 0.0439481254909 0.865649999193 -0.0317639283131 0.497704424354
23.7333 0.740607486746 1.1285364713 0.862855837237 0.0446087839773 0.867120825342 -0.0339338384099 0.494934364599
23.7667 0.74572118291 1.13190341019 0.863567542734 0.0438048637525 0.868632220087 -0.0350038973144 0.492274239942
23.8 0.753948012258 1.12461114609 0.864065311787 0.041217942422 0.87062178829 -0.0332607158826 0.489093557263
23.8333 0.762411709396 1.11814494989 0.8640710583 0.0408601654688 0.872117975064 -0.0348131530341 0.486342193135
23.8667 0.768946583786 1.11605530226 0.861654807548 0.0419462078013 0.872875136957 -0.0379610672577 0.484652935931
23.9 0.774813614823 1.11464986017 0.858576733916 0.0427590394552 0.873462770734 -0.0400519251797 0.483353179338
23.9333 0.782278880623 1.10972473011 0.855617847343 0.043057582176 0.874486419194 -0.0415930930226 0.481341419238
23.9667 0.789788526576 1.10685679985 0.853450197869 0.0442037184914 0.875684129666 -0.0444667762196 0.478796451673
24.0 0.796844579143 1.1042920217 0.849483238891 0.0449718749624 0.876643399406 -0.0474268456802 0.476680789469
24.0333 0.803301051592 1.10350477961 0.844651862709 0.0453121530535 0.877702290524 -0.0496757181354 0.474465827033
24.0667 0.810681019323 1.1011264325 0.839845181582 0.0451985955563 0.878857995376 -0.0514087972068 0.472147060239
24.1 0.818278227158 1.09993433465 0.834481950918 0.0452765623253 0.879957154418 -0.052866543778 0.469926130197
24.1333 0.82621770216 1.09777598337 0.829241368828 0.0452307590779 0.881186823685 -0.0534522842014 0.467554075494
24.1667 0.834284637171 1.09517468399 0.82328504582 0.04602260074 0.882231846242 -0.0545697164965 0.465371932694
24.2 0.842028973315 1.09385876498 0.817150545678 0.0476696135974 0.882765061504 -0.0574746674769 0.463842771557
24.2333 0.850505904242 1.09187518698 0.810967580834 0.0492528225676 0.883168079547 -0.0604910383945 0.462524742054
24.2667 0.858902772833 1.08973329651 0.804214658104 0.0508737489959 0.883602488205 -0.0630820313191 0.461171510206
24.3 0.867364450994 1.08694485139 0.796970015738 0.0519499063343 0.884358159554 -0.064564049441 0.459394532381
24.3333 0.875472661272 1.08553472543 0.790001000808 0.0525344476131 0.88572870588 -0.0649740249704 0.456621470667
24.3667 0.884419728972 1.0829865677 0.783472884374 0.0529059653316 0.887534430633 -0.0649386827146 0.453063528395
24.4 0.89375888034 1.07947062057 0.776692216864 0.0535229437863 0.889610026468 -0.0658009126421 0.448775595584
24.4333 0.902739265551 1.0763240414 0.768458496814 0.0537982551565 0.891605833233 -0.0679531053827 0.444440278729
24.4667 0.911328446707 1.07281046789 0.759187734636 0.0532757404491 0.893443604763 -0.0699290601373 0.440488532355
24.5 0.919564497987 1.06946497606 0.750577448205 0.05243509262 0.895273018208 -0.0724619368779 0.436447077703
24.5333 0.92788542076 1.06482509457 0.741450733082 0.0514553285025 0.897242181777 -0.0748204611295 0.432100352933
24.5667 0.935302457708 1.0621174947 0.732851139282 0.0511132104171 0.899237561627 -0.0775126878095 0.427493895522
24.6 0.943183485619 1.05822297734 0.723934770682 0.0519041681767 0.900880898021 -0.0814830952241 0.423178532182
24.6333 0.951311600741 1.05518671899 0.715307528156 0.0542691860152 0.902085103579 -0.0862795209652 0.419348501382
24.6667 0.957708535093 1.05273473176 0.706544484352 0.0568981725381 0.902784251929 -0.0905715516103 0.416581308353
24.7 0.964623031683 1.04856877393 0.697912262137 0.0598006787495 0.902954776877 -0.0960561158566 0.414571793954
24.7333 0.970199034787 1.04503680327 0.688860953185 0.0622657309585 0.902896624384 -0.102255410278 0.412849240635
24.7667 0.974166396806 1.04360173934 0.680488694329 0.0632316638486 0.903065478043 -0.106866613362 0.411161800271
24.8 0.978887504715 1.04216193066 0.673687297737 0.062865242437 0.9035525561 -0.110035453317 0.409307877609
24.8333 0.983641527026 1.03926671154 0.667108756493 0.0618010182212 0.903932262447 -0.113094691969 0.407794911325
24.8667 0.98810067141 1.03706944575 0.660635878073 0.0610845173109 0.904167879292 -0.116456519341 0.406432044632
24.9 0.993075632515 1.03458192147 0.654795768903 0.0612643436556 0.904126847299 -0.121155370414 0.405120599834
24.9333 0.997498613553 1.03086919465 0.648707817914 0.061886620438 0.903845917263 -0.126846855817 0.403908998696
24.9667 1.00167844386 1.02805290324 0.642918612451 0.062454992172 0.903682259212 -0.132276654587 0.402443331401
25.0 1.00546503487 1.02517521852 0.637823015657 0.0631213061229 0.903534156646 -0.137718354559 0.400843340103
25.0333 1.00893245567 1.02337613284 0.633031303223 0.063815140506 0.903236352405 -0.143171486457 0.399491733334
25.0667 1.01237963271 1.02090162015 0.628708012999 0.0645709660258 0.903014293323 -0.147800134599 0.39818450072
25.1 1.01579479761 1.01889398434 0.624944369105 0.0655792117308 0.902650010977 -0.152527397845 0.397061352411
25.1333 1.01931402534 1.01661416249 0.621217529459 0.0671877875911 0.902217373291 -0.156946557114 0.396052257587
25.1667 1.02307366357 1.01527438839 0.617908139995 0.0693873043154 0.90160165866 -0.161382784759 0.395291598552
25.2 1.02692903357 1.01226047469 0.614087890516 0.0713944875665 0.900792788342 -0.165435330384 0.395102937316
25.2333 1.03168710706 1.00943586042 0.610989070966 0.0728369453288 0.900129993684 -0.169224183431 0.394745423797
25.2667 1.03611251292 1.00768611751 0.607298215567 0.0742676402079 0.899344309961 -0.173193954577 0.394547822014
25.3 1.04133691574 1.00435775439 0.603641069285 0.0766636640776 0.898282925738 -0.178028732093 0.394355472242
25.3333 1.04743296897 0.99995414818 0.60037179008 0.0790202676122 0.896903429625 -0.183900359437 0.394335761798
25.3667 1.05353600879 0.996512676671 0.597501570535 0.0809624582375 0.895583489493 -0.189461854875 0.394308888121
25.4 1.06004535624 0.993016916634 0.594964731649 0.0821785365156 0.894370145236 -0.194347100138 0.394433690389
25.4333 1.06698273324 0.989128074366 0.592481121136 0.0831854445967 0.893289515139 -0.198727333995 0.394488872687
25.4667 1.07448481639 0.985224569051 0.590035730972 0.0842554475947 0.892381936548 -0.202753755725 0.394266931675
25.5 1.08202411382 0.981415497788 0.587629204197 0.0851099500519 0.891583048462 -0.206603015012 0.393892318135
25.5333 1.08959960678 0.977937889959 0.585071654643 0.0861586720243 0.890956355419 -0.210128046113 0.393217065005
25.5667 1.0976940901 0.973977566248 0.582890364508 0.0871033504395 0.890487260954 -0.213530784074 0.392237235195
25.6 1.10585122444 0.970579811364 0.580531753149 0.0884654314115 0.890124138296 -0.216782423239 0.390970928386
25.6333 1.11397182831 0.966509892108 0.578175745305 0.0897022206463 0.889763400152 -0.220076760802 0.389667579761
25.6667 1.12207824932 0.962300596792 0.575767202143 0.0903873645831 0.889405109795 -0.223620903807 0.388307051668
25.7 1.13025383729 0.958541530305 0.573702926799 0.0908967491927 0.889287633819 -0.22676184497 0.38663206151
25.7333 1.13833109556 0.955987020228 0.571633208095 0.0917009060675 0.889342613952 -0.229333596461 0.384794439109
25.7667 1.14632272167 0.952946804207 0.569554303314 0.0926117386786 0.889369730498 -0.231919183931 0.38295958071
25.8 1.15433065985 0.950694657793 0.567292880077 0.0941934388318 0.889359860414 -0.23432966152 0.381124972282
25.8333 1.16230648962 0.949153972948 0.565397931984 0.0959002183521 0.889278084075 -0.236246082977 0.379704392365
25.8667 1.17063635121 0.947281406489 0.5636496943 0.0977396468782 0.888800073157 -0.238907579147 0.378687945426
25.9 1.17888796321 0.944125484162 0.561943000342 0.0998162052122 0.888066304251 -0.242289713079 0.37771769798
25.9333 1.18696663761 0.940896939671 0.560459462153 0.101063828879 0.887466922416 -0.245693282883 0.376594443474
25.9667 1.19444368918 0.938604749671 0.558582514658 0.101925907025 0.887172222159 -0.248429111032 0.375259289688
26.0 1.20210019558 0.936243008977 0.556987525249 0.103002583996 0.887133362442 -0.250939510329 0.373382146184
26.0333 1.2096620193 0.933949466684 0.555755615719 0.103827234831 0.887363440996 -0.253105067892 0.371138590689
26.0667 1.21666708946 0.932591686864 0.554411734054 0.104225018549 0.887906766074 -0.254528208057 0.368746676692
26.1 1.22373479735 0.93092603723 0.552747575481 0.104517626412 0.888576593885 -0.255841094236 0.366132540303
26.1333 1.23018654869 0.929500014309 0.551141857281 0.104618956278 0.889106606852 -0.257984399336 0.363302030463
26.1667 1.23633850886 0.928903867282 0.549809587688 0.104273600341 0.889910099128 -0.259752973042 0.360160276456
26.2 1.24245229288 0.927910809384 0.548375476712 0.103476374105 0.890896350093 -0.261279858164 0.356832130154
26.2333 1.24815444821 0.92608726196 0.547052705069 0.10278357963 0.891915514101 -0.262842605822 0.35332140613
26.2667 1.25314436604 0.925341471678 0.545217509583 0.101776623634 0.893042232228 -0.26440638166 0.349580256417
26.3 1.25820347765 0.925093130672 0.544064796421 0.100702860974 0.894659012427 -0.264874792654 0.345377372582
26.3333 1.26300900259 0.924973988564 0.542362510385 0.100058690692 0.896158178882 -0.26558246111 0.341108096051
26.3667 1.26766739564 0.924883664575 0.541027526191 0.100146785697 0.897468883989 -0.266576576005 0.336834013591
26.4 1.27174766748 0.92515162803 0.539501006795 0.100127755825 0.898561069321 -0.267820849407 0.332918052735
26.4333 1.27545988007 0.925914982971 0.538117265108 0.0993823278768 0.899826619334 -0.26859887781 0.329074233087
26.4667 1.27861422607 0.92709857377 0.536738683736 0.0979079636958 0.901319749542 -0.268572672122 0.325431190145
26.5 1.281574251 0.927977042373 0.535330426089 0.095807633828 0.902942528189 -0.267876975692 0.322114287144
26.5333 1.28459358865 0.929131868435 0.533593316397 0.0932896608753 0.904445855942 -0.267291491624 0.319108118589
26.5667 1.28696854366 0.930106095222 0.531976702377 0.0906808344408 0.906308760307 -0.265368787511 0.316165817051
26.6 1.2895902364 0.931489774828 0.530720512307 0.088119798004 0.908413620051 -0.262797231918 0.312981167169
26.6333 1.29182375596 0.933261280533 0.529249455397 0.086015001306 0.91048723461 -0.259897054815 0.309948279654
26.6667 1.29409411191 0.935338287417 0.527643723008 0.0842518083602 0.9123298218 -0.257119767172 0.307319629004
26.7 1.29600235877 0.936966535571 0.525653469075 0.0819793349757 0.913946911162 -0.254537437457 0.30527221483
26.7333 1.29789068451 0.939034272142 0.523815515603 0.0802304701048 0.915144892301 -0.253040786745 0.303386318092
26.7667 1.29877764615 0.939403518345 0.521314019562 0.0781439351147 0.915999347176 -0.252587609939 0.301725406097
26.8 1.2995455887 0.940090208105 0.519271790566 0.0755985056359 0.916997162284 -0.252297456386 0.299578143079
26.8333 1.30046981621 0.941741945237 0.517153013983 0.0731425584263 0.918253858379 -0.251620959856 0.29689545345
26.8667 1.3016288785 0.943084218122 0.515465625453 0.0706636864675 0.919823076995 -0.250068873508 0.293934871945
26.9 1.30222201407 0.94615024725 0.513523634457 0.0681634148399 0.921368918774 -0.248322369761 0.291151275234
26.9333 1.30314379463 0.948478366442 0.511271713902 0.0661379632336 0.92288274405 -0.246412673676 0.288433709551
26.9667 1.3033038126 0.952392322078 0.508824522584 0.0644373812105 0.924190870205 -0.244491440097 0.286256869003
27.0 1.30403680229 0.954565710094 0.506825440745 0.0626616764257 0.925681893625 -0.241789330988 0.284120512357
27.0333 1.30476914691 0.958225978685 0.504776923374 0.0616453002601 0.926901487308 -0.239288864403 0.282478900372
27.0667 1.30537571738 0.961814529369 0.50250748225 0.0605949511091 0.927771470089 -0.237228448848 0.281586601682
27.1 1.30557036235 0.964429947731 0.49949230838 0.0595030139028 0.928475266575 -0.235285976638 0.281129116054
27.1333 1.30580599688 0.96720402242 0.496726149594 0.0582881919114 0.929279817223 -0.233226197567 0.280440811497
27.1667 1.30659186466 0.969966583753 0.494064153186 0.0575269297749 0.930339169849 -0.230531432733 0.279311546336
27.2 1.30643795468 0.974172700635 0.490832546423 0.0566082048326 0.931413286243 -0.227413217924 0.278474468612
27.2333 1.3072957783 0.977671804953 0.487980276732 0.0562362601834 0.932570198147 -0.223904058211 0.277519875479
27.2667 1.30768836129 0.981025631596 0.484332500849 0.0560328242284 0.933412213669 -0.220851129879 0.27717637059
27.3 1.30770203555 0.982789234218 0.480124186981 0.0554677893808 0.934048031284 -0.218242865895 0.277214088894
27.3333 1.30805145149 0.98510700996 0.475956443041 0.0547694121738 0.93468812823 -0.215917114276 0.277016631628
27.3667 1.30749362391 0.987123654546 0.470548460762 0.0532502190475 0.935217045785 -0.213977826994 0.277032454776
27.4 1.30741088984 0.98972671399 0.465762722514 0.0504151055581 0.935990968006 -0.21229726896 0.276241008061
27.4333 1.30752703034 0.991664925279 0.460745233198 0.0483318534537 0.937316897831 -0.209221307203 0.274458575371
27.4667 1.30769953358 0.992473756077 0.455094034306 0.0467942069456 0.938582675229 -0.20630059371 0.27260397831
27.5 1.30788329063 0.994716096057 0.449330686775 0.0446282496047 0.939556103587 -0.204754125745 0.27077369802
27.5333 1.30810343694 0.996158577844 0.443253121068 0.042679973363 0.940481287127 -0.203468944735 0.268837789319
27.5667 1.30851100142 0.999530185476 0.437507449616 0.0402271444479 0.941316426717 -0.202419964774 0.267079238248
27.6 1.30848036185 1.00275103638 0.432186896257 0.0371489638911 0.942679867545 -0.199231334122 0.26510657727
27.6333 1.30896734485 1.00618432041 0.425967099014 0.0344725726158 0.94434515881 -0.195040121007 0.26264655712
27.6667 1.30960319456 1.00960983691 0.420312294497 0.0321271045725 0.946143519068 -0.190201838816 0.260006828734
27.7 1.30893888078 1.01427875374 0.413789188693 0.0295678729578 0.947807824664 -0.18518472682 0.257861756269
27.7333 1.30955178932 1.01818781133 0.407456313201 0.027541065529 0.949393875111 -0.180145866506 0.25581287378
27.7667 1.31015888934 1.02135211089 0.400833133543 0.0260997946551 0.950562134348 -0.176119413017 0.254425591914
27.8 1.3105666169 1.02649285695 0.394401752136 0.0245429272465 0.951351143773 -0.173101211381 0.253701826133
27.8333 1.31198992174 1.02911281626 0.38839840504 0.0227614647606 0.952406820831 -0.169012427377 0.252661755611
27.8667 1.31267768784 1.03245310753 0.382207334979 0.0208166188905 0.953572407883 -0.164701974773 0.251275925645
27.9 1.31336567572 1.03496303195 0.375699404806 0.0184312004469 0.954673640419 -0.160720243784 0.249855026721
27.9333 1.31326486655 1.03947692798 0.369795289111 0.0152929217833 0.955930712192 -0.156445893605 0.247966292882
27.9667 1.31340857196 1.04229640864 0.363485704882 0.0120999981754 0.957503985362 -0.1518226563 0.244927722184
28.0 1.31531312859 1.04438942156 0.358939266139 0.00931066788836 0.959086246806 -0.147883234393 0.241241438472
28.0333 1.31642778289 1.04637494938 0.353613565669 0.00788207536942 0.960347680776 -0.144675542586 0.238199899862
28.0667 1.31754739508 1.04836518196 0.348711245832 0.00692403730753 0.96128583 -0.142211979393 0.235918129157
28.1 1.31839129703 1.0517507406 0.343626781048 0.00574924773364 0.962116417107 -0.139354281844 0.234263377879
28.1333 1.31922181147 1.0566618118 0.339018439478 0.00412314213428 0.963017900525 -0.136198199007 0.232442624219
28.1667 1.31893613643 1.05956620116 0.333922135309 0.00196677504195 0.964091482106 -0.13222669654 0.230303813795
28.2 1.31995524342 1.06177422071 0.329419427648 0.000108727368993 0.965292888703 -0.128365848312 0.227446336934
28.2333 1.32057646699 1.06617704525 0.326038552445 -0.000947011777737 0.96631175201 -0.125398056903 0.224757710483
28.2667 1.3212251861 1.06955775101 0.322057578204 -0.00122031872019 0.967269142196 -0.122256968324 0.222355910814
28.3 1.3217435866 1.07466670351 0.318614510513 -0.00133780748219 0.96808314265 -0.119698562439 0.220194217315
28.3333 1.32255757554 1.07868295905 0.315022274798 -0.000966258296387 0.968822330743 -0.117049044892 0.218361807301
28.3667 1.32337129187 1.08127448388 0.31126296327 -0.000906931780306 0.969367334146 -0.114773827511 0.217147685882
28.4 1.32278220611 1.08627098022 0.307421031051 -0.000989529755952 0.969812907261 -0.1126163792 0.216285683474
28.4333 1.3238671004 1.09016807155 0.304762126998 -0.0017238697052 0.970586881787 -0.109490108931 0.214406271414
28.4667 1.32404305471 1.0926515052 0.301294032285 -0.00270530550711 0.971364360982 -0.106461383831 0.212390991542
28.5 1.32389127201 1.09583108884 0.298014303459 -0.00396680615752 0.97211428965 -0.104528963944 0.209885130496
28.5333 1.32414795114 1.09841169685 0.295319554263 -0.00513403436011 0.972932522208 -0.102741294562 0.206930363441
28.5667 1.32517897636 1.09959331694 0.292452555753 -0.00557637413207 0.973465070383 -0.101994178493 0.204772674809
28.6 1.32637856246 1.10164183676 0.290309544853 -0.00579685336122 0.973702034348 -0.101988651698 0.203639533792
28.6333 1.32596621965 1.10741862013 0.288287681334 -0.0060844145501 0.973880812219 -0.101442579752 0.203048138391
28.6667 1.32628333328 1.11204469296 0.286820430696 -0.00636869764441 0.974318276925 -0.099517099711 0.201890271694
28.7 1.3267442092 1.11524776163 0.284490656549 -0.00669166043265 0.974697289513 -0.09731354074 0.201123072482
28.7333 1.32662058864 1.11892816189 0.282652517595 -0.00664811609815 0.974991982188 -0.0953070397428 0.200656436222
28.7667 1.32682726071 1.1249211128 0.281567752769 -0.0069556451131 0.975381324579 -0.0931640617823 0.199758224502
28.8 1.32649215785 1.12859711904 0.279658218437 -0.00730127119909 0.975851257226 -0.0904609643535 0.198690284458
28.8333 1.32741742211 1.12898901886 0.277943870146 -0.00724531604581 0.976412196343 -0.0878651296212 0.197095020802
28.8667 1.3286297865 1.13059500096 0.276968334048 -0.00640544411372 0.976805995225 -0.0863705508309 0.195829379631
28.9 1.32845336827 1.13305411768 0.275466814236 -0.00580948830835 0.976905879735 -0.0852311878813 0.19584891268
28.9333 1.32915810851 1.13693756315 0.274696263177 -0.00622505903298 0.977044374317 -0.0839858522489 0.19568320285
28.9667 1.32838312982 1.13995190082 0.273637572944 -0.00656244566214 0.977284582178 -0.0820598810138 0.195289415154
29.0 1.32931687072 1.14252477133 0.273178276142 -0.00683493882164 0.977715488203 -0.0799463009543 0.193995610009
29.0333 1.33003474768 1.14393084922 0.272435172941 -0.00687884347816 0.978050521005 -0.0780196165727 0.193087543111
29.0667 1.33124994649 1.14708730437 0.271925647904 -0.00716770714661 0.978285603251 -0.0764257357917 0.192522750229
29.1 1.33166829832 1.14913362086 0.270628357326 -0.00734091621567 0.978488487929 -0.0745404935069 0.192224100383
29.1333 1.33203148342 1.15034162356 0.269373081645 -0.00779309910948 0.978665280345 -0.0726204363075 0.192041164557
29.1667 1.33336090567 1.15019082139 0.26785327266 -0.00834945628835 0.97879954667 -0.0711182076633 0.191895634542
29.2 1.33412780488 1.15102390672 0.266599213033 -0.00880168255211 0.978796081726 -0.0703797797344 0.192165156537
29.2333 1.33489656437 1.15119219945 0.265110671155 -0.00886224209107 0.978807784978 -0.0697174414911 0.192344116324
29.2667 1.33592901418 1.15114988621 0.264017050598 -0.00862995935686 0.978822571022 -0.0696363955449 0.192308789906
29.3 1.33661743174 1.1520522126 0.262777792268 -0.008574764623 0.978846999142 -0.0696707719321 0.192174423952
29.3333 1.33721711901 1.15117597705 0.261552995953 -0.00824114577184 0.978885432614 -0.0694756099396 0.19206387728
29.3667 1.33816797939 1.15119078278 0.260145942809 -0.0078361105507 0.978833169232 -0.0701834272753 0.192089845431
29.4 1.3376728258 1.15503233463 0.259625162001 -0.00729931436624 0.978839188938 -0.0701507491016 0.192092255464
