# Format: tx ty tz qx qy qz qw
# Newline means next odometry; Empty line means next step

1.5244786343069811e-01 -3.9322754665967900e-02 -5.1082158505494375e-03 1.0621268571065089e-03 9.7850478617991202e-04 -1.0267119212722971e-04 9.9999895193622534e-01

1.5579966853499588e-01 -4.0040773187921236e-02 -2.7647032346642215e-03 7.6587399922661251e-04 3.7442927012565070e-04 4.8837058224101735e-04 9.9999951736684023e-01

1.6012623307837909e-01 -4.1471951978538042e-02 -3.0042363478077379e-03 6.5688300600031811e-04 -2.5385666590308707e-04 8.2343504771387307e-04 9.9999941300794359e-01

1.5690682213163443e-01 -4.3703061140150330e-02 -2.0748594695870178e-03 1.0034354471986332e-04 1.5702355495917297e-04 6.8645272124962127e-04 9.9999974702868688e-01

1.6028246275741234e-01 -4.3242294962204803e-02 -1.9619226649436215e-03 7.4754234907225422e-05 -1.9807525269331441e-04 1.2332106489819051e-03 9.9999921718444051e-01

1.6023527889633443e-01 -4.3358176367264856e-02 -1.4240415240299713e-03 -7.0298593494133176e-05 -2.0652998269954956e-04 1.5480194456185144e-03 9.9999877801888837e-01

1.6424514517673086e-01 -4.2068463431263414e-02 -1.4117694665162263e-03 1.3555463339556725e-04 -6.9654581722601366e-04 1.7618941234090601e-03 9.9999819608735485e-01

1.6287990988360196e-01 -3.9670670224950168e-02 3.5754153714372247e-04 5.1102060343774308e-04 -2.3312365482275113e-04 1.9307387540377649e-03 9.9999797837754056e-01

1.6120043049908378e-01 -3.9840619838060545e-02 1.1763039138976448e-04 4.1344263042072520e-04 -1.6919572859145390e-04 2.5398342586288123e-03 9.9999667483443933e-01

1.6353811408016641e-01 -4.1337965213472321e-02 -1.2984260486045018e-03 -2.8517940229627625e-04 -5.4407976496655933e-04 2.7488266394903671e-03 9.9999603329314457e-01

1.6523230590801066e-01 -4.4330935605523827e-02 -1.2873711089810371e-03 -9.6374306803449880e-04 -7.5341730504398371e-04 3.1869368466256160e-03 9.9999417348062525e-01

1.6353085207580856e-01 -4.2460796441310768e-02 9.8863130099697852e-05 -6.1911586535824236e-04 -3.9765286022998395e-04 3.8942056778349461e-03 9.9999214683410731e-01

1.6116773958303054e-01 -3.7753949180157356e-02 7.6780138880448918e-04 1.6934505856380748e-04 1.0792001255684328e-04 4.0505244537142561e-03 9.9999177642977244e-01

1.6209082599087557e-01 -3.2865357310912724e-02 8.1135222568891623e-04 1.0542828186984692e-03 1.4843061556593437e-04 4.4497352315212091e-03 9.9998953310145200e-01

1.6146953112948223e-01 -3.4453277062042174e-02 3.6214666870433950e-04 4.5825414313539346e-04 1.5899985837348636e-04 4.9457055386305081e-03 9.9998765228322217e-01

1.6520463151663442e-01 -3.6058429950710208e-02 2.1600753536413710e-03 -1.1579624845129053e-05 -5.4530057467470341e-04 5.2699001112834296e-03 9.9998596523451899e-01

1.6318188819256380e-01 -3.3443497644899969e-02 1.0394092076852878e-03 1.3993012969949880e-04 -1.7439064199133825e-04 5.8900124706911649e-03 9.9998262872939847e-01

1.6279008147160484e-01 -3.2436413587761094e-02 8.8651988862360623e-04 4.1670361631863444e-05 -7.3580890413785750e-05 6.3983782310713068e-03 9.9997952659314260e-01

1.6280816348250277e-01 -3.0814609178527463e-02 9.3715083148703459e-04 7.8825207904959502e-05 -5.9696083373143959e-05 6.8719049453840695e-03 9.9997638329381855e-01

1.6324269909000802e-01 -2.9358467772368196e-02 1.0705908510978994e-03 4.1018629444694459e-05 -4.1681220895127151e-05 7.4576120408148565e-03 9.9997218991469783e-01

1.6309927371898614e-01 -2.8453840004845261e-02 6.8452299510726538e-04 -6.3323970355000727e-05 2.5826070111296061e-05 7.9298114950725630e-03 9.9996855621201486e-01

1.6199136376086673e-01 -2.5673000255147828e-02 6.2585041909344469e-04 1.2423661634902746e-04 1.6044151380171587e-04 8.4298690355071766e-03 9.9996444743392154e-01

1.6228518481354348e-01 -2.4295771965088128e-02 6.1218248154078670e-04 7.3816400830181871e-05 1.5063173187169807e-04 9.0983408674082805e-03 9.9995859517016039e-01

1.6220342598804566e-01 -2.2403567112102590e-02 5.9625138143997336e-04 4.7582090745592145e-05 2.2169117766271230e-04 9.5428254342226522e-03 9.9995444049801507e-01

1.6239673663270893e-01 -1.9949619477453832e-02 3.0461659423074877e-04 1.4462406655991989e-04 1.9702121048555783e-04 1.0118370315891053e-02 9.9994877811249538e-01

1.6218277218116534e-01 -1.8283685845478691e-02 3.7941971292746720e-04 6.3506028709593417e-05 2.8605689134362925e-04 1.0747793730229284e-02 9.9994219786364236e-01

1.6240342929247759e-01 -1.5397747596921611e-02 1.8058085481805739e-04 2.1593346885438462e-04 2.7621476444717564e-04 1.1237360569492769e-02 9.9993679740550212e-01

1.6207914185991457e-01 -1.4174760627567624e-02 -1.3664482680115529e-04 2.0221729134691546e-05 3.2937270908535248e-04 1.1888596438000144e-02 9.9992927368861173e-01

1.6150307461263549e-01 -1.2079331527346627e-02 9.7464898735959013e-05 6.8967380603249687e-05 4.8921054554346426e-04 1.2538556444098629e-02 9.9992126715999030e-01

1.6449653052638771e-01 -9.5636808140676342e-03 -5.7876039875560492e-04 1.5546670972883130e-05 -7.0316911382846916e-08 1.2824213899961766e-02 9.9991776626687867e-01

1.6415651682421703e-01 -7.1312454122375206e-03 -4.1956333822286646e-04 3.6430958815531293e-05 8.0893172966621928e-05 1.3323045067678393e-02 9.9991124036046541e-01

1.6574697965131252e-01 -4.3541027721241202e-03 -7.3048221005737033e-04 9.9213152593268195e-05 -1.9835564429069086e-04 1.3687454377944471e-02 9.9990629781217022e-01

1.6510913669489147e-01 -2.7259333685037035e-03 -3.8128196628129675e-04 -5.1281964908313419e-05 -2.6081749321060519e-05 1.4073334270979954e-02 9.9990096407214235e-01

1.6598221725485748e-01 -1.9116452017970339e-06 -2.9663515811697026e-04 2.5480770644749598e-06 -1.4982260090614215e-04 1.4319250039988086e-02 9.9989746305558147e-01

1.6620899759694635e-01 1.7905638924893027e-03 -3.0657218998871570e-04 -1.5078719806729148e-04 -1.8738688622882370e-04 1.4455493318131533e-02 9.9989548496945679e-01

1.6623674789459802e-01 4.3972193894172562e-03 3.1034322364816957e-04 -9.9140556994279099e-05 -1.5280330587846057e-04 1.4560540241880590e-02 9.9989397312423289e-01

1.6571295187411625e-01 5.8769969619248902e-03 -9.0836023302977206e-06 -2.9919192329124226e-04 -1.4750159140850013e-04 1.4555498595833648e-02 9.9989400747684265e-01

1.6554010644870340e-01 7.8048096569568980e-03 1.6646344316936324e-04 -3.7630738721655411e-04 -1.1673251912622843e-04 1.4493866736413964e-02 9.9989488077162214e-01

1.6608251943289173e-01 1.2324270120213974e-02 -3.3159250126606031e-04 1.4291342222530395e-04 -2.8772926411027247e-04 1.4307487625935861e-02 9.9989759104893239e-01

1.6497360282307755e-01 1.3214494453619099e-02 2.6654208319947859e-04 -2.0137015405460431e-04 -1.0141083064059005e-04 1.4012394614589811e-02 9.9990179615953756e-01

1.6548350030893860e-01 1.5561095208709652e-02 5.3552817974657728e-04 -1.9609337196327384e-04 -2.0085651791603684e-04 1.3679247895544106e-02 9.9990639530961145e-01

1.6437709345120288e-01 1.7652763183339127e-02 4.3718630055460789e-04 -1.5846778226479013e-04 -6.7441066614647413e-05 1.3316917056751278e-02 9.9991131109702336e-01

1.6390041844942074e-01 1.8877304085305708e-02 -1.3233408418026086e-04 -2.7012071777202817e-04 -1.1055561233396988e-04 1.2924931555295713e-02 9.9991642698604832e-01

1.6440581578117378e-01 2.1060971997090037e-02 5.0606169373021664e-04 -3.1622256534958112e-04 -1.8257951269430898e-04 1.2360730143896210e-02 9.9992353658583344e-01

1.6291278093707071e-01 2.3928445413754235e-02 5.8709594132536850e-04 -4.3113150405952320e-05 4.1683041242809393e-05 1.1814604781096831e-02 9.9993020332303539e-01

1.6322322250902815e-01 2.6023738136835770e-02 6.1310220266221711e-04 -3.9255571694739864e-05 -8.4692771567957496e-05 1.1259968245565695e-02 9.9993660019085384e-01

1.6223705369190480e-01 2.7505390253331156e-02 4.9059410051409456e-04 -1.6886013014017724e-05 3.1187092722812418e-05 1.0673133494216168e-02 9.9994303985959243e-01

1.6167591242007995e-01 2.8729573182574814e-02 3.1019110901377503e-04 -6.8543658111292497e-05 3.9282610911728724e-05 1.0120560843278279e-02 9.9994878269182408e-01

1.6124041916845352e-01 3.0912634747087921e-02 2.9445629865289854e-04 6.6264113914227526e-05 5.7131259260924082e-05 9.4955880444239794e-03 9.9995491205992737e-01

1.5988726405211598e-01 3.1716798081560034e-02 -1.8902434654187157e-05 -3.9300417910219214e-05 1.7810232435048150e-04 8.9249597787624639e-03 9.9996015512018610e-01

1.5975762812460817e-01 3.4147794087045304e-02 4.9295197397364137e-04 1.8235254272017486e-04 2.9341628882853586e-04 8.3460917499155705e-03 9.9996511109484898e-01

1.6025714329343996e-01 3.4553697349761582e-02 5.7394952321810006e-05 8.9697807778321583e-06 7.9544380961866839e-05 7.8429276446731200e-03 9.9996924056602610e-01

1.6071092261662276e-01 3.6205970653747893e-02 -7.3325472785394120e-04 1.1882098424466226e-04 -1.5692067293168968e-04 7.2713365414448540e-03 9.9997354411123152e-01

1.6065023857449048e-01 3.6436876389726675e-02 2.4596032665376473e-04 -5.5429636429734258e-05 -2.8648611014310641e-06 6.8476299371563838e-03 9.9997655316691891e-01

1.5904058347599237e-01 3.6695812140222807e-02 1.8845694654154560e-04 -2.3281480229701371e-04 1.8250930346821198e-04 6.2492674876075283e-03 9.9998042938024057e-01

1.5913627408338621e-01 3.8409798800735917e-02 -7.3678126183297015e-06 -3.4866793550736564e-05 1.1651784831288704e-04 5.8152772005966406e-03 9.9998308373640898e-01

1.5917262208149971e-01 3.9331113987203660e-02 -2.6907058614875603e-05 -3.0274674989664272e-05 8.4032114254068118e-05 5.3735774078128660e-03 9.9998555823966284e-01

1.5899889093935157e-01 4.0508800681980574e-02 -7.8745116069004403e-05 6.1416324599423603e-05 7.7017019662768631e-05 4.9187335846559788e-03 9.9998789810494049e-01

1.5889144746699119e-01 4.1326226458153155e-02 4.9114795011180278e-05 6.8587239346315431e-05 7.6906589150502308e-05 4.4752256521878690e-03 9.9998998081807255e-01

1.5901958501324767e-01 4.1952357863918127e-02 -2.3863533295756975e-04 8.0193162720204725e-05 7.6313836198475228e-06 4.1076651387555651e-03 9.9999156026334868e-01

1.5897308874786345e-01 4.2565783080392702e-02 -2.6133515347024326e-04 9.8584033899409487e-05 -2.5950273569866847e-05 3.7338445386249941e-03 9.9999302398203405e-01

1.5763469646579761e-01 3.8139864267166160e-02 3.4473021742803084e-04 -1.0403412763376600e-03 3.8687624301124852e-04 3.3944959175809890e-03 9.9999362268679837e-01

1.5935092126200015e-01 4.3039192692632545e-02 2.7084645545706268e-04 -2.6629598422851439e-05 -1.3979524859557201e-04 3.0334436167288835e-03 9.9999538897335771e-01

1.5794449161661214e-01 4.4681307340942798e-02 -1.4184765303764624e-04 2.3280144687835505e-04 1.8748659471254348e-04 2.6257423552270907e-03 9.9999650805857676e-01

1.5851276453406576e-01 4.3761237408666526e-02 -2.5285570016542110e-04 -3.8937294490898284e-05 3.4735773595173629e-05 2.3476485010000894e-03 9.9999724290811365e-01

1.5866328603047911e-01 4.4505825756030022e-02 -3.4654122454134387e-04 5.9757431975938727e-05 -8.7296974661195650e-06 1.9942578660169176e-03 9.9999800964222196e-01

1.5886810338773794e-01 4.4429208732161260e-02 -6.7516598044273712e-04 7.8903134533757896e-06 -7.7238525696602861e-05 1.7292561464377694e-03 9.9999850182144423e-01

1.5868615752314333e-01 4.4837524778200237e-02 -2.4628499207933030e-04 3.7099304965833821e-05 -8.2813164462822568e-07 1.3776903967946509e-03 9.9999905029561220e-01

1.5939676294565766e-01 4.4737176045828123e-02 -4.1634555251862258e-04 -5.8229316707968959e-06 -1.3417364873057234e-04 1.0907721077955993e-03 9.9999939608968480e-01

1.5846371105355025e-01 4.4993689337514138e-02 -2.6092147149436195e-04 5.0651015547022918e-05 1.7479702590632378e-05 7.7233330324717286e-04 9.9999970031505681e-01

1.5902521717982981e-01 4.4949093070096063e-02 -7.2188710446300836e-05 2.5448668602087365e-05 -4.1337444373028765e-05 4.6783634486599287e-04 9.9999988938636153e-01

1.5905361253698930e-01 4.4772026592654161e-02 -5.1094043343873015e-05 5.0211661486463259e-06 -4.1204145920453801e-05 1.6233853422775252e-04 9.9999998596160322e-01

1.5940322375238236e-01 4.4925773850203146e-02 -1.2838162375087417e-04 6.5206834764051122e-05 -9.2299435308062862e-05 -1.0443049832873840e-04 9.9999998816157687e-01

1.5903606196423581e-01 4.4419367911519736e-02 -3.7497353990840435e-05 1.4531461480424236e-05 -4.7146359969463836e-05 -4.6879625046806887e-04 9.9999988889806024e-01

1.6024684056439795e-01 4.4050424437067200e-02 -3.1879579799784898e-04 9.5756279072767553e-06 -2.4456170813755718e-04 -6.2970637182252422e-04 9.9999977178385568e-01

1.5957750657959358e-01 4.3344252274563365e-02 2.5454128258971129e-04 -1.1246917081727586e-04 -8.3704907538145149e-05 -1.0182844949685106e-03 9.9999947172029113e-01

1.5959249189329622e-01 4.3539615847179899e-02 2.3361938301935296e-04 -8.6282063960195255e-06 -6.7450188148572744e-05 -1.3367550559608859e-03 9.9999910423057203e-01

1.5959672189728252e-01 4.1477652235958160e-02 4.9124430707569295e-04 -3.2183206309411438e-04 -4.3930727074717850e-05 -1.6063347201883307e-03 9.9999865709058888e-01

1.5948530874443048e-01 4.1537768894789343e-02 3.2357541035229478e-04 -2.1353901353293514e-04 -2.6140737246599734e-05 -1.9404771340427427e-03 9.9999809413130569e-01

1.5928329685056669e-01 4.1705601832540073e-02 1.7535581482639221e-04 -5.7964440049398555e-05 1.3057873222947837e-05 -2.3220984890134793e-03 9.9999730216047233e-01

1.5960899061695358e-01 4.0910219064944749e-02 1.8577891462773336e-04 -1.0198640647236111e-04 -1.9169753436650376e-05 -2.6653795618338267e-03 9.9999644248521447e-01

1.5975605371726484e-01 4.0232446809493241e-02 2.1207694792765977e-04 -1.0232906708130427e-04 -8.9855355869072959e-06 -2.9978640281441587e-03 9.9999550111952551e-01

1.5977287930149084e-01 3.9878062571954025e-02 1.0276916232884051e-04 -6.2745439750363925e-06 5.8144835457035260e-06 -3.3703554814487912e-03 9.9999432029924573e-01

1.5946500554791362e-01 3.9004098783823701e-02 3.0609585644144179e-04 -2.8403672016556876e-05 1.0772750441377008e-04 -3.7705430962257035e-03 9.9999288527107821e-01

1.5945803322308846e-01 3.8565836928701976e-02 8.2796101851346636e-05 7.3314279258785011e-05 1.3285640442354773e-04 -4.1683214221134579e-03 9.9999130099752076e-01

1.5954848665580387e-01 3.6614815829879993e-02 1.7760233837663762e-04 -1.2910448453636619e-04 1.7192103592627827e-04 -4.5370331546695526e-03 9.9998968449946668e-01

1.5942932279193081e-01 3.5155090407212111e-02 1.7280551568268223e-04 -2.2556431039464427e-04 2.4676728156531360e-04 -4.9762262692478881e-03 9.9998756262203981e-01

1.6034720885860440e-01 3.4808021373723241e-02 -4.5299133524066377e-05 -4.1888266591531778e-05 1.1277966054295929e-04 -5.4145784367581164e-03 9.9998533382568844e-01


3.2176894507909626e-01 6.5039344014343151e-02 -2.9863559654233951e-04 1.3021135562430692e-04 2.4870652870971166e-04 -1.2222979012308765e-02 9.9992525719382153e-01


3.2325096638307510e-01 5.9640202737877936e-02 -4.2559351531209610e-04 2.5533175612632515e-04 1.7934471694749761e-04 -1.4143484441690396e-02 9.9989992723722831e-01


3.2569177487321510e-01 5.2373841680807456e-02 -1.4157153403871424e-04 1.1087970692982190e-04 6.4415669379304968e-05 -1.6199710597171322e-02 9.9986876785550216e-01


3.2628633644377669e-01 4.6943293197737143e-02 -8.4582959985625677e-04 5.5683997640942656e-04 9.8022892555775103e-05 -1.8443595691551747e-02 9.9982974255556123e-01


3.2766817432834183e-01 3.8169089646746757e-02 -4.0771978670172781e-04 4.2344001226831367e-04 5.5766304531174997e-05 -2.0652684593107325e-02 9.9978661933823310e-01


3.2899684879965679e-01 2.8396625173171673e-02 -3.0944533345508688e-04 2.5885007167673457e-04 1.6511799033469772e-05 -2.3022403637931604e-02 9.9973491569252149e-01


3.3023093923839575e-01 1.8819380237319109e-02 -2.4179422445342412e-04 2.3132370710945884e-04 -4.8735332528661718e-05 -2.5086466888467628e-02 9.9968525711509004e-01


3.3062596702625408e-01 9.8548499069545659e-03 -2.1801287184751217e-04 4.1557456169413179e-04 -2.4647126991510260e-05 -2.6887712021572304e-02 9.9963837342938566e-01


3.3061468004666772e-01 -2.4401609548345940e-03 -8.1040041546381159e-05 -4.6033036855687825e-05 1.1119945469157953e-05 -2.8116575258975578e-02 9.9960464982562613e-01


3.3083731149337470e-01 -1.3183992885812120e-02 -5.3294476968996791e-05 -2.0301306335302331e-04 -8.6085293663679664e-05 -2.8803350924452693e-02 9.9958507309310152e-01


3.3126710540906934e-01 -2.1336642289941546e-02 4.6980841736691669e-04 8.9582752126496877e-05 -1.4238177141642888e-04 -2.8951733845013695e-02 9.9958079653909382e-01


3.2775441017189838e-01 -3.5439525873131365e-02 1.2306999601923636e-03 -8.2165402837035273e-04 4.8494789977041969e-04 -2.7814865167459513e-02 9.9961263646770104e-01


3.2868715371693552e-01 -4.2892361865422508e-02 4.8001979229917916e-04 -7.8305406825917646e-04 2.5634931891367938e-05 -2.6925898546929630e-02 9.9963712523926251e-01


3.2912735738354282e-01 -4.9060292360263345e-02 2.5555083805457192e-03 -5.8917036175319410e-04 -4.4657485792627021e-04 -2.4957553273463658e-02 9.9968823839424226e-01


3.2635882281275830e-01 -5.5950668198047525e-02 1.6407202040626091e-03 -3.7807528791314603e-04 -2.4559703954872450e-04 -2.3096057155216610e-02 9.9973314883775555e-01


3.2398099518191453e-01 -6.1326695760434223e-02 1.7351803659019045e-03 -2.3320115401638929e-04 -1.2512067321402638e-04 -2.0749684021025436e-02 9.9978466710340508e-01


3.2559373501301520e-01 -6.3338532935270669e-02 2.4039511477471796e-03 2.3462353438391507e-04 -5.6388993584994944e-04 -1.8185666226590964e-02 9.9983444055695159e-01


3.1951904690776872e-01 -7.0635122867458655e-02 1.7576163609121043e-03 -9.2017658975586646e-05 1.8818523726287371e-04 -1.6231178458235237e-02 9.9986824380261419e-01


3.1610156406326556e-01 -7.3126569893089743e-02 1.0499366660186782e-03 2.9274525178436106e-04 5.2775561609120982e-04 -1.3937775069215104e-02 9.9990268236481250e-01


3.1660415557584437e-01 -7.7696671532412151e-02 3.8323378685659374e-04 6.0255215536136260e-05 2.3730962347003629e-04 -1.2052574665647251e-02 9.9992733510859710e-01


3.1491680090005719e-01 -8.0750216250373125e-02 1.5134356401951579e-05 4.1020045709782534e-05 3.6285809024996888e-04 -1.0246652286610709e-02 9.9994743500260030e-01


3.1330356239579188e-01 -8.2592267829034269e-02 -4.8547761177290111e-04 2.4021178095958874e-04 5.6285889606893407e-04 -8.4817746493628665e-03 9.9996384183977416e-01


3.1505744935691937e-01 -8.5684944452828940e-02 -7.6952501748845184e-04 -2.3054761097760113e-05 1.8782477084856722e-04 -7.1039526063428988e-03 9.9997474870503622e-01

1.5750179835494416e-01 -4.2914491404044602e-02 -4.3572216572945808e-04 2.7314008648712619e-06 8.9293806826080759e-05 -2.9890902339273513e-03 9.9999552866936803e-01

1.5625219113296557e-01 -4.4361874589451032e-02 -1.3545815723370550e-03 -2.2018043453044629e-04 3.5176169451955295e-04 -2.6887936097618002e-03 9.9999629907975696e-01

1.5956815311639985e-01 -4.3926170196320363e-02 5.2022428441023962e-04 -3.6741628131370308e-05 -3.0591955509692907e-04 -2.3439821919599068e-03 9.9999720540147630e-01

1.5845604934995039e-01 -4.4585813296864951e-02 1.9181250280401844e-04 -1.4474070922038560e-04 -1.6000858768786135e-04 -2.0062649982729558e-03 9.9999796417199549e-01

1.5835539195861301e-01 -4.4786162149616303e-02 3.0540626313115557e-04 -1.4001976540341479e-04 -1.6393794858250046e-04 -1.6754519858692128e-03 9.9999857318871077e-01

1.5807854132546281e-01 -4.4609959887357740e-02 4.0552426265350668e-04 -7.0946418150636751e-05 -1.4888738190575675e-04 -1.3819134717589512e-03 9.9999903155668601e-01

1.5819582878058497e-01 -4.5177109136409342e-02 5.5221650159223228e-04 -1.6764940210421160e-04 -1.7292185075612116e-04 -1.0535955183754670e-03 9.9999941596392705e-01

1.5815052430214441e-01 -4.4805524416090002e-02 6.1279699418599252e-04 -7.6337542680527615e-05 -1.9639956190222268e-04 -7.4354383335329256e-04 9.9999970137113514e-01

1.5642457203876167e-01 -4.3897181077316300e-02 5.7715427271692562e-04 8.2536462829497720e-05 5.3982884069285056e-05 -4.3845423805598022e-04 9.9999989901572572e-01

1.5711586594879604e-01 -4.4035029121624221e-02 6.6658772082073617e-04 5.3490230200404648e-05 -4.8182151808058027e-05 -1.5929562041750703e-04 9.9999998472109031e-01

1.5883415661614894e-01 -4.4641831945116901e-02 1.1939865540751379e-03 -9.2663436692967127e-07 -3.8364297370024571e-04 -1.5355045832684586e-05 9.9999992629071366e-01

1.5683552253177083e-01 -4.3287063823682227e-02 1.0003636249981752e-03 1.3938091517318161e-04 -3.0462585590673548e-05 4.4901729855293673e-04 9.9999988901422232e-01

1.5684703068625783e-01 -4.2954083725086557e-02 6.8160237927415094e-04 1.3264851433632496e-04 -4.3324617422662117e-05 7.5994654617072242e-04 9.9999970150425355e-01

1.5605736128783240e-01 -4.2464084340253720e-02 6.7473700845780901e-04 1.5946737923800899e-04 6.8168574456279951e-05 1.0405189381328696e-03 9.9999944362161508e-01

1.5551766632517083e-01 -4.2290626560831913e-02 5.3541573846552703e-04 1.1094715409473798e-04 1.5687103649907175e-04 1.3917279265709991e-03 9.9999901308730565e-01

1.5519899696860409e-01 -4.1293995389042340e-02 6.3826405940019216e-04 2.5227114515752650e-04 2.3999539957970687e-04 1.7108836073925259e-03 9.9999847581821821e-01

1.5613110173079450e-01 -3.9565035303564824e-02 8.9899218423897351e-04 5.6550753848421959e-04 3.5218745182665940e-05 1.8709500544970804e-03 9.9999808925155331e-01

1.5412663413731859e-01 -3.8299552321445600e-02 -1.4373537849236210e-05 7.1807012902547175e-04 5.1411916022372107e-04 2.4645131953971600e-03 9.9999657310987256e-01

1.5527667611410503e-01 -3.9540984036751291e-02 -3.0560240813112127e-04 2.7335558007663151e-04 3.1569627723849282e-04 2.7235487857370315e-03 9.9999620394009447e-01

1.5535377640425660e-01 -3.8629813714787201e-02 -4.7276892669925714e-04 3.2027470007889753e-04 3.4789214495372218e-04 3.0468816220914421e-03 9.9999524644247828e-01

1.5669462230994588e-01 -3.9291084447390719e-02 -2.2329127344197103e-04 5.1459117162081431e-05 1.2593608958329667e-04 3.4670630736607748e-03 9.9999398046473453e-01

1.5602879813057621e-01 -3.6936759709658804e-02 -4.9188224314664303e-04 3.7291305822591850e-04 3.4978604290413721e-04 3.7753241153615238e-03 9.9999274273036565e-01

1.5721537691126175e-01 -3.6893013498461323e-02 -7.1579862202544528e-04 1.7208922208448245e-04 1.5413369384332387e-04 4.1232634438001098e-03 9.9999147262698052e-01

1.5576519705865605e-01 -3.7261199860331884e-02 -1.4782323435842955e-03 -2.0119188029673631e-04 4.5821929773098532e-04 4.5613076559618193e-03 9.9998947195926524e-01

1.6006499026704321e-01 -3.6837000971056605e-02 2.4561706287705440e-03 -4.4393578843214407e-04 -6.6428565097031707e-04 5.0497290199687291e-03 9.9998693085580603e-01

1.5933933975959660e-01 -3.4918079968676338e-02 1.6345487457348573e-03 -2.0628744866379970e-04 -3.8716261822094875e-04 5.5185990762673309e-03 9.9998467619000597e-01

1.5927182280173638e-01 -3.3342966506809277e-02 1.5378907125539853e-03 -1.2478651833935112e-04 -3.6906173737412753e-04 5.9868827028500106e-03 9.9998200256667680e-01

1.5816526688413998e-01 -3.2065422427359193e-02 1.4153515730847143e-03 -7.0692857004136121e-05 -1.6636385030984827e-04 6.3712172622075606e-03 9.9997968725178965e-01

1.5771209916817513e-01 -3.0394969365787998e-02 1.2305082195553556e-03 -4.8010654822992043e-05 -8.9215551863390738e-05 6.8830443953175465e-03 9.9997630643701474e-01

1.5655647317920693e-01 -2.8969110362557188e-02 1.2614710186336538e-03 -5.8328105827911838e-05 1.2217278916241311e-04 7.4311767623697752e-03 9.9997237926033145e-01

1.5221999378798098e-01 -2.3938244028461831e-02 2.3243075854031750e-03 9.6348672225312639e-04 8.1552349521915872e-04 8.2606536203516812e-03 9.9996508349868363e-01

1.5508496855024884e-01 -2.1176288985053544e-02 5.4586602005637550e-04 9.2515899796084659e-04 4.7595148354988520e-04 8.6228406188466559e-03 9.9996228137399046e-01

1.5573125835376855e-01 -2.3664405286193072e-02 1.1462796629726438e-03 -3.3307653501176897e-05 3.3103919617193757e-04 8.9641050923532500e-03 9.9995976625239480e-01

1.5588140134056983e-01 -2.0938316472746021e-02 7.7621978202211382e-04 1.7427582437951606e-04 2.8892504208745330e-04 9.6093402286754788e-03 9.9995377229681304e-01

1.5620869906810592e-01 -1.9197159894068606e-02 4.9147769560784751e-04 1.5605104313264748e-04 2.6739882337361778e-04 1.0166635820926511e-02 9.9994827049304202e-01

1.5561172190626885e-01 -1.7442141894708621e-02 6.8359551031585555e-05 9.1852265701426424e-05 4.0590325888633646e-04 1.0769862413177846e-02 9.9994191674782140e-01

1.5641380508053737e-01 -1.4891783262491373e-02 2.2618051706296152e-05 1.8940455683376985e-04 2.7456836702393505e-04 1.1214385644625098e-02 9.9993706116572123e-01

1.5958060031416801e-01 -1.4220021639336384e-02 1.8760798161265903e-04 -2.3905679701970173e-05 -8.9350994163918537e-05 1.1749303680741263e-02 9.9993097027141631e-01

1.5714864490786581e-01 -1.1023866364778118e-02 3.7594814672108897e-04 1.5180953549884122e-04 2.8259863729891314e-04 1.2440463222391602e-02 9.9992256298509807e-01

1.5782101274010871e-01 -9.5493377852452245e-03 -2.0565007633123247e-04 -4.0101868612280499e-05 1.4773693611677230e-04 1.2904383739926802e-02 9.9991672325545722e-01

1.5784579733389412e-01 -7.1642789383601748e-03 -2.5361899314037766e-04 -3.1562521414936828e-05 1.7401214352102083e-04 1.3333725100100238e-02 9.9991108629644476e-01

1.5966689726182282e-01 -5.2839217077028733e-03 -4.7272009563281432e-05 -1.1253118162201009e-04 -5.6474425596379294e-05 1.3712942576778003e-02 9.9990596525536257e-01

1.5866715909612716e-01 -2.5199260061978474e-03 -3.1234366604510874e-04 -3.0759442350927997e-05 5.5416851169546622e-05 1.4057642380883218e-02 9.9990118445450427e-01

1.5829079938825114e-01 -4.9942667325831333e-04 -2.2170915840289741e-04 -1.0970550396066779e-04 1.3819083532116272e-04 1.4320783070877153e-02 9.9989743676050713e-01

1.5970466872966002e-01 1.9844698245579328e-03 -1.4988233014597116e-04 -9.0287521330053357e-05 -1.0204967697671481e-04 1.4496285853054160e-02 9.9989491404371766e-01

1.5825926535969692e-01 3.0128678383404121e-03 -1.0782351171201006e-04 -3.4981124096394444e-04 1.2565259886272666e-04 1.4548772397091105e-02 9.9989409192436862e-01

1.5996145623072403e-01 8.0665518253662874e-03 -5.7300792091200475e-05 2.2383466485687337e-04 -1.5377381924836260e-04 1.4504664399744719e-02 9.9989476494394458e-01

1.5985490518896009e-01 8.0570266249303697e-03 -2.8359199914009106e-04 -2.6801709635412526e-04 -1.8362676035017423e-04 1.4455838756364029e-02 9.9989545612223829e-01

1.5706754826319938e-01 1.1851471048240799e-02 -3.8638058547247662e-04 6.4471615175733962e-05 2.4175930026183596e-04 1.4284758492641663e-02 9.9989793632683255e-01

1.5876049257129674e-01 1.2321375386269217e-02 -1.6565028808587052e-04 -2.8761289664447061e-04 -1.1398265159108742e-05 1.4040573720948980e-02 9.9990138485677071e-01

1.5875006859553512e-01 1.5077540671350859e-02 -1.1326107280698695e-04 -1.5180795098144860e-04 -4.2752568789127160e-05 1.3686671049623881e-02 9.9990632069316532e-01
