# Format: frameIdx point2DIdx point3DIdx
# Newline means next feature; Empty line means next step, first feature
0 0 0
0 1 1
0 2 2
0 3 3
0 4 4
0 5 5
0 6 6
0 7 7
0 8 8
0 9 9
0 10 10
0 11 11
0 12 12
0 13 13
0 14 14
0 15 15
0 16 16
0 17 17
0 18 18
0 19 19
0 20 20
0 21 21
0 22 22
0 23 23
0 24 24
0 25 25
0 26 26
0 27 27
0 28 28
0 29 29
0 30 30
0 31 31
0 32 32
0 33 33
0 34 34
0 35 35
0 36 36
0 37 37
0 38 38
0 39 39
0 40 40
0 41 41
0 42 42
0 43 43
0 44 44
0 45 45
0 46 46
0 47 47
0 48 48
0 49 49
0 50 50
0 51 51
0 52 52
0 53 53
0 54 54
0 55 55
0 56 56
0 57 57
0 58 58
0 59 59
0 60 60
0 61 61
0 62 62
0 63 63
0 64 64
0 65 65
0 66 66
0 67 67
0 68 68
0 69 69
0 70 70
0 71 71
0 72 72
0 73 73
0 74 74
0 75 75
0 76 76
0 77 77
0 78 78
0 79 79
0 80 80
0 81 81
0 82 82
0 83 83
0 84 84
0 85 85
0 86 86
0 87 87
0 88 88
0 89 89
0 90 90
0 91 91
0 92 92
0 93 93
0 94 94
0 95 95
0 96 96
0 97 97
0 98 98
0 99 99

1 0 1
1 1 2
1 2 4
1 3 5
1 4 6
1 5 7
1 6 8
1 7 9
1 8 10
1 9 11
1 10 12
1 11 14
1 12 16
1 13 17
1 14 18
1 15 19
1 16 20
1 17 21
1 18 22
1 19 23
1 20 24
1 21 25
1 22 26
1 23 27
1 24 28
1 25 29
1 26 30
1 27 32
1 28 33
1 29 34
1 30 35
1 31 36
1 32 37
1 33 38
1 34 39
1 35 40
1 36 41
1 37 42
1 38 43
1 39 44
1 40 45
1 41 46
1 42 47
1 43 48
1 44 49
1 45 50
1 46 51
1 47 52
1 48 53
1 49 54
1 50 55
1 51 56
1 52 57
1 53 58
1 54 59
1 55 60
1 56 61
1 57 62
1 58 63
1 59 64
1 60 65
1 61 67
1 62 68
1 63 69
1 64 71
1 65 72
1 66 73
1 67 74
1 68 75
1 69 76
1 70 77
1 71 78
1 72 79
1 73 80
1 74 81
1 75 82
1 76 86
1 77 87
1 78 88
1 79 89
1 80 92
1 81 94
1 82 95
1 83 96
1 84 98
1 85 99

2 0 1
2 1 2
2 2 4
2 3 5
2 4 6
2 5 7
2 6 8
2 7 9
2 8 10
2 9 11
2 10 14
2 11 16
2 12 19
2 13 20
2 14 22
2 15 23
2 16 24
2 17 25
2 18 26
2 19 27
2 20 28
2 21 29
2 22 30
2 23 32
2 24 33
2 25 34
2 26 36
2 27 37
2 28 39
2 29 41
2 30 42
2 31 43
2 32 44
2 33 45
2 34 46
2 35 47
2 36 48
2 37 50
2 38 52
2 39 54
2 40 55
2 41 58
2 42 59
2 43 62
2 44 64
2 45 65
2 46 67
2 47 68
2 48 69
2 49 72
2 50 73
2 51 74
2 52 75
2 53 76
2 54 79
2 55 80
2 56 81
2 57 82
2 58 86
2 59 87
2 60 89
2 61 92
2 62 94
2 63 95
2 64 96
2 65 98

3 0 2
3 1 4
3 2 5
3 3 6
3 4 7
3 5 8
3 6 9
3 7 10
3 8 16
3 9 20
3 10 22
3 11 23
3 12 24
3 13 25
3 14 26
3 15 27
3 16 28
3 17 29
3 18 30
3 19 32
3 20 33
3 21 39
3 22 41
3 23 42
3 24 44
3 25 45
3 26 46
3 27 47
3 28 48
3 29 50
3 30 52
3 31 54
3 32 58
3 33 59
3 34 62
3 35 65
3 36 67
3 37 68
3 38 69
3 39 73
3 40 75
3 41 76
3 42 79
3 43 80
3 44 81
3 45 89
3 46 94
3 47 95
3 48 96
3 49 98

4 0 2
4 1 4
4 2 6
4 3 7
4 4 8
4 5 10
4 6 16
4 7 20
4 8 22
4 9 23
4 10 25
4 11 26
4 12 27
4 13 29
4 14 30
4 15 32
4 16 33
4 17 39
4 18 41
4 19 42
4 20 44
4 21 45
4 22 46
4 23 47
4 24 48
4 25 50
4 26 52
4 27 54
4 28 62
4 29 65
4 30 67
4 31 68
4 32 69
4 33 73
4 34 75
4 35 76
4 36 79
4 37 80
4 38 89
4 39 94
4 40 95
4 41 96
4 42 98

5 0 2
5 1 4
5 2 6
5 3 7
5 4 8
5 5 10
5 6 16
5 7 20
5 8 22
5 9 23
5 10 25
5 11 26
5 12 27
5 13 29
5 14 30
5 15 32
5 16 33
5 17 39
5 18 41
5 19 42
5 20 44
5 21 45
5 22 46
5 23 47
5 24 48
5 25 50
5 26 52
5 27 54
5 28 62
5 29 65
5 30 67
5 31 73
5 32 75
5 33 76
5 34 79
5 35 80
5 36 89
5 37 94
5 38 95
5 39 96
5 40 98

6 0 2
6 1 4
6 2 6
6 3 7
6 4 8
6 5 10
6 6 16
6 7 20
6 8 22
6 9 25
6 10 26
6 11 27
6 12 29
6 13 30
6 14 32
6 15 33
6 16 39
6 17 42
6 18 44
6 19 46
6 20 47
6 21 50
6 22 52
6 23 62
6 24 65
6 25 67
6 26 73
6 27 75
6 28 76
6 29 79
6 30 80
6 31 94
6 32 96
6 33 98

7 0 4
7 1 6
7 2 7
7 3 10
7 4 16
7 5 20
7 6 22
7 7 25
7 8 26
7 9 29
7 10 30
7 11 32
7 12 33
7 13 39
7 14 44
7 15 47
7 16 50
7 17 62
7 18 65
7 19 67
7 20 73
7 21 79
7 22 94
7 23 96
6 34 100
6 35 101
6 36 102
6 37 103
6 38 104
6 39 105
7 24 100
7 25 101
7 26 102
7 27 103
7 28 104
7 29 105

8 0 4
8 1 7
8 2 10
8 3 16
8 4 20
8 5 22
8 6 25
8 7 26
8 8 29
8 9 33
8 10 39
8 11 44
8 12 65
8 13 73
8 14 79
8 15 96
8 16 101
8 17 102
8 18 104
8 19 105
7 30 106
7 31 107
7 32 108
7 33 109
7 34 110
7 35 111
7 36 112
7 37 113
7 38 114
7 39 115
8 20 106
8 21 107
8 22 108
8 23 109
8 24 110
8 25 111
8 26 112
8 27 113
8 28 114
8 29 115

9 0 4
9 1 7
9 2 10
9 3 16
9 4 22
9 5 25
9 6 26
9 7 29
9 8 39
9 9 44
9 10 65
9 11 73
9 12 101
9 13 104
9 14 106
9 15 107
9 16 109
9 17 110
9 18 112
9 19 113
8 30 116
8 31 117
8 32 118
8 33 119
8 34 120
8 35 121
8 36 122
8 37 123
8 38 124
8 39 125
9 20 116
9 21 117
9 22 118
9 23 119
9 24 120
9 25 121
9 26 122
9 27 123
9 28 124
9 29 125

10 0 4
10 1 10
10 2 16
10 3 22
10 4 25
10 5 29
10 6 39
10 7 44
10 8 73
10 9 101
10 10 104
10 11 109
10 12 110
10 13 112
10 14 113
10 15 116
10 16 117
10 17 118
10 18 123
10 19 124
10 20 125
9 30 126
9 31 127
9 32 128
9 33 129
9 34 130
9 35 131
9 36 132
9 37 133
9 38 134
10 21 126
10 22 127
10 23 128
10 24 129
10 25 130
10 26 131
10 27 132
10 28 133
10 29 134

11 0 4
11 1 10
11 2 16
11 3 22
11 4 25
11 5 29
11 6 44
11 7 73
11 8 101
11 9 104
11 10 112
11 11 113
11 12 116
11 13 118
11 14 123
11 15 124
11 16 125
11 17 126
11 18 127
11 19 128
11 20 129
11 21 130
11 22 131
11 23 132
11 24 133
11 25 134
10 30 135
10 31 136
10 32 137
10 33 138
10 34 139
10 35 140
10 36 141
10 37 142
11 26 135
11 27 136
11 28 137
11 29 138
11 30 139
11 31 140
11 32 141
11 33 142

12 0 4
12 1 10
12 2 25
12 3 44
12 4 73
12 5 101
12 6 104
12 7 116
12 8 123
12 9 126
12 10 128
12 11 129
12 12 131
12 13 132
12 14 133
12 15 134
12 16 135
12 17 136
12 18 138
12 19 139
12 20 140
12 21 141
12 22 142
11 34 143
11 35 144
11 36 145
11 37 146
11 38 147
12 23 143
12 24 144
12 25 145
12 26 146
12 27 147

13 0 4
13 1 101
13 2 104
13 3 116
13 4 123
13 5 128
13 6 134
13 7 135
13 8 136
13 9 138
13 10 139
13 11 140
13 12 141
13 13 142
13 14 143
13 15 144
13 16 145
13 17 146
13 18 147
12 28 148
12 29 149
12 30 150
12 31 151
12 32 152
12 33 153
12 34 154
12 35 155
12 36 156
12 37 157
12 38 158
12 39 159
13 19 148
13 20 149
13 21 150
13 22 151
13 23 152
13 24 153
13 25 154
13 26 155
13 27 156
13 28 157
13 29 158
13 30 159

14 0 4
14 1 101
14 2 104
14 3 128
14 4 134
14 5 135
14 6 136
14 7 138
14 8 139
14 9 140
14 10 142
14 11 143
14 12 144
14 13 145
14 14 146
14 15 148
14 16 149
14 17 150
14 18 151
14 19 152
14 20 153
14 21 154
14 22 155
14 23 157
14 24 158
14 25 159
13 31 160
13 32 161
13 33 162
13 34 163
13 35 164
13 36 165
13 37 166
13 38 167
14 26 160
14 27 161
14 28 162
14 29 163
14 30 164
14 31 165
14 32 166
14 33 167

15 0 101
15 1 104
15 2 128
15 3 134
15 4 136
15 5 138
15 6 139
15 7 140
15 8 143
15 9 146
15 10 148
15 11 149
15 12 150
15 13 151
15 14 152
15 15 153
15 16 154
15 17 155
15 18 157
15 19 158
15 20 159
15 21 160
15 22 161
15 23 162
15 24 163
15 25 164
15 26 165
15 27 166
15 28 167
14 34 168
14 35 169
14 36 170
14 37 171
14 38 172
14 39 173
15 29 168
15 30 169
15 31 170
15 32 171
15 33 172
15 34 173

16 0 101
16 1 104
16 2 134
16 3 136
16 4 139
16 5 146
16 6 149
16 7 150
16 8 152
16 9 154
16 10 155
16 11 157
16 12 158
16 13 159
16 14 160
16 15 162
16 16 163
16 17 167
16 18 170
16 19 171
16 20 172
16 21 173
15 35 174
15 36 175
15 37 176
15 38 177
15 39 178
16 22 174
16 23 175
16 24 176
16 25 177
16 26 178

17 0 101
17 1 134
17 2 136
17 3 149
17 4 150
17 5 152
17 6 154
17 7 155
17 8 157
17 9 158
17 10 159
17 11 160
17 12 162
17 13 163
17 14 167
17 15 170
17 16 171
17 17 172
17 18 173
17 19 174
17 20 175
17 21 176
17 22 177
16 27 179
16 28 180
16 29 181
16 30 182
16 31 183
16 32 184
16 33 185
16 34 186
16 35 187
16 36 188
16 37 189
17 23 179
17 24 180
17 25 181
17 26 182
17 27 183
17 28 184
17 29 185
17 30 186
17 31 187
17 32 188
17 33 189

18 0 101
18 1 134
18 2 136
18 3 149
18 4 150
18 5 154
18 6 155
18 7 157
18 8 158
18 9 159
18 10 160
18 11 162
18 12 163
18 13 170
18 14 171
18 15 172
18 16 174
18 17 175
18 18 176
18 19 177
18 20 179
18 21 180
18 22 181
18 23 182
18 24 183
18 25 184
18 26 185
18 27 186
18 28 188
18 29 189
17 34 190
17 35 191
17 36 192
17 37 193
17 38 194
18 30 190
18 31 191
18 32 192
18 33 193
18 34 194

19 0 134
19 1 149
19 2 154
19 3 157
19 4 159
19 5 162
19 6 163
19 7 170
19 8 172
19 9 174
19 10 175
19 11 176
19 12 179
19 13 180
19 14 181
19 15 182
19 16 183
19 17 184
19 18 185
19 19 186
19 20 188
19 21 190
19 22 192
19 23 193
19 24 194
18 35 195
18 36 196
18 37 197
18 38 198
19 25 195
19 26 196
19 27 197
19 28 198

20 0 149
20 1 154
20 2 157
20 3 159
20 4 162
20 5 163
20 6 170
20 7 172
20 8 174
20 9 175
20 10 179
20 11 180
20 12 181
20 13 182
20 14 183
20 15 184
20 16 185
20 17 186
20 18 188
20 19 190
20 20 192
20 21 193
20 22 194
20 23 195
20 24 196
20 25 197
20 26 198
19 29 199
19 30 200
19 31 201
19 32 202
19 33 203
19 34 204
19 35 205
19 36 206
19 37 207
20 27 199
20 28 200
20 29 201
20 30 202
20 31 203
20 32 204
20 33 205
20 34 206
20 35 207

21 0 149
21 1 154
21 2 157
21 3 159
21 4 172
21 5 174
21 6 179
21 7 180
21 8 181
21 9 182
21 10 183
21 11 184
21 12 186
21 13 192
21 14 193
21 15 194
21 16 195
21 17 198
21 18 199
21 19 201
21 20 202
21 21 203
21 22 204
21 23 205
21 24 207
20 36 208
20 37 209
21 25 208
21 26 209

22 0 149
22 1 154
22 2 157
22 3 159
22 4 172
22 5 174
22 6 179
22 7 180
22 8 181
22 9 182
22 10 183
22 11 184
22 12 186
22 13 192
22 14 193
22 15 194
22 16 195
22 17 198
22 18 199
22 19 201
22 20 202
22 21 203
22 22 204
22 23 205
22 24 208
22 25 209
21 27 210
21 28 211
21 29 212
21 30 213
21 31 214
21 32 215
21 33 216
21 34 217
21 35 218
21 36 219
21 37 220
22 26 210
22 27 211
22 28 212
22 29 213
22 30 214
22 31 215
22 32 216
22 33 217
22 34 218
22 35 219
22 36 220

23 0 149
23 1 157
23 2 159
23 3 172
23 4 174
23 5 179
23 6 180
23 7 181
23 8 182
23 9 184
23 10 186
23 11 192
23 12 193
23 13 194
23 14 195
23 15 198
23 16 199
23 17 201
23 18 202
23 19 203
23 20 204
23 21 205
23 22 208
23 23 209
23 24 210
23 25 213
23 26 215
23 27 216
23 28 217
23 29 218
23 30 219
23 31 220
22 37 221
22 38 222
22 39 223
23 32 221
23 33 222
23 34 223

24 0 149
24 1 157
24 2 159
24 3 172
24 4 174
24 5 179
24 6 180
24 7 181
24 8 182
24 9 184
24 10 186
24 11 193
24 12 194
24 13 198
24 14 203
24 15 208
24 16 209
24 17 210
24 18 213
24 19 215
24 20 217
24 21 219
24 22 220
24 23 221
24 24 223
23 35 224
23 36 225
23 37 226
23 38 227
24 25 224
24 26 225
24 27 226
24 28 227

25 0 149
25 1 159
25 2 172
25 3 179
25 4 180
25 5 181
25 6 182
25 7 184
25 8 186
25 9 193
25 10 194
25 11 198
25 12 203
25 13 210
25 14 213
25 15 215
25 16 217
25 17 219
25 18 220
25 19 221
25 20 223
25 21 224
25 22 225
25 23 226
25 24 227
24 29 228
24 30 229
24 31 230
24 32 231
24 33 232
24 34 233
24 35 234
24 36 235
24 37 236
24 38 237
25 25 228
25 26 229
25 27 230
25 28 231
25 29 232
25 30 233
25 31 234
25 32 235
25 33 236
25 34 237

26 0 149
26 1 159
26 2 172
26 3 179
26 4 180
26 5 181
26 6 182
26 7 184
26 8 186
26 9 194
26 10 198
26 11 203
26 12 210
26 13 213
26 14 217
26 15 220
26 16 221
26 17 223
26 18 225
26 19 226
26 20 227
26 21 228
26 22 229
26 23 230
26 24 231
26 25 232
26 26 233
26 27 234
26 28 237
25 35 238
25 36 239
25 37 240
26 29 238
26 30 239
26 31 240

27 0 149
27 1 159
27 2 172
27 3 179
27 4 180
27 5 181
27 6 182
27 7 184
27 8 186
27 9 194
27 10 203
27 11 210
27 12 213
27 13 217
27 14 220
27 15 221
27 16 223
27 17 225
27 18 226
27 19 227
27 20 228
27 21 229
27 22 230
27 23 231
27 24 232
27 25 233
27 26 234
27 27 237
27 28 239
27 29 240
26 32 241
26 33 242
26 34 243
26 35 244
26 36 245
26 37 246
26 38 247
27 30 241
27 31 242
27 32 243
27 33 244
27 34 245
27 35 246
27 36 247

28 0 149
28 1 159
28 2 172
28 3 179
28 4 180
28 5 181
28 6 182
28 7 184
28 8 186
28 9 194
28 10 203
28 11 210
28 12 213
28 13 217
28 14 220
28 15 221
28 16 223
28 17 226
28 18 227
28 19 228
28 20 230
28 21 231
28 22 232
28 23 233
28 24 234
28 25 239
28 26 240
28 27 241
28 28 242
28 29 245
28 30 246
28 31 247
27 37 248
27 38 249
27 39 250
28 32 248
28 33 249
28 34 250

29 0 149
29 1 159
29 2 172
29 3 179
29 4 181
29 5 182
29 6 184
29 7 186
29 8 194
29 9 210
29 10 220
29 11 221
29 12 223
29 13 227
29 14 228
29 15 230
29 16 231
29 17 232
29 18 234
29 19 239
29 20 240
29 21 241
29 22 246
29 23 247
29 24 248
29 25 249
28 35 251
28 36 252
28 37 253
28 38 254
28 39 255
29 26 251
29 27 252
29 28 253
29 29 254
29 30 255

30 0 149
30 1 159
30 2 172
30 3 179
30 4 181
30 5 182
30 6 184
30 7 220
30 8 221
30 9 223
30 10 227
30 11 228
30 12 230
30 13 232
30 14 234
30 15 239
30 16 240
30 17 246
30 18 248
30 19 249
30 20 252
30 21 253
30 22 255
29 31 256
29 32 257
29 33 258
29 34 259
29 35 260
29 36 261
29 37 262
29 38 263
30 23 256
30 24 257
30 25 258
30 26 259
30 27 260
30 28 261
30 29 262
30 30 263

31 0 159
31 1 172
31 2 179
31 3 181
31 4 182
31 5 184
31 6 220
31 7 221
31 8 223
31 9 227
31 10 228
31 11 230
31 12 232
31 13 234
31 14 240
31 15 246
31 16 248
31 17 249
31 18 252
31 19 253
31 20 255
31 21 256
31 22 257
31 23 259
31 24 262
30 31 264
30 32 265
30 33 266
30 34 267
30 35 268
30 36 269
30 37 270
30 38 271
31 25 264
31 26 265
31 27 266
31 28 267
31 29 268
31 30 269
31 31 270
31 32 271

32 0 159
32 1 172
32 2 179
32 3 181
32 4 182
32 5 184
32 6 220
32 7 221
32 8 223
32 9 227
32 10 228
32 11 230
32 12 232
32 13 234
32 14 246
32 15 248
32 16 249
32 17 253
32 18 256
32 19 257
32 20 259
32 21 262
32 22 264
32 23 265
32 24 266
32 25 267
32 26 268
32 27 269
32 28 271
31 33 272
31 34 273
31 35 274
31 36 275
31 37 276
31 38 277
31 39 278
32 29 272
32 30 273
32 31 274
32 32 275
32 33 276
32 34 277
32 35 278

33 0 159
33 1 179
33 2 181
33 3 182
33 4 184
33 5 220
33 6 221
33 7 227
33 8 228
33 9 230
33 10 232
33 11 234
33 12 246
33 13 248
33 14 249
33 15 253
33 16 257
33 17 259
33 18 262
33 19 266
33 20 267
33 21 268
33 22 269
33 23 271
33 24 272
33 25 273
33 26 274
33 27 275
33 28 276
33 29 277
33 30 278
32 36 279
32 37 280
32 38 281
32 39 282
33 31 279
33 32 280
33 33 281
33 34 282

34 0 179
34 1 181
34 2 182
34 3 220
34 4 227
34 5 228
34 6 230
34 7 234
34 8 246
34 9 253
34 10 257
34 11 259
34 12 262
34 13 266
34 14 267
34 15 268
34 16 269
34 17 271
34 18 272
34 19 273
34 20 274
34 21 275
34 22 276
34 23 277
34 24 278
34 25 279
34 26 280
34 27 281
34 28 282
33 35 283
33 36 284
33 37 285
33 38 286
33 39 287
34 29 283
34 30 284
34 31 285
34 32 286
34 33 287

35 0 227
35 1 228
35 2 230
35 3 234
35 4 246
35 5 253
35 6 257
35 7 259
35 8 262
35 9 266
35 10 267
35 11 268
35 12 269
35 13 271
35 14 272
35 15 273
35 16 274
35 17 275
35 18 276
35 19 278
35 20 279
35 21 280
35 22 282
35 23 283
35 24 284
35 25 285
35 26 286
35 27 287
34 34 288
34 35 289
34 36 290
34 37 291
34 38 292
35 28 288
35 29 289
35 30 290
35 31 291
35 32 292

36 0 227
36 1 228
36 2 230
36 3 234
36 4 246
36 5 253
36 6 257
36 7 266
36 8 267
36 9 268
36 10 269
36 11 272
36 12 275
36 13 276
36 14 278
36 15 279
36 16 282
36 17 283
36 18 284
36 19 286
36 20 287
36 21 288
36 22 289
36 23 290
36 24 291
36 25 292
35 33 293
35 34 294
35 35 295
35 36 296
35 37 297
35 38 298
36 26 293
36 27 294
36 28 295
36 29 296
36 30 297
36 31 298

37 0 228
37 1 230
37 2 257
37 3 267
37 4 268
37 5 272
37 6 275
37 7 276
37 8 278
37 9 279
37 10 283
37 11 284
37 12 286
37 13 287
37 14 288
37 15 289
37 16 292
37 17 293
37 18 295
37 19 297
37 20 298
36 32 299
36 33 300
36 34 301
36 35 302
36 36 303
36 37 304
36 38 305
36 39 306
37 21 299
37 22 300
37 23 301
37 24 302
37 25 303
37 26 304
37 27 305
37 28 306

38 0 228
38 1 230
38 2 257
38 3 267
38 4 268
38 5 272
38 6 276
38 7 278
38 8 279
38 9 286
38 10 289
38 11 292
38 12 293
38 13 295
38 14 297
38 15 299
38 16 300
38 17 301
38 18 302
38 19 303
38 20 304
38 21 305
38 22 306
37 29 307
37 30 308
37 31 309
37 32 310
37 33 311
37 34 312
37 35 313
37 36 314
37 37 315
37 38 316
37 39 317
38 23 307
38 24 308
38 25 309
38 26 310
38 27 311
38 28 312
38 29 313
38 30 314
38 31 315
38 32 316
38 33 317

39 0 228
39 1 257
39 2 267
39 3 276
39 4 278
39 5 286
39 6 297
39 7 299
39 8 300
39 9 301
39 10 303
39 11 305
39 12 306
39 13 307
39 14 309
39 15 310
39 16 311
39 17 312
39 18 313
39 19 314
39 20 315
39 21 316
39 22 317
38 34 318
38 35 319
38 36 320
38 37 321
38 38 322
38 39 323
39 23 318
39 24 319
39 25 320
39 26 321
39 27 322
39 28 323

40 0 228
40 1 257
40 2 267
40 3 276
40 4 278
40 5 286
40 6 297
40 7 299
40 8 300
40 9 301
40 10 303
40 11 307
40 12 309
40 13 310
40 14 311
40 15 312
40 16 313
40 17 314
40 18 315
40 19 316
40 20 317
40 21 318
40 22 319
40 23 320
40 24 321
40 25 322
40 26 323
39 29 324
39 30 325
39 31 326
39 32 327
39 33 328
39 34 329
39 35 330
39 36 331
39 37 332
40 27 324
40 28 325
40 29 326
40 30 327
40 31 328
40 32 329
40 33 330
40 34 331
40 35 332

41 0 228
41 1 267
41 2 276
41 3 278
41 4 286
41 5 299
41 6 300
41 7 301
41 8 303
41 9 307
41 10 309
41 11 310
41 12 311
41 13 312
41 14 313
41 15 314
41 16 315
41 17 316
41 18 317
41 19 318
41 20 319
41 21 320
41 22 321
41 23 322
41 24 323
41 25 324
41 26 325
41 27 326
41 28 327
41 29 329
41 30 330
41 31 331
40 36 333
40 37 334
40 38 335
41 32 333
41 33 334
41 34 335

42 0 267
42 1 276
42 2 278
42 3 286
42 4 299
42 5 300
42 6 301
42 7 303
42 8 307
42 9 309
42 10 310
42 11 313
42 12 314
42 13 315
42 14 316
42 15 317
42 16 318
42 17 319
42 18 320
42 19 321
42 20 322
42 21 323
42 22 324
42 23 325
42 24 326
42 25 327
42 26 329
42 27 330
42 28 331
42 29 333
42 30 334
42 31 335
41 35 336
41 36 337
41 37 338
41 38 339
41 39 340
42 32 336
42 33 337
42 34 338
42 35 339
42 36 340

43 0 276
43 1 286
43 2 299
43 3 300
43 4 301
43 5 303
43 6 307
43 7 309
43 8 310
43 9 313
43 10 315
43 11 317
43 12 318
43 13 319
43 14 320
43 15 321
43 16 323
43 17 325
43 18 326
43 19 327
43 20 329
43 21 330
43 22 331
43 23 334
43 24 336
43 25 337
43 26 338
43 27 339
43 28 340
42 37 341
42 38 342
43 29 341
43 30 342

44 0 276
44 1 299
44 2 300
44 3 301
44 4 303
44 5 307
44 6 310
44 7 319
44 8 320
44 9 321
44 10 323
44 11 325
44 12 327
44 13 329
44 14 331
44 15 334
44 16 338
44 17 339
44 18 340
43 31 343
43 32 344
43 33 345
43 34 346
43 35 347
43 36 348
43 37 349
43 38 350
44 19 343
44 20 344
44 21 345
44 22 346
44 23 347
44 24 348
44 25 349
44 26 350

45 0 299
45 1 300
45 2 301
45 3 307
45 4 310
45 5 319
45 6 320
45 7 321
45 8 323
45 9 325
45 10 327
45 11 329
45 12 331
45 13 334
45 14 338
45 15 344
45 16 345
45 17 347
45 18 349
45 19 350
44 27 351
44 28 352
44 29 353
44 30 354
44 31 355
44 32 356
44 33 357
44 34 358
44 35 359
44 36 360
44 37 361
44 38 362
44 39 363
45 20 351
45 21 352
45 22 353
45 23 354
45 24 355
45 25 356
45 26 357
45 27 358
45 28 359
45 29 360
45 30 361
45 31 362
45 32 363

46 0 299
46 1 300
46 2 301
46 3 307
46 4 310
46 5 319
46 6 320
46 7 321
46 8 323
46 9 325
46 10 327
46 11 329
46 12 331
46 13 334
46 14 338
46 15 344
46 16 345
46 17 347
46 18 349
46 19 350
46 20 351
46 21 352
46 22 353
46 23 354
46 24 355
46 25 356
46 26 357
46 27 359
46 28 360
46 29 361
46 30 362
46 31 363
45 33 364
45 34 365
45 35 366
45 36 367
45 37 368
45 38 369
46 32 364
46 33 365
46 34 366
46 35 367
46 36 368
46 37 369

47 0 300
47 1 301
47 2 307
47 3 310
47 4 319
47 5 320
47 6 321
47 7 323
47 8 325
47 9 327
47 10 329
47 11 331
47 12 334
47 13 338
47 14 344
47 15 345
47 16 347
47 17 349
47 18 350
47 19 351
47 20 352
47 21 353
47 22 354
47 23 355
47 24 356
47 25 357
47 26 360
47 27 361
47 28 363
47 29 364
47 30 365
47 31 367
47 32 368
47 33 369
46 38 370
46 39 371
47 34 370
47 35 371

48 0 300
48 1 301
48 2 307
48 3 310
48 4 319
48 5 320
48 6 321
48 7 323
48 8 325
48 9 327
48 10 329
48 11 331
48 12 334
48 13 338
48 14 344
48 15 345
48 16 347
48 17 349
48 18 350
48 19 351
48 20 352
48 21 353
48 22 354
48 23 355
48 24 356
48 25 357
48 26 360
48 27 361
48 28 363
48 29 364
48 30 365
48 31 367
48 32 369
48 33 370
48 34 371
47 36 372
47 37 373
47 38 374
47 39 375
48 35 372
48 36 373
48 37 374
48 38 375

49 0 301
49 1 307
49 2 310
49 3 319
49 4 320
49 5 321
49 6 325
49 7 327
49 8 329
49 9 331
49 10 334
49 11 344
49 12 345
49 13 347
49 14 350
49 15 351
49 16 352
49 17 353
49 18 354
49 19 355
49 20 356
49 21 357
49 22 360
49 23 361
49 24 363
49 25 364
49 26 365
49 27 367
49 28 369
49 29 370
49 30 371
49 31 372
49 32 373
49 33 374
49 34 375
48 39 376
49 35 376

50 0 301
50 1 307
50 2 319
50 3 320
50 4 321
50 5 325
50 6 327
50 7 329
50 8 331
50 9 334
50 10 344
50 11 345
50 12 347
50 13 350
50 14 351
50 15 352
50 16 355
50 17 357
50 18 360
50 19 361
50 20 363
50 21 364
50 22 365
50 23 367
50 24 369
50 25 370
50 26 372
50 27 373
50 28 374
50 29 375
50 30 376
49 36 377
49 37 378
49 38 379
50 31 377
50 32 378
50 33 379

51 0 307
51 1 319
51 2 320
51 3 321
51 4 325
51 5 327
51 6 331
51 7 334
51 8 344
51 9 347
51 10 351
51 11 352
51 12 355
51 13 357
51 14 360
51 15 361
51 16 363
51 17 364
51 18 365
51 19 367
51 20 369
51 21 370
51 22 372
51 23 373
51 24 374
51 25 375
51 26 376
51 27 377
51 28 378
51 29 379
50 34 380
50 35 381
50 36 382
50 37 383
50 38 384
50 39 385
51 30 380
51 31 381
51 32 382
51 33 383
51 34 384
51 35 385

52 0 307
52 1 319
52 2 320
52 3 321
52 4 325
52 5 327
52 6 331
52 7 334
52 8 344
52 9 347
52 10 351
52 11 352
52 12 355
52 13 357
52 14 360
52 15 361
52 16 364
52 17 365
52 18 367
52 19 369
52 20 370
52 21 372
52 22 373
52 23 374
52 24 375
52 25 376
52 26 377
52 27 378
52 28 379
52 29 380
52 30 381
52 31 382
52 32 383
52 33 384
52 34 385
51 36 386
51 37 387
51 38 388
51 39 389
52 35 386
52 36 387
52 37 388
52 38 389

53 0 307
53 1 319
53 2 320
53 3 321
53 4 325
53 5 327
53 6 331
53 7 334
53 8 344
53 9 347
53 10 351
53 11 352
53 12 355
53 13 357
53 14 360
53 15 361
53 16 364
53 17 365
53 18 367
53 19 369
53 20 370
53 21 372
53 22 373
53 23 374
53 24 375
53 25 376
53 26 377
53 27 378
53 28 379
53 29 380
53 30 381
53 31 382
53 32 383
53 33 384
53 34 385
53 35 386
53 36 387
53 37 388
53 38 389

54 0 319
54 1 320
54 2 327
54 3 331
54 4 334
54 5 344
54 6 351
54 7 355
54 8 357
54 9 361
54 10 364
54 11 365
54 12 367
54 13 369
54 14 372
54 15 373
54 16 374
54 17 375
54 18 376
54 19 377
54 20 378
54 21 379
54 22 380
54 23 381
54 24 382
54 25 383
54 26 384
54 27 386
54 28 387
54 29 388
54 30 389
53 39 390
54 31 390

55 0 319
55 1 331
55 2 334
55 3 344
55 4 355
55 5 357
55 6 361
55 7 365
55 8 367
55 9 369
55 10 372
55 11 373
55 12 374
55 13 375
55 14 376
55 15 377
55 16 378
55 17 379
55 18 380
55 19 381
55 20 382
55 21 383
55 22 384
55 23 386
55 24 387
55 25 388
55 26 389
55 27 390
54 32 391
54 33 392
54 34 393
54 35 394
54 36 395
54 37 396
54 38 397
54 39 398
55 28 391
55 29 392
55 30 393
55 31 394
55 32 395
55 33 396
55 34 397
55 35 398

56 0 331
56 1 334
56 2 344
56 3 355
56 4 357
56 5 361
56 6 365
56 7 367
56 8 369
56 9 374
56 10 375
56 11 377
56 12 378
56 13 379
56 14 380
56 15 381
56 16 382
56 17 384
56 18 386
56 19 388
56 20 389
56 21 391
56 22 392
56 23 393
56 24 394
56 25 395
56 26 396
55 36 399
55 37 400
55 38 401
56 27 399
56 28 400
56 29 401

57 0 331
57 1 334
57 2 344
57 3 355
57 4 357
57 5 361
57 6 365
57 7 367
57 8 369
57 9 374
57 10 375
57 11 378
57 12 379
57 13 380
57 14 381
57 15 382
57 16 384
57 17 386
57 18 388
57 19 391
57 20 392
57 21 393
57 22 394
57 23 395
57 24 396
57 25 399
57 26 400
57 27 401
56 30 402
56 31 403
56 32 404
56 33 405
56 34 406
56 35 407
56 36 408
56 37 409
56 38 410
57 28 402
57 29 403
57 30 404
57 31 405
57 32 406
57 33 407
57 34 408
57 35 409
57 36 410

58 0 331
58 1 334
58 2 344
58 3 355
58 4 357
58 5 361
58 6 365
58 7 367
58 8 374
58 9 375
58 10 378
58 11 380
58 12 381
58 13 382
58 14 384
58 15 388
58 16 391
58 17 392
58 18 393
58 19 394
58 20 395
58 21 396
58 22 399
58 23 400
58 24 403
58 25 404
58 26 406
58 27 408
58 28 409
58 29 410
57 37 411
57 38 412
57 39 413
58 30 411
58 31 412
58 32 413

59 0 331
59 1 344
59 2 355
59 3 357
59 4 361
59 5 367
59 6 374
59 7 375
59 8 378
59 9 380
59 10 381
59 11 382
59 12 384
59 13 388
59 14 391
59 15 392
59 16 393
59 17 394
59 18 395
59 19 396
59 20 399
59 21 400
59 22 403
59 23 404
59 24 406
59 25 408
59 26 409
59 27 410
59 28 411
59 29 412
58 33 414
58 34 415
58 35 416
58 36 417
58 37 418
58 38 419
58 39 420
59 30 414
59 31 415
59 32 416
59 33 417
59 34 418
59 35 419
59 36 420

60 0 331
60 1 357
60 2 361
60 3 367
60 4 374
60 5 375
60 6 378
60 7 380
60 8 381
60 9 382
60 10 384
60 11 388
60 12 391
60 13 392
60 14 393
60 15 394
60 16 395
60 17 396
60 18 399
60 19 400
60 20 403
60 21 404
60 22 406
60 23 409
60 24 410
60 25 411
60 26 412
60 27 414
60 28 415
60 29 416
60 30 417
60 31 418
60 32 419
60 33 420
59 37 421
59 38 422
59 39 423
60 34 421
60 35 422
60 36 423

61 0 331
61 1 357
61 2 361
61 3 374
61 4 375
61 5 378
61 6 380
61 7 381
61 8 384
61 9 388
61 10 391
61 11 392
61 12 393
61 13 394
61 14 395
61 15 396
61 16 399
61 17 400
61 18 403
61 19 404
61 20 406
61 21 409
61 22 410
61 23 411
61 24 412
61 25 414
61 26 415
61 27 416
61 28 417
61 29 418
61 30 419
61 31 420
61 32 421
61 33 422
61 34 423
60 37 424
60 38 425
61 35 424
61 36 425

62 0 331
62 1 361
62 2 374
62 3 375
62 4 378
62 5 380
62 6 381
62 7 384
62 8 391
62 9 392
62 10 393
62 11 395
62 12 396
62 13 399
62 14 400
62 15 403
62 16 404
62 17 406
62 18 409
62 19 410
62 20 411
62 21 412
62 22 414
62 23 415
62 24 416
62 25 417
62 26 418
62 27 419
62 28 420
62 29 421
62 30 422
62 31 423
62 32 424
62 33 425
61 37 426
61 38 427
61 39 428
62 34 426
62 35 427
62 36 428

63 0 331
63 1 361
63 2 375
63 3 378
63 4 380
63 5 381
63 6 384
63 7 391
63 8 392
63 9 393
63 10 395
63 11 396
63 12 399
63 13 400
63 14 403
63 15 404
63 16 406
63 17 409
63 18 410
63 19 411
63 20 412
63 21 414
63 22 415
63 23 416
63 24 417
63 25 418
63 26 419
63 27 420
63 28 421
63 29 422
63 30 423
63 31 424
63 32 425
63 33 426
63 34 427
63 35 428
62 37 429
62 38 430
63 36 429
63 37 430

64 0 331
64 1 361
64 2 375
64 3 378
64 4 380
64 5 381
64 6 391
64 7 392
64 8 393
64 9 399
64 10 400
64 11 403
64 12 404
64 13 406
64 14 409
64 15 410
64 16 411
64 17 412
64 18 414
64 19 415
64 20 416
64 21 417
64 22 419
64 23 420
64 24 421
64 25 422
64 26 423
64 27 424
64 28 425
64 29 426
64 30 427
64 31 428
64 32 429
64 33 430
63 38 431
63 39 432
64 34 431
64 35 432

65 0 375
65 1 378
65 2 380
65 3 381
65 4 391
65 5 392
65 6 393
65 7 399
65 8 400
65 9 403
65 10 404
65 11 406
65 12 409
65 13 410
65 14 411
65 15 412
65 16 414
65 17 415
65 18 416
65 19 417
65 20 419
65 21 420
65 22 421
65 23 422
65 24 423
65 25 424
65 26 425
65 27 426
65 28 427
65 29 428
65 30 429
65 31 430
65 32 431
65 33 432
64 36 433
64 37 434
64 38 435
65 34 433
65 35 434
65 36 435

66 0 375
66 1 378
66 2 380
66 3 381
66 4 392
66 5 393
66 6 400
66 7 403
66 8 404
66 9 406
66 10 409
66 11 410
66 12 411
66 13 412
66 14 416
66 15 417
66 16 419
66 17 421
66 18 423
66 19 425
66 20 426
66 21 427
66 22 429
66 23 430
66 24 435
65 37 436
65 38 437
66 25 436
66 26 437

67 0 375
67 1 380
67 2 381
67 3 392
67 4 400
67 5 403
67 6 406
67 7 409
67 8 410
67 9 411
67 10 412
67 11 416
67 12 417
67 13 419
67 14 421
67 15 423
67 16 425
67 17 426
67 18 427
67 19 429
67 20 435
67 21 436
67 22 437
66 27 438
66 28 439
66 29 440
66 30 441
66 31 442
66 32 443
66 33 444
66 34 445
66 35 446
66 36 447
66 37 448
66 38 449
66 39 450
67 23 438
67 24 439
67 25 440
67 26 441
67 27 442
67 28 443
67 29 444
67 30 445
67 31 446
67 32 447
67 33 448
67 34 449
67 35 450

68 0 375
68 1 380
68 2 381
68 3 392
68 4 400
68 5 403
68 6 406
68 7 409
68 8 410
68 9 411
68 10 412
68 11 416
68 12 417
68 13 419
68 14 421
68 15 423
68 16 425
68 17 426
68 18 427
68 19 429
68 20 435
68 21 436
68 22 437
68 23 438
68 24 439
68 25 441
68 26 442
68 27 443
68 28 445
68 29 446
68 30 448
68 31 449
68 32 450
67 36 451
67 37 452
67 38 453
67 39 454
68 33 451
68 34 452
68 35 453
68 36 454

69 0 375
69 1 380
69 2 381
69 3 392
69 4 403
69 5 406
69 6 409
69 7 410
69 8 411
69 9 412
69 10 416
69 11 417
69 12 419
69 13 423
69 14 425
69 15 426
69 16 427
69 17 429
69 18 435
69 19 436
69 20 437
69 21 438
69 22 439
69 23 441
69 24 442
69 25 443
69 26 445
69 27 446
69 28 448
69 29 449
69 30 450
69 31 451
69 32 452
69 33 454
68 37 455
68 38 456
68 39 457
69 34 455
69 35 456
69 36 457

70 0 375
70 1 380
70 2 381
70 3 392
70 4 403
70 5 406
70 6 409
70 7 410
70 8 411
70 9 412
70 10 416
70 11 417
70 12 419
70 13 423
70 14 425
70 15 426
70 16 427
70 17 429
70 18 435
70 19 436
70 20 437
70 21 438
70 22 439
70 23 441
70 24 442
70 25 443
70 26 446
70 27 448
70 28 450
70 29 451
70 30 454
70 31 455
70 32 456
70 33 457
69 37 458
69 38 459
70 34 458
70 35 459

71 0 392
71 1 403
71 2 406
71 3 409
71 4 410
71 5 411
71 6 412
71 7 416
71 8 417
71 9 419
71 10 423
71 11 425
71 12 426
71 13 427
71 14 429
71 15 435
71 16 436
71 17 437
71 18 438
71 19 439
71 20 441
71 21 442
71 22 443
71 23 446
71 24 450
71 25 451
71 26 454
71 27 455
71 28 456
71 29 457
71 30 458
71 31 459
70 36 460
70 37 461
70 38 462
70 39 463
71 32 460
71 33 461
71 34 462
71 35 463

72 0 392
72 1 403
72 2 406
72 3 409
72 4 410
72 5 411
72 6 412
72 7 416
72 8 417
72 9 419
72 10 423
72 11 425
72 12 426
72 13 427
72 14 429
72 15 435
72 16 436
72 17 437
72 18 439
72 19 441
72 20 442
72 21 446
72 22 450
72 23 454
72 24 457
72 25 458
72 26 459
72 27 460
72 28 461
72 29 463
71 36 464
71 37 465
71 38 466
72 30 464
72 31 465
72 32 466

73 0 392
73 1 403
73 2 406
73 3 409
73 4 410
73 5 411
73 6 412
73 7 416
73 8 417
73 9 419
73 10 423
73 11 425
73 12 426
73 13 427
73 14 429
73 15 435
73 16 436
73 17 437
73 18 439
73 19 441
73 20 442
73 21 450
73 22 454
73 23 457
73 24 458
73 25 459
73 26 460
73 27 463
73 28 464
73 29 465
73 30 466
72 33 467
72 34 468
72 35 469
72 36 470
72 37 471
72 38 472
73 31 467
73 32 468
73 33 469
73 34 470
73 35 471
73 36 472

74 0 392
74 1 403
74 2 406
74 3 409
74 4 410
74 5 411
74 6 412
74 7 416
74 8 417
74 9 423
74 10 425
74 11 426
74 12 429
74 13 436
74 14 437
74 15 441
74 16 450
74 17 454
74 18 457
74 19 458
74 20 459
74 21 460
74 22 463
74 23 464
74 24 466
74 25 467
74 26 468
73 37 473
73 38 474
73 39 475
74 27 473
74 28 474
74 29 475

75 0 403
75 1 406
75 2 409
75 3 410
75 4 411
75 5 412
75 6 416
75 7 417
75 8 423
75 9 429
75 10 436
75 11 437
75 12 441
75 13 450
75 14 454
75 15 457
75 16 458
75 17 460
75 18 463
75 19 466
75 20 467
75 21 468
75 22 474
75 23 475
74 30 476
74 31 477
74 32 478
74 33 479
74 34 480
74 35 481
74 36 482
74 37 483
74 38 484
74 39 485
75 24 476
75 25 477
75 26 478
75 27 479
75 28 480
75 29 481
75 30 482
75 31 483
75 32 484
75 33 485

76 0 403
76 1 406
76 2 409
76 3 410
76 4 411
76 5 412
76 6 416
76 7 417
76 8 423
76 9 429
76 10 436
76 11 437
76 12 441
76 13 450
76 14 454
76 15 457
76 16 458
76 17 460
76 18 463
76 19 466
76 20 467
76 21 468
76 22 474
76 23 475
76 24 476
76 25 478
76 26 479
76 27 480
76 28 481
76 29 482
76 30 483
76 31 484
76 32 485
75 34 486
75 35 487
75 36 488
75 37 489
75 38 490
75 39 491
76 33 486
76 34 487
76 35 488
76 36 489
76 37 490
76 38 491

77 0 403
77 1 406
77 2 409
77 3 410
77 4 411
77 5 412
77 6 416
77 7 417
77 8 423
77 9 429
77 10 436
77 11 441
77 12 450
77 13 457
77 14 458
77 15 460
77 16 463
77 17 466
77 18 467
77 19 468
77 20 474
77 21 475
77 22 476
77 23 478
77 24 479
77 25 480
77 26 481
77 27 482
77 28 483
77 29 484
77 30 485
77 31 486
77 32 487
77 33 488
77 34 490
77 35 491
76 39 492
77 36 492

78 0 403
78 1 406
78 2 409
78 3 416
78 4 423
78 5 429
78 6 436
78 7 441
78 8 450
78 9 457
78 10 458
78 11 460
78 12 463
78 13 466
78 14 467
78 15 468
78 16 476
78 17 478
78 18 479
78 19 481
78 20 482
78 21 483
78 22 485
78 23 486
78 24 487
78 25 488
78 26 490
78 27 491
78 28 492
77 37 493
77 38 494
77 39 495
78 29 493
78 30 494
78 31 495

79 0 403
79 1 406
79 2 409
79 3 416
79 4 423
79 5 429
79 6 436
79 7 450
79 8 458
79 9 460
79 10 463
79 11 466
79 12 467
79 13 468
79 14 478
79 15 479
79 16 481
79 17 483
79 18 486
79 19 487
79 20 488
79 21 492
79 22 494
78 32 496
78 33 497
78 34 498
78 35 499
78 36 500
78 37 501
78 38 502
79 23 496
79 24 497
79 25 498
79 26 499
79 27 500
79 28 501
79 29 502

80 0 403
80 1 406
80 2 409
80 3 416
80 4 423
80 5 429
80 6 436
80 7 450
80 8 458
80 9 460
80 10 463
80 11 466
80 12 467
80 13 468
80 14 478
80 15 479
80 16 481
80 17 483
80 18 486
80 19 487
80 20 488
80 21 492
80 22 494
80 23 496
80 24 497
80 25 498
80 26 499
80 27 500
80 28 501
80 29 502
79 30 503
79 31 504
79 32 505
79 33 506
79 34 507
79 35 508
79 36 509
79 37 510
79 38 511
79 39 512
80 30 503
80 31 504
80 32 505
80 33 506
80 34 507
80 35 508
80 36 509
80 37 510
80 38 511
80 39 512

81 0 403
81 1 406
81 2 409
81 3 416
81 4 423
81 5 429
81 6 436
81 7 450
81 8 458
81 9 460
81 10 463
81 11 466
81 12 467
81 13 468
81 14 478
81 15 479
81 16 486
81 17 487
81 18 494
81 19 496
81 20 498
81 21 500
81 22 501
81 23 502
81 24 503
81 25 504
81 26 505
81 27 506
81 28 507
81 29 508
81 30 509
81 31 510
81 32 511
81 33 512

82 0 406
82 1 409
82 2 416
82 3 423
82 4 429
82 5 436
82 6 450
82 7 458
82 8 463
82 9 466
82 10 467
82 11 468
82 12 486
82 13 487
82 14 494
82 15 498
82 16 502
82 17 505
82 18 507
82 19 509
82 20 510
82 21 511
82 22 512
81 34 513
81 35 514
81 36 515
81 37 516
81 38 517
82 23 513
82 24 514
82 25 515
82 26 516
82 27 517

83 0 406
83 1 416
83 2 423
83 3 436
83 4 450
83 5 458
83 6 463
83 7 466
83 8 467
83 9 468
83 10 486
83 11 487
83 12 494
83 13 498
83 14 502
83 15 505
83 16 507
83 17 509
83 18 510
83 19 512
83 20 513
83 21 514
83 22 515
83 23 517
82 28 518
82 29 519
82 30 520
82 31 521
82 32 522
82 33 523
82 34 524
82 35 525
82 36 526
82 37 527
82 38 528
83 24 518
83 25 519
83 26 520
83 27 521
83 28 522
83 29 523
83 30 524
83 31 525
83 32 526
83 33 527
83 34 528

84 0 406
84 1 416
84 2 423
84 3 450
84 4 463
84 5 466
84 6 467
84 7 486
84 8 487
84 9 494
84 10 498
84 11 505
84 12 507
84 13 509
84 14 510
84 15 512
84 16 513
84 17 514
84 18 515
84 19 517
84 20 518
84 21 519
84 22 520
84 23 521
84 24 522
84 25 523
84 26 524
84 27 525
84 28 526
84 29 527
83 35 529
83 36 530
83 37 531
83 38 532
83 39 533
84 30 529
84 31 530
84 32 531
84 33 532
84 34 533

85 0 406
85 1 416
85 2 423
85 3 450
85 4 466
85 5 467
85 6 487
85 7 498
85 8 505
85 9 507
85 10 509
85 11 512
85 12 513
85 13 514
85 14 515
85 15 517
85 16 518
85 17 519
85 18 520
85 19 522
85 20 524
85 21 525
85 22 526
85 23 527
85 24 529
85 25 530
85 26 531
85 27 532
84 35 534
84 36 535
84 37 536
84 38 537
85 28 534
85 29 535
85 30 536
85 31 537

86 0 406
86 1 416
86 2 450
86 3 466
86 4 467
86 5 487
86 6 498
86 7 505
86 8 507
86 9 509
86 10 512
86 11 514
86 12 515
86 13 517
86 14 518
86 15 519
86 16 520
86 17 522
86 18 524
86 19 525
86 20 526
86 21 527
86 22 529
86 23 530
86 24 531
86 25 532
86 26 534
86 27 535
86 28 536
86 29 537
85 32 538
85 33 539
85 34 540
85 35 541
85 36 542
85 37 543
85 38 544
85 39 545
86 30 538
86 31 539
86 32 540
86 33 541
86 34 542
86 35 543
86 36 544
86 37 545

87 0 416
87 1 450
87 2 466
87 3 467
87 4 487
87 5 498
87 6 505
87 7 507
87 8 514
87 9 517
87 10 519
87 11 520
87 12 522
87 13 524
87 14 526
87 15 527
87 16 529
87 17 534
87 18 535
87 19 536
87 20 538
87 21 539
87 22 540
87 23 541
87 24 543
87 25 544
87 26 545
86 38 546
86 39 547
87 27 546
87 28 547

88 0 450
88 1 466
88 2 467
88 3 498
88 4 514
88 5 517
88 6 519
88 7 520
88 8 522
88 9 524
88 10 526
88 11 527
88 12 529
88 13 534
88 14 535
88 15 536
88 16 538
88 17 539
88 18 540
88 19 541
88 20 543
88 21 544
88 22 545
88 23 546
88 24 547
87 29 548
87 30 549
87 31 550
87 32 551
87 33 552
87 34 553
87 35 554
87 36 555
87 37 556
88 25 548
88 26 549
88 27 550
88 28 551
88 29 552
88 30 553
88 31 554
88 32 555
88 33 556

89 0 450
89 1 466
89 2 467
89 3 498
89 4 514
89 5 517
89 6 519
89 7 520
89 8 522
89 9 524
89 10 526
89 11 527
89 12 529
89 13 534
89 14 535
89 15 536
89 16 538
89 17 539
89 18 540
89 19 541
89 20 543
89 21 544
89 22 545
89 23 546
89 24 548
89 25 549
89 26 550
89 27 551
89 28 552
89 29 553
89 30 554
89 31 555
89 32 556
88 34 557
88 35 558
88 36 559
88 37 560
88 38 561
89 33 557
89 34 558
89 35 559
89 36 560
89 37 561

90 0 466
90 1 467
90 2 498
90 3 514
90 4 517
90 5 519
90 6 520
90 7 522
90 8 527
90 9 529
90 10 534
90 11 535
90 12 536
90 13 539
90 14 540
90 15 541
90 16 543
90 17 544
90 18 545
90 19 546
90 20 548
90 21 549
90 22 550
90 23 551
90 24 552
90 25 553
90 26 554
90 27 555
90 28 556
90 29 557
90 30 558
90 31 559
90 32 560
90 33 561
89 38 562
89 39 563
90 34 562
90 35 563

91 0 466
91 1 498
91 2 514
91 3 517
91 4 520
91 5 522
91 6 527
91 7 534
91 8 535
91 9 536
91 10 539
91 11 540
91 12 543
91 13 544
91 14 545
91 15 546
91 16 548
91 17 549
91 18 551
91 19 553
91 20 556
91 21 557
91 22 558
91 23 559
91 24 560
91 25 562
90 36 564
90 37 565
90 38 566
90 39 567
91 26 564
91 27 565
91 28 566
91 29 567

92 0 466
92 1 514
92 2 517
92 3 520
92 4 522
92 5 527
92 6 534
92 7 535
92 8 536
92 9 539
92 10 543
92 11 544
92 12 545
92 13 546
92 14 548
92 15 549
92 16 551
92 17 553
92 18 556
92 19 557
92 20 558
92 21 559
92 22 560
92 23 562
92 24 564
92 25 565
92 26 566
92 27 567
91 30 568
91 31 569
91 32 570
91 33 571
91 34 572
91 35 573
91 36 574
91 37 575
91 38 576
92 28 568
92 29 569
92 30 570
92 31 571
92 32 572
92 33 573
92 34 574
92 35 575
92 36 576

93 0 466
93 1 514
93 2 522
93 3 527
93 4 534
93 5 535
93 6 536
93 7 539
93 8 543
93 9 544
93 10 545
93 11 546
93 12 548
93 13 549
93 14 551
93 15 553
93 16 556
93 17 557
93 18 558
93 19 559
93 20 560
93 21 564
93 22 565
93 23 566
93 24 567
93 25 568
93 26 569
93 27 570
93 28 571
93 29 572
93 30 573
93 31 574
93 32 576
92 37 577
92 38 578
92 39 579
93 33 577
93 34 578
93 35 579

94 0 522
94 1 527
94 2 534
94 3 535
94 4 536
94 5 539
94 6 543
94 7 544
94 8 545
94 9 546
94 10 551
94 11 553
94 12 556
94 13 557
94 14 559
94 15 566
94 16 568
94 17 569
94 18 571
94 19 572
94 20 573
94 21 574
94 22 578
94 23 579
93 36 580
93 37 581
93 38 582
93 39 583
94 24 580
94 25 581
94 26 582
94 27 583

95 0 522
95 1 527
95 2 534
95 3 536
95 4 539
95 5 543
95 6 544
95 7 545
95 8 553
95 9 556
95 10 557
95 11 559
95 12 568
95 13 569
95 14 571
95 15 572
95 16 573
95 17 574
95 18 579
95 19 580
95 20 581
95 21 583
94 28 584
94 29 585
94 30 586
94 31 587
94 32 588
94 33 589
94 34 590
94 35 591
94 36 592
94 37 593
94 38 594
94 39 595
95 22 584
95 23 585
95 24 586
95 25 587
95 26 588
95 27 589
95 28 590
95 29 591
95 30 592
95 31 593
95 32 594
95 33 595

96 0 522
96 1 534
96 2 539
96 3 543
96 4 544
96 5 556
96 6 559
96 7 568
96 8 569
96 9 571
96 10 572
96 11 574
96 12 579
96 13 580
96 14 583
96 15 585
96 16 587
96 17 588
96 18 592
96 19 593
96 20 594
96 21 595
95 34 596
95 35 597
95 36 598
95 37 599
95 38 600
95 39 601
96 22 596
96 23 597
96 24 598
96 25 599
96 26 600
96 27 601

97 0 522
97 1 534
97 2 539
97 3 543
97 4 544
97 5 556
97 6 559
97 7 569
97 8 572
97 9 574
97 10 579
97 11 580
97 12 583
97 13 585
97 14 587
97 15 588
97 16 592
97 17 593
97 18 594
97 19 595
97 20 596
97 21 597
97 22 599
97 23 600
97 24 601
96 28 602
96 29 603
96 30 604
96 31 605
96 32 606
96 33 607
96 34 608
96 35 609
96 36 610
96 37 611
97 25 602
97 26 603
97 27 604
97 28 605
97 29 606
97 30 607
97 31 608
97 32 609
97 33 610
97 34 611

98 0 534
98 1 539
98 2 543
98 3 544
98 4 556
98 5 559
98 6 569
98 7 572
98 8 579
98 9 580
98 10 583
98 11 585
98 12 587
98 13 588
98 14 592
98 15 593
98 16 594
98 17 595
98 18 597
98 19 599
98 20 600
98 21 602
98 22 603
98 23 604
98 24 605
98 25 606
98 26 607
98 27 608
98 28 609
98 29 610
98 30 611
97 35 612
97 36 613
97 37 614
97 38 615
97 39 616
98 31 612
98 32 613
98 33 614
98 34 615
98 35 616

99 0 534
99 1 539
99 2 543
99 3 556
99 4 559
99 5 569
99 6 572
99 7 579
99 8 580
99 9 585
99 10 587
99 11 588
99 12 592
99 13 593
99 14 594
99 15 595
99 16 597
99 17 599
99 18 600
99 19 602
99 20 603
99 21 605
99 22 606
99 23 607
99 24 608
99 25 609
99 26 611
99 27 612
99 28 613
99 29 614
99 30 615
99 31 616
98 36 617
98 37 618
98 38 619
98 39 620
99 32 617
99 33 618
99 34 619
99 35 620

100 0 534
100 1 543
100 2 556
100 3 569
100 4 572
100 5 579
100 6 580
100 7 585
100 8 587
100 9 588
100 10 592
100 11 593
100 12 595
100 13 597
100 14 599
100 15 600
100 16 603
100 17 605
100 18 606
100 19 607
100 20 608
100 21 609
100 22 611
100 23 612
100 24 613
100 25 614
100 26 615
100 27 616
100 28 617
100 29 618
100 30 619
100 31 620
99 36 621
99 37 622
99 38 623
99 39 624
100 32 621
100 33 622
100 34 623
100 35 624

101 0 534
101 1 556
101 2 569
101 3 579
101 4 580
101 5 585
101 6 587
101 7 588
101 8 593
101 9 595
101 10 597
101 11 599
101 12 600
101 13 606
101 14 607
101 15 608
101 16 612
101 17 613
101 18 614
101 19 615
101 20 616
101 21 617
101 22 618
101 23 619
101 24 620
101 25 621
101 26 622
101 27 623
100 36 625
100 37 626
100 38 627
100 39 628
101 28 625
101 29 626
101 30 627
101 31 628

102 0 534
102 1 569
102 2 579
102 3 580
102 4 585
102 5 587
102 6 588
102 7 593
102 8 595
102 9 597
102 10 600
102 11 612
102 12 613
102 13 614
102 14 615
102 15 616
102 16 618
102 17 621
102 18 623
102 19 625
102 20 626
102 21 627
102 22 628
101 32 629
101 33 630
101 34 631
101 35 632
101 36 633
101 37 634
101 38 635
102 23 629
102 24 630
102 25 631
102 26 632
102 27 633
102 28 634
102 29 635

103 0 534
103 1 569
103 2 579
103 3 580
103 4 585
103 5 587
103 6 588
103 7 593
103 8 595
103 9 597
103 10 600
103 11 612
103 12 613
103 13 614
103 14 615
103 15 616
103 16 618
103 17 621
103 18 623
103 19 625
103 20 626
103 21 627
103 22 628
103 23 629
103 24 631
103 25 632
103 26 633
102 30 636
102 31 637
102 32 638
102 33 639
102 34 640
102 35 641
102 36 642
102 37 643
102 38 644
103 27 636
103 28 637
103 29 638
103 30 639
103 31 640
103 32 641
103 33 642
103 34 643
103 35 644

104 0 534
104 1 569
104 2 579
104 3 580
104 4 585
104 5 587
104 6 588
104 7 595
104 8 597
104 9 600
104 10 612
104 11 613
104 12 614
104 13 615
104 14 616
104 15 618
104 16 621
104 17 623
104 18 625
104 19 626
104 20 627
104 21 628
104 22 629
104 23 631
104 24 632
104 25 633
104 26 636
104 27 637
104 28 639
104 29 640
104 30 641
104 31 643
104 32 644
103 36 645
103 37 646
103 38 647
103 39 648
104 33 645
104 34 646
104 35 647
104 36 648

105 0 534
105 1 569
105 2 579
105 3 580
105 4 585
105 5 587
105 6 588
105 7 595
105 8 597
105 9 600
105 10 612
105 11 613
105 12 614
105 13 615
105 14 616
105 15 618
105 16 621
105 17 625
105 18 626
105 19 627
105 20 629
105 21 631
105 22 632
105 23 633
105 24 636
105 25 637
105 26 640
105 27 641
105 28 643
105 29 644
105 30 645
105 31 646
105 32 647
105 33 648
104 37 649
104 38 650
104 39 651
105 34 649
105 35 650
105 36 651

106 0 534
106 1 569
106 2 580
106 3 585
106 4 587
106 5 588
106 6 595
106 7 600
106 8 612
106 9 613
106 10 614
106 11 615
106 12 616
106 13 618
106 14 621
106 15 625
106 16 627
106 17 629
106 18 631
106 19 632
106 20 633
106 21 636
106 22 637
106 23 640
106 24 641
106 25 643
106 26 644
106 27 645
106 28 647
106 29 648
106 30 649
106 31 650
106 32 651
105 37 652
105 38 653
105 39 654
106 33 652
106 34 653
106 35 654

107 0 534
107 1 569
107 2 580
107 3 585
107 4 588
107 5 595
107 6 600
107 7 612
107 8 614
107 9 615
107 10 616
107 11 618
107 12 621
107 13 627
107 14 631
107 15 632
107 16 633
107 17 636
107 18 637
107 19 640
107 20 641
107 21 643
107 22 644
107 23 645
107 24 649
107 25 650
107 26 652
106 36 655
106 37 656
106 38 657
106 39 658
107 27 655
107 28 656
107 29 657
107 30 658

108 0 534
108 1 569
108 2 580
108 3 585
108 4 588
108 5 595
108 6 600
108 7 612
108 8 614
108 9 615
108 10 616
108 11 618
108 12 621
108 13 627
108 14 631
108 15 632
108 16 633
108 17 636
108 18 637
108 19 640
108 20 641
108 21 643
108 22 644
108 23 645
108 24 649
108 25 650
108 26 652
108 27 655
108 28 656
108 29 657
108 30 658
107 31 659
107 32 660
107 33 661
107 34 662
107 35 663
107 36 664
107 37 665
107 38 666
107 39 667
108 31 659
108 32 660
108 33 661
108 34 662
108 35 663
108 36 664
108 37 665
108 38 666
108 39 667

109 0 569
109 1 580
109 2 585
109 3 588
109 4 595
109 5 600
109 6 612
109 7 614
109 8 615
109 9 616
109 10 618
109 11 621
109 12 627
109 13 631
109 14 632
109 15 633
109 16 636
109 17 637
109 18 640
109 19 641
109 20 643
109 21 645
109 22 649
109 23 650
109 24 656
109 25 657
109 26 658
109 27 659
109 28 660
109 29 661
109 30 663
109 31 664
109 32 665
109 33 666

110 0 569
110 1 580
110 2 585
110 3 595
110 4 600
110 5 612
110 6 614
110 7 615
110 8 621
110 9 627
110 10 632
110 11 633
110 12 640
110 13 641
110 14 649
110 15 650
110 16 656
110 17 657
110 18 661
110 19 663
110 20 665
110 21 666
109 34 668
109 35 669
109 36 670
109 37 671
109 38 672
110 22 668
110 23 669
110 24 670
110 25 671
110 26 672

111 0 580
111 1 585
111 2 595
111 3 600
111 4 612
111 5 614
111 6 615
111 7 632
111 8 640
111 9 641
111 10 649
111 11 650
111 12 656
111 13 661
111 14 665
111 15 666
111 16 668
110 27 673
110 28 674
110 29 675
110 30 676
110 31 677
110 32 678
110 33 679
110 34 680
110 35 681
110 36 682
110 37 683
110 38 684
110 39 685
111 17 673
111 18 674
111 19 675
111 20 676
111 21 677
111 22 678
111 23 679
111 24 680
111 25 681
111 26 682
111 27 683
111 28 684
111 29 685

112 0 580
112 1 585
112 2 595
112 3 600
112 4 612
112 5 615
112 6 632
112 7 640
112 8 641
112 9 649
112 10 650
112 11 656
112 12 666
112 13 668
112 14 673
112 15 674
112 16 675
112 17 676
112 18 677
112 19 678
112 20 681
112 21 682
112 22 683
112 23 684
112 24 685
111 30 686
111 31 687
111 32 688
111 33 689
111 34 690
111 35 691
111 36 692
111 37 693
111 38 694
112 25 686
112 26 687
112 27 688
112 28 689
112 29 690
112 30 691
112 31 692
112 32 693
112 33 694

113 0 580
113 1 585
113 2 600
113 3 612
113 4 632
113 5 640
113 6 641
113 7 649
113 8 650
113 9 656
113 10 666
113 11 668
113 12 673
113 13 674
113 14 676
113 15 677
113 16 678
113 17 681
113 18 682
113 19 683
113 20 684
113 21 685
113 22 686
113 23 687
113 24 688
113 25 689
113 26 690
113 27 691
113 28 692
113 29 693
113 30 694
112 34 695
112 35 696
112 36 697
112 37 698
112 38 699
113 31 695
113 32 696
113 33 697
113 34 698
113 35 699

114 0 580
114 1 585
114 2 632
114 3 640
114 4 641
114 5 649
114 6 650
114 7 656
114 8 673
114 9 674
114 10 676
114 11 677
114 12 678
114 13 681
114 14 682
114 15 683
114 16 685
114 17 687
114 18 688
114 19 689
114 20 690
114 21 691
114 22 693
114 23 694
114 24 695
114 25 696
114 26 697
114 27 698
114 28 699
113 36 700
113 37 701
113 38 702
113 39 703
114 29 700
114 30 701
114 31 702
114 32 703

115 0 580
115 1 585
115 2 632
115 3 640
115 4 641
115 5 649
115 6 650
115 7 656
115 8 673
115 9 674
115 10 676
115 11 677
115 12 678
115 13 681
115 14 682
115 15 683
115 16 687
115 17 688
115 18 689
115 19 690
115 20 691
115 21 693
115 22 695
115 23 696
115 24 697
115 25 698
115 26 699
115 27 700
115 28 701
115 29 702
115 30 703
114 33 704
114 34 705
114 35 706
114 36 707
114 37 708
114 38 709
115 31 704
115 32 705
115 33 706
115 34 707
115 35 708
115 36 709

116 0 580
116 1 585
116 2 641
116 3 649
116 4 650
116 5 673
116 6 674
116 7 676
116 8 677
116 9 678
116 10 681
116 11 682
116 12 683
116 13 687
116 14 688
116 15 689
116 16 690
116 17 691
116 18 693
116 19 695
116 20 696
116 21 697
116 22 699
116 23 700
116 24 701
116 25 702
116 26 703
116 27 705
116 28 706
116 29 707
116 30 708
116 31 709
115 37 710
115 38 711
115 39 712
116 32 710
116 33 711
116 34 712

117 0 580
117 1 585
117 2 641
117 3 649
117 4 673
117 5 676
117 6 677
117 7 678
117 8 681
117 9 682
117 10 683
117 11 687
117 12 688
117 13 689
117 14 690
117 15 691
117 16 693
117 17 695
117 18 696
117 19 697
117 20 700
117 21 701
117 22 702
117 23 705
117 24 706
117 25 707
117 26 708
117 27 709
117 28 710
117 29 711
117 30 712
116 35 713
116 36 714
116 37 715
116 38 716
116 39 717
117 31 713
117 32 714
117 33 715
117 34 716
117 35 717

118 0 580
118 1 585
118 2 673
118 3 676
118 4 677
118 5 678
118 6 682
118 7 683
118 8 687
118 9 688
118 10 689
118 11 691
118 12 695
118 13 696
118 14 697
118 15 700
118 16 701
118 17 702
118 18 705
118 19 706
118 20 707
118 21 709
118 22 710
118 23 711
118 24 713
118 25 714
118 26 715
118 27 716
118 28 717
117 36 718
117 37 719
117 38 720
117 39 721
118 29 718
118 30 719
118 31 720
118 32 721

119 0 585
119 1 676
119 2 677
119 3 678
119 4 682
119 5 683
119 6 687
119 7 688
119 8 691
119 9 695
119 10 696
119 11 697
119 12 700
119 13 701
119 14 702
119 15 705
119 16 706
119 17 707
119 18 709
119 19 710
119 20 711
119 21 713
119 22 714
119 23 715
119 24 716
119 25 717
119 26 718
119 27 719
119 28 720
119 29 721
118 33 722
118 34 723
118 35 724
118 36 725
118 37 726
118 38 727
118 39 728
119 30 722
119 31 723
119 32 724
119 33 725
119 34 726
119 35 727
119 36 728

120 0 585
120 1 677
120 2 678
120 3 682
120 4 683
120 5 687
120 6 695
120 7 696
120 8 700
120 9 701
120 10 702
120 11 705
120 12 706
120 13 707
120 14 709
120 15 710
120 16 711
120 17 713
120 18 714
120 19 715
120 20 716
120 21 717
120 22 718
120 23 719
120 24 720
120 25 721
120 26 722
120 27 723
120 28 724
120 29 725
120 30 726
120 31 727
120 32 728
119 37 729
119 38 730
119 39 731
120 33 729
120 34 730
120 35 731

121 0 677
121 1 678
121 2 682
121 3 683
121 4 687
121 5 695
121 6 696
121 7 700
121 8 701
121 9 702
121 10 705
121 11 706
121 12 707
121 13 709
121 14 710
121 15 711
121 16 713
121 17 714
121 18 715
121 19 716
121 20 717
121 21 719
121 22 720
121 23 721
121 24 722
121 25 723
121 26 724
121 27 725
121 28 726
121 29 727
121 30 728
121 31 729
121 32 730
121 33 731
120 36 732
120 37 733
120 38 734
120 39 735
121 34 732
121 35 733
121 36 734
121 37 735

122 0 677
122 1 678
122 2 682
122 3 683
122 4 695
122 5 696
122 6 700
122 7 701
122 8 702
122 9 705
122 10 706
122 11 707
122 12 709
122 13 711
122 14 714
122 15 715
122 16 716
122 17 719
122 18 720
122 19 721
122 20 722
122 21 723
122 22 724
122 23 725
122 24 726
122 25 727
122 26 728
122 27 729
122 28 730
122 29 731
122 30 732
122 31 733
122 32 734
121 38 736
121 39 737
122 33 736
122 34 737

123 0 677
123 1 678
123 2 682
123 3 683
123 4 696
123 5 700
123 6 701
123 7 705
123 8 706
123 9 707
123 10 709
123 11 711
123 12 714
123 13 715
123 14 716
123 15 719
123 16 720
123 17 721
123 18 722
123 19 723
123 20 724
123 21 725
123 22 726
123 23 727
123 24 728
123 25 729
123 26 730
123 27 731
123 28 732
123 29 733
123 30 734
123 31 736
122 35 738
122 36 739
122 37 740
122 38 741
122 39 742
123 32 738
123 33 739
123 34 740
123 35 741
123 36 742

124 0 677
124 1 682
124 2 683
124 3 696
124 4 700
124 5 701
124 6 705
124 7 706
124 8 707
124 9 709
124 10 711
124 11 714
124 12 715
124 13 716
124 14 719
124 15 721
124 16 722
124 17 723
124 18 725
124 19 726
124 20 727
124 21 728
124 22 729
124 23 730
124 24 731
124 25 732
124 26 733
124 27 734
124 28 736
124 29 738
124 30 740
124 31 741
124 32 742
123 37 743
123 38 744
123 39 745
124 33 743
124 34 744
124 35 745

125 0 677
125 1 682
125 2 683
125 3 696
125 4 700
125 5 701
125 6 705
125 7 706
125 8 707
125 9 709
125 10 711
125 11 714
125 12 715
125 13 716
125 14 719
125 15 721
125 16 722
125 17 723
125 18 725
125 19 726
125 20 727
125 21 728
125 22 729
125 23 730
125 24 731
125 25 732
125 26 733
125 27 734
125 28 736
125 29 738
125 30 740
125 31 741
125 32 742
125 33 743
125 34 744
125 35 745
124 36 746
124 37 747
124 38 748
125 36 746
125 37 747
125 38 748

126 0 682
126 1 683
126 2 696
126 3 700
126 4 701
126 5 705
126 6 706
126 7 707
126 8 709
126 9 714
126 10 715
126 11 716
126 12 719
126 13 721
126 14 722
126 15 723
126 16 725
126 17 726
126 18 727
126 19 730
126 20 731
126 21 734
126 22 736
126 23 742
126 24 743
126 25 744
126 26 747
126 27 748
125 39 749
126 28 749

127 0 682
127 1 683
127 2 696
127 3 700
127 4 701
127 5 705
127 6 706
127 7 707
127 8 709
127 9 715
127 10 716
127 11 721
127 12 723
127 13 726
127 14 727
127 15 730
127 16 731
127 17 736
127 18 743
127 19 744
127 20 747
127 21 748
127 22 749
126 29 750
126 30 751
126 31 752
126 32 753
126 33 754
126 34 755
126 35 756
126 36 757
126 37 758
126 38 759
126 39 760
127 23 750
127 24 751
127 25 752
127 26 753
127 27 754
127 28 755
127 29 756
127 30 757
127 31 758
127 32 759
127 33 760

128 0 682
128 1 683
128 2 696
128 3 700
128 4 701
128 5 705
128 6 706
128 7 707
128 8 709
128 9 715
128 10 716
128 11 721
128 12 723
128 13 726
128 14 727
128 15 730
128 16 731
128 17 736
128 18 743
128 19 744
128 20 747
128 21 749
128 22 750
128 23 751
128 24 753
128 25 755
128 26 756
128 27 757
128 28 758
128 29 759
128 30 760
127 34 761
127 35 762
127 36 763
127 37 764
127 38 765
127 39 766
128 31 761
128 32 762
128 33 763
128 34 764
128 35 765
128 36 766

129 0 682
129 1 683
129 2 696
129 3 700
129 4 701
129 5 707
129 6 709
129 7 715
129 8 716
129 9 721
129 10 723
129 11 726
129 12 727
129 13 730
129 14 731
129 15 736
129 16 743
129 17 744
129 18 747
129 19 749
129 20 751
129 21 753
129 22 755
129 23 756
129 24 757
129 25 758
129 26 760
129 27 761
129 28 762
129 29 763
129 30 764
129 31 765
129 32 766
128 37 767
128 38 768
128 39 769
129 33 767
129 34 768
129 35 769

130 0 683
130 1 696
130 2 700
130 3 701
130 4 707
130 5 709
130 6 715
130 7 716
130 8 721
130 9 723
130 10 726
130 11 727
130 12 730
130 13 731
130 14 736
130 15 743
130 16 744
130 17 747
130 18 749
130 19 751
130 20 755
130 21 756
130 22 757
130 23 758
130 24 760
130 25 761
130 26 762
130 27 763
130 28 764
130 29 765
130 30 766
130 31 767
130 32 768
129 36 770
129 37 771
129 38 772
130 33 770
130 34 771
130 35 772

131 0 683
131 1 696
131 2 700
131 3 701
131 4 707
131 5 709
131 6 715
131 7 716
131 8 721
131 9 723
131 10 726
131 11 727
131 12 730
131 13 731
131 14 736
131 15 743
131 16 744
131 17 749
131 18 751
131 19 755
131 20 756
131 21 757
131 22 758
131 23 760
131 24 761
131 25 762
131 26 763
131 27 764
131 28 765
131 29 766
131 30 767
131 31 768
131 32 770
131 33 771
131 34 772
130 36 773
130 37 774
130 38 775
131 35 773
131 36 774
131 37 775

132 0 683
132 1 696
132 2 700
132 3 701
132 4 709
132 5 715
132 6 716
132 7 721
132 8 726
132 9 727
132 10 730
132 11 731
132 12 736
132 13 743
132 14 744
132 15 749
132 16 751
132 17 755
132 18 756
132 19 757
132 20 758
132 21 760
132 22 761
132 23 762
132 24 763
132 25 764
132 26 765
132 27 767
132 28 768
132 29 770
132 30 771
132 31 772
132 32 773
132 33 774
132 34 775
131 38 776
131 39 777
132 35 776
132 36 777

133 0 696
133 1 700
133 2 701
133 3 709
133 4 715
133 5 716
133 6 721
133 7 727
133 8 730
133 9 736
133 10 743
133 11 751
133 12 755
133 13 756
133 14 757
133 15 758
133 16 760
133 17 761
133 18 762
133 19 763
133 20 764
133 21 765
133 22 767
133 23 768
133 24 770
133 25 771
133 26 775
133 27 776
133 28 777
132 37 778
132 38 779
132 39 780
133 29 778
133 30 779
133 31 780

134 0 696
134 1 700
134 2 701
134 3 709
134 4 715
134 5 716
134 6 721
134 7 727
134 8 730
134 9 736
134 10 743
134 11 751
134 12 755
134 13 756
134 14 757
134 15 758
134 16 760
134 17 761
134 18 762
134 19 763
134 20 764
134 21 765
134 22 767
134 23 768
134 24 770
134 25 771
134 26 775
134 27 776
134 28 777
134 29 778
134 30 779
134 31 780
133 32 781
133 33 782
133 34 783
133 35 784
133 36 785
133 37 786
133 38 787
133 39 788
134 32 781
134 33 782
134 34 783
134 35 784
134 36 785
134 37 786
134 38 787
134 39 788

135 0 696
135 1 700
135 2 701
135 3 709
135 4 715
135 5 721
135 6 727
135 7 730
135 8 743
135 9 751
135 10 755
135 11 757
135 12 758
135 13 760
135 14 761
135 15 762
135 16 763
135 17 764
135 18 765
135 19 767
135 20 768
135 21 770
135 22 771
135 23 775
135 24 776
135 25 777
135 26 778
135 27 779
135 28 780
135 29 781
135 30 782
135 31 783
135 32 784
135 33 785
135 34 786
135 35 787
135 36 788

136 0 696
136 1 700
136 2 701
136 3 709
136 4 715
136 5 721
136 6 730
136 7 751
136 8 755
136 9 757
136 10 760
136 11 761
136 12 762
136 13 763
136 14 765
136 15 767
136 16 768
136 17 770
136 18 771
136 19 775
136 20 776
136 21 778
136 22 779
136 23 781
136 24 782
136 25 785
136 26 786
136 27 787
135 37 789
135 38 790
135 39 791
136 28 789
136 29 790
136 30 791

137 0 696
137 1 700
137 2 701
137 3 709
137 4 715
137 5 721
137 6 730
137 7 751
137 8 755
137 9 760
137 10 771
137 11 775
137 12 776
137 13 778
137 14 779
137 15 781
137 16 782
137 17 787
137 18 789
137 19 790
137 20 791
136 31 792
136 32 793
136 33 794
136 34 795
136 35 796
136 36 797
136 37 798
136 38 799
136 39 800
137 21 792
137 22 793
137 23 794
137 24 795
137 25 796
137 26 797
137 27 798
137 28 799
137 29 800

138 0 715
138 1 751
138 2 755
138 3 760
138 4 775
138 5 776
138 6 778
138 7 781
138 8 782
138 9 787
138 10 791
138 11 793
138 12 794
138 13 796
138 14 798
138 15 799
138 16 800
137 30 801
137 31 802
137 32 803
137 33 804
137 34 805
137 35 806
137 36 807
137 37 808
137 38 809
137 39 810
138 17 801
138 18 802
138 19 803
138 20 804
138 21 805
138 22 806
138 23 807
138 24 808
138 25 809
138 26 810

139 0 751
139 1 755
139 2 760
139 3 775
139 4 781
139 5 782
139 6 787
139 7 791
139 8 794
139 9 796
139 10 798
139 11 801
139 12 802
139 13 803
139 14 804
139 15 805
139 16 806
139 17 807
139 18 808
139 19 810
138 27 811
138 28 812
138 29 813
138 30 814
138 31 815
138 32 816
138 33 817
138 34 818
138 35 819
138 36 820
138 37 821
138 38 822
138 39 823
139 20 811
139 21 812
139 22 813
139 23 814
139 24 815
139 25 816
139 26 817
139 27 818
139 28 819
139 29 820
139 30 821
139 31 822
139 32 823

140 0 751
140 1 760
140 2 775
140 3 781
140 4 782
140 5 791
140 6 801
140 7 802
140 8 803
140 9 804
140 10 805
140 11 806
140 12 807
140 13 808
140 14 810
140 15 811
140 16 813
140 17 814
140 18 815
140 19 817
140 20 818
140 21 820
140 22 821
140 23 823
139 33 824
139 34 825
139 35 826
139 36 827
139 37 828
139 38 829
140 24 824
140 25 825
140 26 826
140 27 827
140 28 828
140 29 829

141 0 751
141 1 760
141 2 775
141 3 781
141 4 782
141 5 801
141 6 802
141 7 803
141 8 804
141 9 805
141 10 808
141 11 810
141 12 811
141 13 813
141 14 814
141 15 815
141 16 820
141 17 823
141 18 824
141 19 826
141 20 827
141 21 828
140 30 830
140 31 831
140 32 832
140 33 833
140 34 834
140 35 835
140 36 836
140 37 837
140 38 838
140 39 839
141 22 830
141 23 831
141 24 832
141 25 833
141 26 834
141 27 835
141 28 836
141 29 837
141 30 838
141 31 839

142 0 751
142 1 775
142 2 801
142 3 802
142 4 803
142 5 804
142 6 805
142 7 808
142 8 811
142 9 813
142 10 814
142 11 823
142 12 824
142 13 826
142 14 828
142 15 831
142 16 832
142 17 833
142 18 835
142 19 836
142 20 837
142 21 838
142 22 839
141 32 840
141 33 841
141 34 842
141 35 843
141 36 844
141 37 845
141 38 846
141 39 847
142 23 840
142 24 841
142 25 842
142 26 843
142 27 844
142 28 845
142 29 846
142 30 847

143 0 751
143 1 775
143 2 803
143 3 804
143 4 808
143 5 811
143 6 813
143 7 814
143 8 824
143 9 828
143 10 831
143 11 832
143 12 835
143 13 836
143 14 838
143 15 839
143 16 840
143 17 841
143 18 842
143 19 843
143 20 844
142 31 848
142 32 849
142 33 850
142 34 851
142 35 852
142 36 853
142 37 854
142 38 855
143 21 848
143 22 849
143 23 850
143 24 851
143 25 852
143 26 853
143 27 854
143 28 855

144 0 751
144 1 775
144 2 803
144 3 814
144 4 824
144 5 831
144 6 832
144 7 835
144 8 836
144 9 838
144 10 839
144 11 840
144 12 841
144 13 842
144 14 843
144 15 848
144 16 850
144 17 851
144 18 852
144 19 855
143 29 856
143 30 857
143 31 858
143 32 859
143 33 860
143 34 861
143 35 862
143 36 863
143 37 864
144 20 856
144 21 857
144 22 858
144 23 859
144 24 860
144 25 861
144 26 862
144 27 863
144 28 864

145 0 751
145 1 803
145 2 814
145 3 824
145 4 831
145 5 832
145 6 835
145 7 836
145 8 838
145 9 839
145 10 840
145 11 841
145 12 842
145 13 843
145 14 848
145 15 850
145 16 851
145 17 852
145 18 855
145 19 856
145 20 857
145 21 858
145 22 859
145 23 860
145 24 861
145 25 862
145 26 863
145 27 864
144 29 865
144 30 866
144 31 867
144 32 868
144 33 869
144 34 870
144 35 871
144 36 872
144 37 873
144 38 874
145 28 865
145 29 866
145 30 867
145 31 868
145 32 869
145 33 870
145 34 871
145 35 872
145 36 873
145 37 874

146 0 803
146 1 814
146 2 831
146 3 832
146 4 835
146 5 836
146 6 838
146 7 839
146 8 842
146 9 848
146 10 850
146 11 851
146 12 855
146 13 856
146 14 857
146 15 858
146 16 859
146 17 860
146 18 862
146 19 864
146 20 865
146 21 867
146 22 868
146 23 869
146 24 870
146 25 872
146 26 873
146 27 874
145 38 875
145 39 876
146 28 875
146 29 876

147 0 803
147 1 814
147 2 831
147 3 832
147 4 835
147 5 836
147 6 838
147 7 839
147 8 842
147 9 848
147 10 850
147 11 851
147 12 855
147 13 856
147 14 857
147 15 859
147 16 860
147 17 862
147 18 864
147 19 865
147 20 867
147 21 868
147 22 869
147 23 870
147 24 872
147 25 873
147 26 874
147 27 875
146 30 877
146 31 878
146 32 879
146 33 880
146 34 881
146 35 882
146 36 883
146 37 884
146 38 885
147 28 877
147 29 878
147 30 879
147 31 880
147 32 881
147 33 882
147 34 883
147 35 884
147 36 885

148 0 814
148 1 831
148 2 832
148 3 835
148 4 838
148 5 839
148 6 842
148 7 848
148 8 850
148 9 851
148 10 855
148 11 856
148 12 857
148 13 859
148 14 860
148 15 862
148 16 864
148 17 865
148 18 867
148 19 868
148 20 869
148 21 870
148 22 872
148 23 874
148 24 875
148 25 878
148 26 879
148 27 880
148 28 881
148 29 882
148 30 883
148 31 884
148 32 885
147 37 886
147 38 887
148 33 886
148 34 887

149 0 814
149 1 831
149 2 832
149 3 835
149 4 838
149 5 839
149 6 842
149 7 848
149 8 855
149 9 856
149 10 857
149 11 859
149 12 860
149 13 862
149 14 865
149 15 867
149 16 868
149 17 869
149 18 870
149 19 872
149 20 874
149 21 875
149 22 878
149 23 879
149 24 880
149 25 883
149 26 884
149 27 885
148 35 888
148 36 889
148 37 890
148 38 891
148 39 892
149 28 888
149 29 889
149 30 890
149 31 891
149 32 892

150 0 814
150 1 831
150 2 832
150 3 835
150 4 838
150 5 839
150 6 842
150 7 848
150 8 855
150 9 856
150 10 857
150 11 859
150 12 860
150 13 868
150 14 869
150 15 870
150 16 872
150 17 874
150 18 879
150 19 883
150 20 884
150 21 885
150 22 888
150 23 889
150 24 890
150 25 891
150 26 892
149 33 893
149 34 894
149 35 895
149 36 896
149 37 897
150 27 893
150 28 894
150 29 895
150 30 896
150 31 897

151 0 814
151 1 831
151 2 832
151 3 835
151 4 838
151 5 839
151 6 842
151 7 848
151 8 856
151 9 859
151 10 860
151 11 868
151 12 869
151 13 870
151 14 872
151 15 879
151 16 883
151 17 884
151 18 888
151 19 889
151 20 890
151 21 891
151 22 892
151 23 893
151 24 894
151 25 895
151 26 896
151 27 897
150 32 898
150 33 899
150 34 900
150 35 901
150 36 902
150 37 903
150 38 904
150 39 905
151 28 898
151 29 899
151 30 900
151 31 901
151 32 902
151 33 903
151 34 904
151 35 905

152 0 814
152 1 831
152 2 832
152 3 839
152 4 848
152 5 856
152 6 859
152 7 860
152 8 868
152 9 869
152 10 870
152 11 872
152 12 879
152 13 883
152 14 884
152 15 889
152 16 890
152 17 891
152 18 892
152 19 893
152 20 894
152 21 895
152 22 896
152 23 897
152 24 898
152 25 899
152 26 900
152 27 901
152 28 902
152 29 903
152 30 904
152 31 905
151 36 906
151 37 907
151 38 908
152 32 906
152 33 907
152 34 908

153 0 814
153 1 831
153 2 832
153 3 839
153 4 848
153 5 856
153 6 859
153 7 860
153 8 868
153 9 869
153 10 870
153 11 872
153 12 879
153 13 883
153 14 884
153 15 889
153 16 890
153 17 891
153 18 892
153 19 893
153 20 894
153 21 895
153 22 896
153 23 897
153 24 898
153 25 899
153 26 900
153 27 901
153 28 902
153 29 903
153 30 904
153 31 905
153 32 906
153 33 907
153 34 908
152 35 909
152 36 910
152 37 911
152 38 912
152 39 913
153 35 909
153 36 910
153 37 911
153 38 912
153 39 913

154 0 831
154 1 832
154 2 839
154 3 848
154 4 856
154 5 859
154 6 860
154 7 869
154 8 872
154 9 879
154 10 883
154 11 884
154 12 891
154 13 892
154 14 894
154 15 896
154 16 897
154 17 899
154 18 900
154 19 901
154 20 902
154 21 904
154 22 907
154 23 908
154 24 909
154 25 910
154 26 911
154 27 912
154 28 913

155 0 831
155 1 832
155 2 839
155 3 848
155 4 856
155 5 869
155 6 872
155 7 879
155 8 883
155 9 884
155 10 892
155 11 894
155 12 897
155 13 900
155 14 902
155 15 904
155 16 907
155 17 908
155 18 909
155 19 910
155 20 911
155 21 913
154 29 914
154 30 915
154 31 916
154 32 917
154 33 918
154 34 919
154 35 920
154 36 921
154 37 922
154 38 923
154 39 924
155 22 914
155 23 915
155 24 916
155 25 917
155 26 918
155 27 919
155 28 920
155 29 921
155 30 922
155 31 923
155 32 924

156 0 831
156 1 832
156 2 839
156 3 848
156 4 856
156 5 869
156 6 872
156 7 879
156 8 883
156 9 892
156 10 894
156 11 897
156 12 900
156 13 902
156 14 904
156 15 907
156 16 908
156 17 909
156 18 910
156 19 911
156 20 913
156 21 914
156 22 915
156 23 916
156 24 918
156 25 919
156 26 920
156 27 921
156 28 922
156 29 923
156 30 924
155 33 925
155 34 926
155 35 927
155 36 928
155 37 929
156 31 925
156 32 926
156 33 927
156 34 928
156 35 929

157 0 831
157 1 839
157 2 848
157 3 856
157 4 869
157 5 872
157 6 879
157 7 883
157 8 892
157 9 897
157 10 900
157 11 902
157 12 904
157 13 907
157 14 908
157 15 909
157 16 910
157 17 911
157 18 913
157 19 914
157 20 915
157 21 916
157 22 918
157 23 919
157 24 920
157 25 921
157 26 922
157 27 923
157 28 924
157 29 925
157 30 926
157 31 927
157 32 929
156 36 930
156 37 931
156 38 932
156 39 933
157 33 930
157 34 931
157 35 932
157 36 933

158 0 831
158 1 839
158 2 848
158 3 856
158 4 869
158 5 872
158 6 879
158 7 883
158 8 892
158 9 897
158 10 900
158 11 902
158 12 904
158 13 907
158 14 908
158 15 909
158 16 910
158 17 911
158 18 913
158 19 916
158 20 919
158 21 920
158 22 921
158 23 924
158 24 925
158 25 927
158 26 929
158 27 932
158 28 933
157 37 934
157 38 935
158 29 934
158 30 935

159 0 831
159 1 848
159 2 869
159 3 872
159 4 883
159 5 892
159 6 897
159 7 900
159 8 904
159 9 907
159 10 909
159 11 910
159 12 911
159 13 916
159 14 919
159 15 920
159 16 921
159 17 925
159 18 927
159 19 929
159 20 932
159 21 934
159 22 935
158 31 936
158 32 937
158 33 938
158 34 939
158 35 940
158 36 941
158 37 942
158 38 943
158 39 944
159 23 936
159 24 937
159 25 938
159 26 939
159 27 940
159 28 941
159 29 942
159 30 943
159 31 944

160 0 831
160 1 869
160 2 872
160 3 883
160 4 892
160 5 897
160 6 900
160 7 904
160 8 907
160 9 909
160 10 910
160 11 911
160 12 916
160 13 919
160 14 920
160 15 921
160 16 925
160 17 927
160 18 929
160 19 932
160 20 934
160 21 935
160 22 936
160 23 937
160 24 938
160 25 939
160 26 940
160 27 941
160 28 942
160 29 943
160 30 944
159 32 945
159 33 946
159 34 947
159 35 948
159 36 949
159 37 950
159 38 951
159 39 952
160 31 945
160 32 946
160 33 947
160 34 948
160 35 949
160 36 950
160 37 951
160 38 952

161 0 831
161 1 869
161 2 872
161 3 883
161 4 892
161 5 897
161 6 900
161 7 904
161 8 907
161 9 909
161 10 910
161 11 911
161 12 916
161 13 919
161 14 920
161 15 921
161 16 925
161 17 927
161 18 929
161 19 932
161 20 934
161 21 935
161 22 936
161 23 937
161 24 938
161 25 939
161 26 940
161 27 941
161 28 942
161 29 943
161 30 944
161 31 945
161 32 946
161 33 947
161 34 948
161 35 949
161 36 950
161 37 951
161 38 952
160 39 953
161 39 953

162 0 869
162 1 872
162 2 883
162 3 892
162 4 897
162 5 900
162 6 904
162 7 909
162 8 910
162 9 911
162 10 919
162 11 920
162 12 925
162 13 927
162 14 932
162 15 935
162 16 936
162 17 938
162 18 939
162 19 940
162 20 941
162 21 942
162 22 943
162 23 944
162 24 945
162 25 946
162 26 947
162 27 948
162 28 949
162 29 950
162 30 951
162 31 952
162 32 953

163 0 869
163 1 872
163 2 883
163 3 892
163 4 897
163 5 904
163 6 909
163 7 910
163 8 911
163 9 919
163 10 920
163 11 925
163 12 927
163 13 932
163 14 936
163 15 938
163 16 939
163 17 940
163 18 942
163 19 943
163 20 944
163 21 945
163 22 946
163 23 947
163 24 948
163 25 949
163 26 950
163 27 951
163 28 952
163 29 953
162 33 954
162 34 955
162 35 956
162 36 957
162 37 958
162 38 959
162 39 960
163 30 954
163 31 955
163 32 956
163 33 957
163 34 958
163 35 959
163 36 960

164 0 872
164 1 883
164 2 892
164 3 904
164 4 910
164 5 920
164 6 925
164 7 927
164 8 932
164 9 938
164 10 940
164 11 942
164 12 943
164 13 944
164 14 945
164 15 948
164 16 949
164 17 950
164 18 951
164 19 952
164 20 954
164 21 955
164 22 956
164 23 958
163 37 961
163 38 962
163 39 963
164 24 961
164 25 962
164 26 963

165 0 872
165 1 883
165 2 892
165 3 904
165 4 910
165 5 920
165 6 925
165 7 927
165 8 932
165 9 938
165 10 940
165 11 942
165 12 943
165 13 944
165 14 945
165 15 948
165 16 949
165 17 950
165 18 951
165 19 952
165 20 954
165 21 955
165 22 956
165 23 958
165 24 961
165 25 962
164 27 964
164 28 965
164 29 966
164 30 967
164 31 968
164 32 969
164 33 970
164 34 971
164 35 972
164 36 973
164 37 974
164 38 975
165 26 964
165 27 965
165 28 966
165 29 967
165 30 968
165 31 969
165 32 970
165 33 971
165 34 972
165 35 973
165 36 974
165 37 975

166 0 872
166 1 883
166 2 892
166 3 904
166 4 910
166 5 920
166 6 925
166 7 932
166 8 938
166 9 940
166 10 942
166 11 943
166 12 944
166 13 945
166 14 948
166 15 949
166 16 950
166 17 951
166 18 952
166 19 954
166 20 955
166 21 956
166 22 958
166 23 961
166 24 962
166 25 965
166 26 966
166 27 967
166 28 968
166 29 969
166 30 970
166 31 971
166 32 972
166 33 973
166 34 974
166 35 975
165 38 976
165 39 977
166 36 976
166 37 977

167 0 892
167 1 920
167 2 932
167 3 938
167 4 940
167 5 942
167 6 943
167 7 945
167 8 949
167 9 950
167 10 951
167 11 952
167 12 954
167 13 956
167 14 958
167 15 961
167 16 962
167 17 965
167 18 966
167 19 967
167 20 968
167 21 969
167 22 970
167 23 972
167 24 973
167 25 974
167 26 976
167 27 977
166 38 978
166 39 979
167 28 978
167 29 979

168 0 920
168 1 940
168 2 942
168 3 943
168 4 945
168 5 949
168 6 951
168 7 952
168 8 954
168 9 956
168 10 958
168 11 961
168 12 962
168 13 965
168 14 966
168 15 967
168 16 968
168 17 969
168 18 970
168 19 972
168 20 973
168 21 974
168 22 976
168 23 977
168 24 978
168 25 979
167 30 980
167 31 981
167 32 982
167 33 983
167 34 984
167 35 985
167 36 986
168 26 980
168 27 981
168 28 982
168 29 983
168 30 984
168 31 985
168 32 986

169 0 920
169 1 940
169 2 942
169 3 943
169 4 945
169 5 949
169 6 951
169 7 952
169 8 954
169 9 956
169 10 958
169 11 961
169 12 962
169 13 965
169 14 966
169 15 968
169 16 969
169 17 970
169 18 972
169 19 973
169 20 974
169 21 976
169 22 977
169 23 978
169 24 979
169 25 980
169 26 981
169 27 982
169 28 983
169 29 984
169 30 985
169 31 986
168 33 987
168 34 988
168 35 989
168 36 990
168 37 991
168 38 992
168 39 993
169 32 987
169 33 988
169 34 989
169 35 990
169 36 991
169 37 992
169 38 993

170 0 920
170 1 940
170 2 942
170 3 943
170 4 949
170 5 951
170 6 952
170 7 954
170 8 956
170 9 958
170 10 961
170 11 965
170 12 966
170 13 968
170 14 969
170 15 970
170 16 972
170 17 973
170 18 974
170 19 976
170 20 977
170 21 978
170 22 979
170 23 980
170 24 981
170 25 982
170 26 983
170 27 984
170 28 986
170 29 987
170 30 989
170 31 990
170 32 992
170 33 993
169 39 994
170 34 994

171 0 940
171 1 949
171 2 951
171 3 958
171 4 965
171 5 966
171 6 968
171 7 969
171 8 970
171 9 972
171 10 974
171 11 976
171 12 977
171 13 978
171 14 979
171 15 980
171 16 981
171 17 982
171 18 983
171 19 984
171 20 986
171 21 987
171 22 989
171 23 990
171 24 992
171 25 993
170 35 995
170 36 996
170 37 997
170 38 998
170 39 999
171 26 995
171 27 996
171 28 997
171 29 998
171 30 999

172 0 940
172 1 949
172 2 951
172 3 958
172 4 965
172 5 966
172 6 968
172 7 969
172 8 970
172 9 972
172 10 974
172 11 976
172 12 977
172 13 978
172 14 979
172 15 980
172 16 981
172 17 982
172 18 983
172 19 984
172 20 986
172 21 987
172 22 989
172 23 990
172 24 992
172 25 993
172 26 995
172 27 996
172 28 997
172 29 998
172 30 999
171 31 1000
171 32 1001
171 33 1002
171 34 1003
171 35 1004
171 36 1005
171 37 1006
171 38 1007
172 31 1000
172 32 1001
172 33 1002
172 34 1003
172 35 1004
172 36 1005
172 37 1006
172 38 1007

173 0 940
173 1 949
173 2 951
173 3 958
173 4 965
173 5 966
173 6 968
173 7 969
173 8 970
173 9 972
173 10 974
173 11 976
173 12 977
173 13 978
173 14 979
173 15 980
173 16 981
173 17 982
173 18 983
173 19 984
173 20 986
173 21 987
173 22 989
173 23 990
173 24 992
173 25 993
173 26 995
173 27 996
173 28 997
173 29 998
173 30 999
173 31 1000
173 32 1001
173 33 1004
173 34 1005
173 35 1006
173 36 1007
172 39 1008
173 37 1008

174 0 940
174 1 949
174 2 951
174 3 958
174 4 965
174 5 966
174 6 968
174 7 969
174 8 970
174 9 972
174 10 974
174 11 976
174 12 977
174 13 978
174 14 979
174 15 980
174 16 981
174 17 982
174 18 983
174 19 984
174 20 986
174 21 987
174 22 989
174 23 990
174 24 992
174 25 993
174 26 995
174 27 996
174 28 997
174 29 998
174 30 999
174 31 1001
174 32 1004
174 33 1005
174 34 1006
174 35 1007
174 36 1008
173 38 1009
173 39 1010
174 37 1009
174 38 1010

175 0 940
175 1 949
175 2 958
175 3 965
175 4 966
175 5 968
175 6 970
175 7 972
175 8 976
175 9 977
175 10 978
175 11 979
175 12 980
175 13 981
175 14 982
175 15 983
175 16 984
175 17 986
175 18 987
175 19 989
175 20 990
175 21 993
175 22 995
175 23 996
175 24 997
175 25 999
175 26 1004
175 27 1006
175 28 1010
174 39 1011
175 29 1011

176 0 940
176 1 965
176 2 966
176 3 968
176 4 970
176 5 972
176 6 976
176 7 977
176 8 978
176 9 979
176 10 980
176 11 981
176 12 982
176 13 983
176 14 984
176 15 987
176 16 989
176 17 990
176 18 993
176 19 995
176 20 996
176 21 999
176 22 1006
176 23 1011
175 30 1012
175 31 1013
175 32 1014
175 33 1015
175 34 1016
175 35 1017
175 36 1018
175 37 1019
175 38 1020
175 39 1021
176 24 1012
176 25 1013
176 26 1014
176 27 1015
176 28 1016
176 29 1017
176 30 1018
176 31 1019
176 32 1020
176 33 1021

177 0 965
177 1 966
177 2 968
177 3 970
177 4 972
177 5 976
177 6 977
177 7 978
177 8 979
177 9 980
177 10 981
177 11 982
177 12 983
177 13 984
177 14 987
177 15 989
177 16 990
177 17 993
177 18 995
177 19 996
177 20 999
177 21 1006
177 22 1011
177 23 1013
177 24 1014
177 25 1015
177 26 1016
177 27 1017
177 28 1018
177 29 1020
177 30 1021
176 34 1022
176 35 1023
176 36 1024
176 37 1025
176 38 1026
177 31 1022
177 32 1023
177 33 1024
177 34 1025
177 35 1026

178 0 965
178 1 966
178 2 968
178 3 970
178 4 972
178 5 976
178 6 977
178 7 978
178 8 979
178 9 980
178 10 981
178 11 982
178 12 983
178 13 984
178 14 987
178 15 989
178 16 990
178 17 993
178 18 995
178 19 996
178 20 999
178 21 1006
178 22 1011
178 23 1013
178 24 1014
178 25 1016
178 26 1018
178 27 1022
178 28 1024
178 29 1025
178 30 1026
177 36 1027
177 37 1028
177 38 1029
178 31 1027
178 32 1028
178 33 1029

179 0 965
179 1 966
179 2 968
179 3 970
179 4 972
179 5 976
179 6 977
179 7 978
179 8 979
179 9 980
179 10 981
179 11 982
179 12 983
179 13 984
179 14 987
179 15 989
179 16 990
179 17 993
179 18 995
179 19 996
179 20 999
179 21 1011
179 22 1013
179 23 1014
179 24 1016
179 25 1018
179 26 1022
179 27 1024
179 28 1025
179 29 1026
179 30 1027
179 31 1028
179 32 1029
178 34 1030
178 35 1031
178 36 1032
178 37 1033
178 38 1034
178 39 1035
179 33 1030
179 34 1031
179 35 1032
179 36 1033
179 37 1034
179 38 1035

180 0 965
180 1 966
180 2 970
180 3 972
180 4 976
180 5 977
180 6 978
180 7 979
180 8 980
180 9 981
180 10 982
180 11 983
180 12 984
180 13 989
180 14 990
180 15 993
180 16 995
180 17 996
180 18 999
180 19 1011
180 20 1013
180 21 1014
180 22 1016
180 23 1018
180 24 1022
180 25 1024
180 26 1025
180 27 1026
180 28 1027
180 29 1028
180 30 1029
180 31 1030
180 32 1031
180 33 1032
180 34 1033
180 35 1034
179 39 1036
180 36 1036

181 0 965
181 1 966
181 2 970
181 3 972
181 4 976
181 5 977
181 6 978
181 7 979
181 8 980
181 9 981
181 10 982
181 11 983
181 12 984
181 13 989
181 14 990
181 15 993
181 16 995
181 17 996
181 18 999
181 19 1011
181 20 1014
181 21 1016
181 22 1018
181 23 1024
181 24 1025
181 25 1026
181 26 1027
181 27 1028
181 28 1029
181 29 1030
181 30 1031
181 31 1032
181 32 1033
181 33 1034
181 34 1036
180 37 1037
180 38 1038
180 39 1039
181 35 1037
181 36 1038
181 37 1039

182 0 965
182 1 966
182 2 970
182 3 972
182 4 976
182 5 977
182 6 978
182 7 979
182 8 980
182 9 981
182 10 982
182 11 983
182 12 984
182 13 989
182 14 990
182 15 993
182 16 995
182 17 996
182 18 999
182 19 1011
182 20 1014
182 21 1016
182 22 1018
182 23 1024
182 24 1025
182 25 1026
182 26 1027
182 27 1028
182 28 1029
182 29 1030
182 30 1031
182 31 1032
182 32 1033
182 33 1034
182 34 1036
182 35 1037
182 36 1038
182 37 1039
181 38 1040
181 39 1041
182 38 1040
182 39 1041

183 0 965
183 1 966
183 2 970
183 3 972
183 4 976
183 5 977
183 6 978
183 7 979
183 8 980
183 9 981
183 10 982
183 11 983
183 12 984
183 13 989
183 14 990
183 15 993
183 16 995
183 17 996
183 18 999
183 19 1011
183 20 1014
183 21 1018
183 22 1024
183 23 1025
183 24 1026
183 25 1028
183 26 1029
183 27 1030
183 28 1031
183 29 1032
183 30 1033
183 31 1034
183 32 1036
183 33 1037
183 34 1038
183 35 1039
183 36 1040
183 37 1041

184 0 970
184 1 972
184 2 976
184 3 977
184 4 978
184 5 979
184 6 980
184 7 981
184 8 982
184 9 983
184 10 984
184 11 989
184 12 990
184 13 993
184 14 995
184 15 996
184 16 999
184 17 1011
184 18 1014
184 19 1018
184 20 1024
184 21 1025
184 22 1026
184 23 1028
184 24 1029
184 25 1030
184 26 1031
184 27 1032
184 28 1033
184 29 1034
184 30 1036
184 31 1037
184 32 1038
184 33 1039
184 34 1040
184 35 1041
183 38 1042
183 39 1043
184 36 1042
184 37 1043

185 0 972
185 1 976
185 2 977
185 3 978
185 4 980
185 5 982
185 6 983
185 7 984
185 8 989
185 9 990
185 10 993
185 11 995
185 12 999
185 13 1011
185 14 1024
185 15 1025
185 16 1026
185 17 1028
185 18 1029
185 19 1031
185 20 1033
185 21 1034
185 22 1038
185 23 1039
185 24 1040
185 25 1041
184 38 1044
184 39 1045
185 26 1044
185 27 1045
