# Format: timestamp tx ty tz qx qy qz qw
# Where translations and quaternions are defined in world coordinates (=> inverse of pose)
0.02 0.113139981707 0.113139989641 2.00000000124 0.967538790809 0.252722551981 0.0 2.83276944882e-16
0.04 0.22413794403 0.222124459703 2.00661665047 -0.967483829475 -0.252927638702 -0.00118255799891 0.00111841014017
0.06 0.331935352138 0.336924567248 2.01131205169 -0.967357166249 -0.253404411084 -0.00233131730474 0.000939313009436
0.08 0.454636376069 0.444961493549 2.00214022781 -0.967671484065 -0.252207810658 0.000207902232234 0.00175383761232
0.1 0.579141910377 0.552932650143 2.00186047219 -0.968055922061 -0.25070542679 0.0020709535346 0.00319873300636
0.12 0.695067341845 0.659359908489 2.00077701571 -0.968420355903 -0.249277110696 0.00245298485014 0.0041132979992
0.14 0.800277420494 0.76359433782 2.00589841128 -0.968544220909 -0.248779348652 0.000874493501168 0.00549209325865
0.16 0.914090587799 0.873611780064 2.02618538182 -0.969010921652 -0.246908065032 -0.000944825347663 0.00730400208762
0.18 1.0313661005 0.985912153429 2.04363266849 -0.969408224191 -0.245292329349 -0.00208097939969 0.00866242215023
0.2 1.16173919988 1.09093144783 2.05440822887 -0.970349398844 -0.241474868211 -0.00140561968362 0.0104860105733
0.22 1.30672622799 1.19745131589 2.06503455506 -0.971294750309 -0.237487997245 0.00181194734734 0.0135157698339
0.24 1.44369873989 1.30556829312 2.07240799123 -0.972156489119 -0.23380956504 0.00374263051725 0.0151934419186
0.26 1.57707223971 1.41709371135 2.07847723946 -0.973128310701 -0.229677981872 0.00500549132303 0.0156288391426
0.28 1.70225486848 1.51722295885 2.0802047228 -0.974109975156 -0.225406625375 0.00418941665992 0.0168540299948
0.3 1.83225253631 1.62698483312 2.08455235523 -0.975097546414 -0.221155741178 0.00391087480309 0.0161126713704
0.32 1.96134951053 1.72183264769 2.08781449481 -0.976069779055 -0.216692281567 0.00314649727865 0.0179538597661
0.34 2.0947095854 1.82151810908 2.08866860514 -0.977196735129 -0.211526848437 0.00321190919248 0.0182377872445
0.36 2.22867302739 1.9158023433 2.09163474401 -0.9784106444 -0.205748283711 0.00268934060955 0.0193137806021
0.38 2.36781131059 2.00999827298 2.09492181164 -0.979635744665 -0.199767910741 0.00285484039335 0.0199609493634
0.4 2.50398032176 2.09883752537 2.09554770641 -0.980944780824 -0.193138160495 0.00178465294205 0.0210191091457
0.42 2.64609904538 2.18789910583 2.09837879065 -0.982304928798 -0.186044600509 0.00155484832917 0.0214945557806
0.44 2.78818312409 2.28581374861 2.10942213982 -0.983784706442 -0.178372193842 0.0011280013959 0.0187013221107
0.46 2.93541679714 2.37332825208 2.11556887406 -0.985249217053 -0.170186369233 0.0010433383554 0.0178743242964
0.48 3.08828059908 2.4566769805 2.12017979714 -0.986712027771 -0.161545906568 0.0013694541908 0.0173325970076
0.5 3.24256650175 2.53986911827 2.12483074875 -0.988083482877 -0.153070418959 0.00179002299727 0.0160397482303
0.52 3.39551147548 2.61987307329 2.12712399726 -0.989626165919 -0.142949241621 0.00138070163615 0.0142709393969
0.54 3.55704216283 2.69252638637 2.13033883996 -0.990993710123 -0.133257686634 0.00191900817966 0.0130450318678
0.56 3.71983445456 2.76232447727 2.13267088542 -0.992386804 -0.12260101811 0.00238095727624 0.0114783556169
0.58 3.88227682863 2.82085428232 2.13589723524 -0.99372881378 -0.111237618856 0.00211023813595 0.0111706628779
0.6 4.05294540018 2.86551060399 2.1302613383 -0.995020493129 -0.0988205474102 0.00371324867497 0.0124470657703
0.62 4.22734018917 2.90944943976 2.12517305273 -0.996143736398 -0.0866214483627 0.00545935959152 0.0128287377138
0.64 4.39781975428 2.94664165333 2.11960221307 -0.997193360596 -0.0734514443875 0.00644728228484 0.01298920522
0.66 4.57252353665 2.97315825894 2.11324067968 -0.998101524071 -0.0595366154335 0.00789959665009 0.0136504740657
0.68 4.74560910178 2.9951284217 2.1065757837 -0.998834154017 -0.0453947878106 0.00900144020363 0.013733902691
0.7 4.91858814768 2.9987596288 2.09892758029 -0.999326915413 -0.0313103694531 0.0101936051781 0.0161699507989
0.72 5.08902663354 3.00060951424 2.09144894106 -0.999660007297 -0.0161623605412 0.0109884191568 0.017259853897
0.74 5.25365821592 3.00453173512 2.0908832398 -0.999812520791 -0.00177604327688 0.0101377584122 0.0164010607915
0.76 5.41645075159 2.99652344517 2.08832772769 -0.999745069235 0.0124815570095 0.00935223394208 0.0163261445186
0.78 5.58900853479 2.98150578941 2.08527369103 -0.999449997989 0.0270711388561 0.00995880731075 0.0163608409997
0.8 5.75461479609 2.96029820421 2.08000168146 -0.998966264262 0.0413792433781 0.00944124090006 0.0162795593963
0.82 5.92091985073 2.92807204474 2.07558508291 -0.99827118685 0.0554790238761 0.00947721091704 0.0169380603184
0.84 6.08431102642 2.89326315071 2.07191851855 -0.997434850481 0.0689915074951 0.00923567103035 0.0166911150125
0.86 6.24568248405 2.85171000111 2.06823963297 -0.996457230844 0.0820153168899 0.00883283416516 0.0163846249654
0.88 6.40750346643 2.80154503965 2.06462493059 -0.995341463453 0.0945599988161 0.00875077091881 0.0166493772853
0.9 6.56082483304 2.74168471926 2.06272582425 -0.994111182441 0.106565391633 0.00786161699649 0.0180269029316
0.92 6.72218516488 2.68293705313 2.05787650204 -0.992740837996 0.118663649542 0.00849822497257 0.0176733422247
0.94 6.87913641319 2.61821833062 2.05326391563 -0.991335367841 0.129902719475 0.00872417488711 0.0174172533196
0.96 7.0322239014 2.5480147882 2.04964255652 -0.989863572422 0.140715981297 0.00860059138071 0.017179942589
0.98 7.18432268588 2.47378705789 2.04538884502 -0.988384672473 0.150786804945 0.00867234255801 0.0168484168462
1.0 7.3347923002 2.39505138685 2.04068487417 -0.986890100879 0.160306774512 0.0088286308845 0.0164839955798
1.02 7.48092331234 2.31161392719 2.03655638512 -0.985421552996 0.169113974601 0.00874805830392 0.0163798034828
1.04 7.62866192265 2.22548392172 2.03166723175 -0.983971256189 0.177393520123 0.00903770705417 0.0158248495598
1.06 7.77172303791 2.13580280385 2.02719250595 -0.982551775798 0.185132024802 0.00899605352322 0.0154016976501
1.08 7.91316214684 2.04214142131 2.02286433481 -0.98117610002 0.192311902 0.00904985482417 0.0150895071462
1.1 8.04978700719 1.94498693903 2.01927005787 -0.979801973588 0.199209237764 0.00882363634513 0.015030488485
1.12 8.18749493047 1.84506678891 2.01460019929 -0.978533872571 0.205364919917 0.00884355031705 0.0147817968218
1.14 8.32353837526 1.74072937419 2.00950645983 -0.977292589255 0.2111697381 0.00913951112218 0.0149333865848
1.16 8.45735964407 1.63392724801 2.00417033848 -0.976126699611 0.216477252854 0.00927316723742 0.0151087283343
1.18 8.59125601972 1.52870324175 1.99826750384 -0.975043284927 0.221334402088 0.00956014066293 0.0145009889997
1.2 8.72310758884 1.42149832953 1.99205965734 -0.974038028355 0.22574740599 0.00976923973996 0.013877678536
1.22 8.85338885423 1.31273002092 1.98598978323 -0.973114400277 0.229723553756 0.00992007572054 0.0133058228473
1.24 8.98030252435 1.20262383418 1.98071985892 -0.972268909675 0.233304079848 0.00983504461105 0.0128703342266
1.26 9.10674560656 1.08935050698 1.97504008724 -0.971500537394 0.236491999906 0.00982895883403 0.0127134335476
1.28 9.23177998539 0.974534957094 1.96961912428 -0.970826780754 0.239248624757 0.00981174362235 0.0126169334728
1.3 9.35816271943 0.85886361017 1.96432358618 -0.970179352945 0.241853628854 0.0102127580079 0.0124316090228
1.32 9.48131436185 0.742711904534 1.95874413666 -0.969634190463 0.244038878261 0.0101899885825 0.0122770808869
1.34 9.60207773619 0.623651598595 1.9520820756 -0.969159842755 0.245902540022 0.00997398073382 0.0127145472063
1.36 9.72006308963 0.502170421132 1.94477795152 -0.968745874468 0.247498289984 0.00942866448435 0.0136794532884
1.38 9.84036743894 0.383172088288 1.93901982825 -0.968404723705 0.248824939261 0.00934104884114 0.0138269850214
1.4 9.96100086321 0.26068649455 1.93273153981 -0.968147454818 0.249777821765 0.00949783027295 0.014537424241
1.42 10.0799407299 0.141905210722 1.92634658863 -0.967954131087 0.250523353562 0.00934678941488 0.0146794740867
1.44 10.1976060651 0.0221323379639 1.92016829142 -0.967860436643 0.250876412524 0.00908445114257 0.0149891149492
1.46 10.3127406353 -0.0968859423125 1.91590269524 -0.967724073693 0.251416828121 0.00820848185094 0.0152419342226
1.48 10.4292493452 -0.217804149372 1.91065559483 -0.967734981266 0.251358789091 0.00759797686427 0.0158125244285
1.5 10.5440279333 -0.343626158538 1.90487416175 -0.967779746154 0.251094812637 0.00675528628068 0.0175534642581
1.52 10.6658277535 -0.455461101951 1.89819774579 -0.968002791951 0.250303077709 0.00703794100919 0.0164143672242
1.54 10.7871935144 -0.571239162935 1.89206299722 -0.968291138352 0.249200260649 0.00726748463319 0.0160836920225
1.56 10.9090891062 -0.685795583229 1.88564418616 -0.968663779474 0.24776863094 0.00743947179402 0.0156793531988
1.58 11.0337930122 -0.793516355341 1.88048279184 -0.969102336406 0.246142763343 0.00778425568589 0.0139214578676
1.6 11.1517951705 -0.913555735569 1.88097851723 -0.969395384982 0.244989061776 0.00677918912842 0.0143871394244
1.62 11.2735487845 -1.02572110161 1.88018046937 -0.969961525969 0.242790284879 0.00615694133014 0.0137698141662
1.64 11.4021700925 -1.13738061651 1.87935594939 -0.970678551681 0.239950676156 0.00651304800487 0.01282195477
1.66 11.5226351081 -1.25404048443 1.87845856596 -0.971377146126 0.237094505706 0.00525238072246 0.0136032292233
1.68 11.6466612582 -1.36921052848 1.87830438011 -0.97221364135 0.233619101041 0.00440958186576 0.0142585689726
1.7 11.7746005635 -1.47810366071 1.8770409366 -0.9730941256 0.229957728726 0.003875162961 0.0138653825845
1.72 11.908300427 -1.59252306008 1.87274653651 -0.974016740913 0.225973289729 0.00424319193479 0.0144725973231
1.74 12.0411927752 -1.70398470409 1.86879109268 -0.974993694904 0.221678269034 0.00435632669103 0.0150685883174
1.76 12.1807803963 -1.81875337548 1.86362203924 -0.976096997486 0.216658958818 0.00531883009096 0.0162867157053
1.78 12.3190520357 -1.92193392593 1.85808947507 -0.977183149363 0.211718262328 0.00549071184658 0.0160724012235
1.8 12.4582673539 -2.02380920654 1.8535552517 -0.978379594817 0.206107220779 0.00564201236429 0.0161663132893
1.82 12.5989157895 -2.12401740314 1.84858014712 -0.979655295736 0.199919118619 0.00575936680601 0.0165733895681
1.84 12.747134147 -2.22065280981 1.83927670729 -0.980926297974 0.193565205429 0.00699016110373 0.0163476859989
1.86 12.8941527268 -2.31576417973 1.8314967522 -0.982295455735 0.186418073156 0.00773235189349 0.0168567605613
1.88 13.0397598609 -2.40416280343 1.82399485676 -0.983718153307 0.178731348348 0.00797690333779 0.0170314117349
1.9 13.1802588559 -2.49273038476 1.81682753665 -0.985095621228 0.17089174553 0.00682674994567 0.0183309528424
1.92 13.3247012223 -2.57454636193 1.81093430521 -0.986552759932 0.162202686295 0.00630858288035 0.0190825106342
1.94 13.4693725621 -2.6471969337 1.80356218468 -0.987962833551 0.153410397559 0.00513485309788 0.019191735894
1.96 13.6207461954 -2.7155902506 1.79852937317 -0.989486546849 0.143308779423 0.0047755067664 0.018872251611
1.98 13.7707289914 -2.77768335744 1.7935432819 -0.990975985312 0.132706423877 0.00402230265924 0.018423427441
2.0 13.921318991 -2.8358787809 1.78969981266 -0.992412804473 0.121539799504 0.00307463101771 0.0183152750322
2.02 14.0766389856 -2.88692723414 1.78712341594 -0.993764868576 0.110018034507 0.00242098434383 0.017932007773
2.04 14.2318752697 -2.92967854733 1.78562987836 -0.995041320039 0.0979519395764 0.00167270094201 0.0171869432813
2.06 14.3911682305 -2.96952464091 1.78377316457 -0.99626236021 0.0847104824612 0.00153116728408 0.0168255554584
2.08 14.5522228449 -3.00233166963 1.78257786362 -0.997311680483 0.0714044244128 0.00123598848167 0.016410133401
2.1 14.7159310977 -3.0286599356 1.7820991957 -0.998206508492 0.057674571286 0.00111310538268 0.0160053499978
2.12 14.8805752321 -3.05167720537 1.78175526175 -0.998919190864 0.043500283646 0.00103628289227 0.016343242167
2.14 15.0462120672 -3.06772205083 1.781689798 -0.99943824897 0.0290371669392 0.000916532145165 0.0167089616984
2.16 15.2068212343 -3.07924887614 1.78190695144 -0.999739192888 0.0144259407956 -0.000169234078849 0.0177033837616
2.18 15.3711323465 -3.08039624857 1.7829200834 -0.999837641802 -0.000174624002478 -0.000648415134923 0.0180066404489
2.2 15.5371785414 -3.07389725685 1.78382886474 -0.99972395434 -0.0147781832756 -0.000738256314903 0.0182503533011
2.22 15.6975273287 -3.05097346777 1.78749758815 -0.999395326795 -0.0301525474726 -0.0017982058989 0.0172212402744
2.24 15.8670833929 -3.03204543852 1.78382062498 -0.998860449073 -0.0443232074182 -0.000794531319281 0.0176812126552
2.26 16.0327450613 -3.00372514398 1.78157509714 -0.998147597115 -0.0581998521175 -0.000212783411268 0.0177230446153
2.28 16.1940055837 -2.96931479531 1.78084470602 -0.997266284194 -0.0716914754452 -0.000235266528346 0.0178951224421
2.3 16.3548795379 -2.92595228135 1.78079189853 -0.996212233929 -0.0851315728175 -0.0001139490475 0.0177140423014
2.32 16.5147641881 -2.8792121032 1.78023949459 -0.995035569044 -0.09787728841 8.5874425022e-05 0.0180068147372
2.34 16.6687942682 -2.82529093577 1.78009733835 -0.99375547908 -0.11013978651 -0.000250893541115 0.0178665127717
2.36 16.8199959169 -2.77084152358 1.78109265235 -0.99240349291 -0.12158806983 -0.000828949592983 0.0187339632297
2.38 16.9665763482 -2.70992954905 1.78372976071 -0.990975426696 -0.132647861058 -0.00184522891758 0.0192053058306
2.4 17.1146518962 -2.64174281863 1.78596306688 -0.989524327211 -0.14304906459 -0.00221067230191 0.0193309054492
2.42 17.2593355242 -2.56804362805 1.78949347556 -0.988009586469 -0.153176592555 -0.00280902366845 0.0191336856232
2.44 17.4027284125 -2.48993350139 1.79323877494 -0.986547281043 -0.162338376413 -0.00311169096211 0.0190008207826
2.46 17.5425971991 -2.4150879522 1.79466186753 -0.985056334273 -0.170978981423 -0.00382835139248 0.0203850422173
2.48 17.6836029833 -2.33075236176 1.79864615309 -0.983582824464 -0.179233581857 -0.00396410852147 0.0206018542107
2.5 17.8214220299 -2.24262538799 1.80307765501 -0.982168939004 -0.186813823761 -0.00417236349699 0.0206727330154
2.52 17.957271058 -2.15185906719 1.80759678167 -0.980779176217 -0.193954970088 -0.00440780409319 0.020838626152
2.54 18.0905537511 -2.05775353432 1.8128066835 -0.979449977263 -0.200546224275 -0.00474366364067 0.0208914246617
2.56 18.2202364046 -1.96924519082 1.81543878389 -0.978239862032 -0.206224545652 -0.00529448889242 0.022139952325
2.58 18.3502306566 -1.86958732252 1.81934839984 -0.977042735332 -0.211837319908 -0.00529975982633 0.0220080843068
2.6 18.4786594879 -1.76482212684 1.82388762834 -0.975937992866 -0.216953962097 -0.0050446748387 0.0212264850558
2.62 18.6060936123 -1.65946601009 1.8275607768 -0.974879173842 -0.221715467544 -0.00475389613999 0.0207424283054
2.64 18.7308674631 -1.55312642135 1.83076586084 -0.973901343104 -0.226008493987 -0.00463538656376 0.0203678112848
2.66 18.8536540756 -1.4475014117 1.83382460454 -0.972953693759 -0.230055406451 -0.00456861752763 0.0203653504199
2.68 18.9730863225 -1.34328201744 1.83754855634 -0.972075452522 -0.233701731408 -0.0048716318904 0.0207143076977
2.7 19.0926918049 -1.23521589911 1.84108977431 -0.971299318864 -0.236902672302 -0.00496070337354 0.0207400205359
2.72 19.2122638012 -1.12506630327 1.84448607231 -0.970580173019 -0.239836982 -0.00488146729661 0.0207007508128
2.74 19.3334883337 -1.01194917591 1.84502211547 -0.969970945928 -0.242344927005 -0.00392244050898 0.020246354517
2.76 19.4435536436 -0.904968388733 1.86144241932 -0.969392753094 -0.244547674514 -0.00639968065965 0.0208127179106
2.78 19.5602743468 -0.796439494213 1.87562849861 -0.968656393039 -0.24728427291 -0.00750389105806 0.0223376859982
2.8 19.6820381732 -0.696905146935 1.88859466023 -0.968052674049 -0.24923592592 -0.00872154950026 0.0260654574285
2.82 19.7983643064 -0.567962016204 1.90585101601 -0.967547693922 -0.25141356747 -0.00946624314327 0.0235174046018
2.84 19.9170580561 -0.441256833866 1.91970543782 -0.967284013662 -0.252607308565 -0.00960296677583 0.0214235291997
2.86 20.0356574298 -0.306969980503 1.93448526646 -0.96697806346 -0.254046496834 -0.00935745195038 0.0180621240819
2.88 20.1599621105 -0.181198329205 1.94611844455 -0.966645809573 -0.25542461626 -0.00862612002331 0.0167252592213
2.9 20.2726574119 -0.043942068975 1.95563195917 -0.966708731188 -0.2553776108 -0.00939900841713 0.0129677903566
2.92 20.3933718656 0.0853430741274 1.96160737823 -0.966713498132 -0.255443086249 -0.00907639183134 0.011465658671
2.94 20.5112746194 0.205677741 1.97251474004 -0.966891198331 -0.254728616157 -0.0100677598783 0.0115491520004
2.96 20.6315759708 0.33017367023 1.98053109573 -0.96703384229 -0.254205241127 -0.0102842781995 0.010930547585
2.98 20.7532950879 0.453772683575 1.98657957203 -0.96727696375 -0.253294309787 -0.0102951604171 0.0105488245566
3.0 20.878801742 0.580953037399 1.991925366 -0.967562815616 -0.252262808327 -0.00971217794491 0.00955756098853
3.02 21.0053829536 0.708644615384 1.9974531678 -0.967937963597 -0.250885114559 -0.00901934954483 0.0084503996144
3.04 21.131647222 0.831769802985 2.00148398207 -0.96837185738 -0.249239597598 -0.00854155617459 0.00791268869951
3.06 21.2558672717 0.952261555649 2.00412164535 -0.968892666676 -0.247220397471 -0.00837190920633 0.00768027812092
3.08 21.3836711538 1.07227800102 2.00632097052 -0.969491673903 -0.244882082466 -0.00787901263656 0.00752203964425
3.1 21.5177175131 1.19187609326 2.00351795936 -0.97025036619 -0.241914630442 -0.00605519970333 0.00740763409108
3.12 21.6462122924 1.3060874726 2.01042710341 -0.97090269878 -0.239251864543 -0.00651251116308 0.00800512415321
3.14 21.7763335999 1.42145499171 2.01577606905 -0.971747184736 -0.235794968089 -0.00666409511853 0.00798322098787
3.16 21.9092521023 1.53782704716 2.02184459685 -0.972647429669 -0.232073122098 -0.00650182055014 0.00753457939706
3.18 22.044198314 1.65061065247 2.02125176849 -0.973678860287 -0.227733676666 -0.00567872175687 0.00738929368088
3.2 22.1864594965 1.76242458646 2.02248803225 -0.974807690957 -0.222882178146 -0.00435707561766 0.00738350914015
3.22 22.3270511893 1.87188644519 2.02324018669 -0.975985903147 -0.217686004891 -0.00354060565151 0.00719612700302
3.24 22.4691227423 1.97764193875 2.02301903103 -0.977240439046 -0.211995377186 -0.00280959256308 0.00715475613006
3.26 22.6097716854 2.08121211507 2.02258184344 -0.978562734365 -0.205824808549 -0.00248957734179 0.00670261903364
3.28 22.7553263374 2.18328345104 2.02093065876 -0.979923180272 -0.199270270298 -0.00166885417422 0.00625580267411
3.3 22.8995355885 2.27598038905 2.02787541234 -0.981383336665 -0.191920021273 -0.00262514556266 0.00682353003948
3.32 23.0477906366 2.36831268295 2.02845732734 -0.982857965332 -0.184223039665 -0.00241153225204 0.00680265770336
3.34 23.1973457891 2.45753466901 2.02916635709 -0.984365756542 -0.175998003692 -0.00236742345286 0.00656927315084
3.36 23.3475548079 2.54063163753 2.02979877954 -0.98593225357 -0.166993103184 -0.00260281210466 0.00664230601141
3.38 23.5005787056 2.62130866669 2.03038557812 -0.987489236507 -0.157533643519 -0.00279286194368 0.00635286272687
3.4 23.6559378857 2.6949703543 2.03127488104 -0.989038448486 -0.14748715923 -0.00295568124382 0.00646136416183
3.42 23.8130286414 2.76242624887 2.03223711942 -0.990553192063 -0.136926030446 -0.00324251331055 0.00671729017522
3.44 23.9735369681 2.82484026703 2.03370918893 -0.99199782869 -0.12602757984 -0.00324871012287 0.00684126274279
3.46 24.1358432112 2.88254977365 2.03514392314 -0.99341575207 -0.11431225305 -0.00332485175399 0.00684088465664
3.48 24.3005045293 2.93355710726 2.03656150392 -0.994749811831 -0.102044209971 -0.00333274135131 0.00697738553613
3.5 24.4668271227 2.97819623344 2.03800122709 -0.995973890631 -0.0892986807027 -0.00340369552438 0.00708305465872
3.52 24.6356532351 3.01830710203 2.03975422853 -0.997088052285 -0.0758910022534 -0.00336767974757 0.006680606243
3.54 24.8061386836 3.04275486833 2.04022733836 -0.998046331534 -0.0618712010206 -0.00322319317625 0.00806756597383
3.56 24.9781165717 3.06368314389 2.0412007591 -0.998805101126 -0.0479965144748 -0.00299741939082 0.0087017262881
3.58 25.1493027126 3.08068219446 2.04299746521 -0.999391400755 -0.0336573974967 -0.00307984814351 0.00863262569211
3.6 25.3222140328 3.08955773456 2.04458429637 -0.999773131264 -0.0192129280462 -0.00296445723711 0.00870410196803
3.62 25.4957252586 3.09186766711 2.0459821041 -0.999948061609 -0.00466189362819 -0.00282748242222 0.00861081734686
3.64 25.6696730278 3.08803435997 2.04731701514 -0.999913748932 0.00992013009024 -0.00258279050562 0.00821065829618
3.66 25.8436367122 3.07590459395 2.04794987026 -0.999668923372 0.0243815372237 -0.00225919647173 0.00790444927701
3.68 26.0145360282 3.05537903153 2.04896593842 -0.999221947618 0.0385717612523 -0.00231197317964 0.00789768398837
3.7 26.1854039625 3.02946413776 2.04961335391 -0.998583071492 0.0526312617332 -0.0023054609623 0.00751561497537
3.72 26.3503271507 3.00024821885 2.05075077971 -0.997792256734 0.0660315484467 -0.00303797867098 0.00642010103336
