0.08 0.228989 -0.0585809 -0.00103067 0.00288853 0.00165013 0.00118099 0.999994
0.1 0.305667 -0.0778838 -0.00198281 0.00373216 0.00215685 0.00229903 0.999988
0.12 0.383621 -0.0972583 -0.00297555 0.00446664 0.00223851 0.00372798 0.999981
0.14 0.460988 -0.117289 -0.00444939 0.00474836 0.00258214 0.00544329 0.999971
0.16 0.539556 -0.138606 -0.00427725 0.00412225 0.00223874 0.0073425 0.999962
0.18 0.618598 -0.158194 -0.0046287 0.00409401 0.00198585 0.00962881 0.999943
0.2 0.697266 -0.177476 -0.0047213 0.0039393 0.00187248 0.0120996 0.999917
0.22 0.776951 -0.196561 -0.00494155 0.00334981 0.00152626 0.0152513 0.999877
0.24 0.85741 -0.215125 -0.00510342 0.00278898 0.000972677 0.0185649 0.999823
0.26 0.9364 -0.231268 -0.00565791 0.00289054 0.000988909 0.0223005 0.999747
0.28 1.01652 -0.248267 -0.0055768 0.00207237 0.000689818 0.0264518 0.999648
0.3 1.09545 -0.263039 -0.00575962 0.00165952 0.000840716 0.0310641 0.999516
0.32 1.17454 -0.275275 -0.00611656 0.00190804 0.000863941 0.0358946 0.999353
0.34 1.25374 -0.286589 -0.0063822 0.00203002 0.00110521 0.0411595 0.99915
0.36 1.33409 -0.29772 -0.00648761 0.00141171 0.000917244 0.0470774 0.99889
0.38 1.41428 -0.304873 -0.00661091 0.00206504 0.000913566 0.0532814 0.998577
0.4 1.49409 -0.310967 -0.00675466 0.00231959 0.00101664 0.0599154 0.9982
0.42 1.575 -0.315511 -0.00658678 0.00247135 0.000822598 0.0672623 0.997732
0.44 1.65395 -0.317743 -0.00701642 0.00280614 0.0015134 0.0750755 0.997173
0.46 1.73417 -0.318032 -0.00747066 0.00306456 0.0015261 0.0832745 0.996521
0.48 1.8144 -0.316261 -0.00793696 0.00326601 0.00163783 0.0922842 0.995726
0.5 1.89463 -0.312306 -0.00815954 0.00328262 0.00166021 0.101903 0.994788
0.52 1.97553 -0.306527 -0.00851781 0.00299079 0.00140804 0.111957 0.993708
0.54 2.05582 -0.297368 -0.00879172 0.00306894 0.00125115 0.122567 0.992455
0.56 2.13554 -0.285047 -0.00894458 0.00338467 0.00122737 0.133791 0.991003
0.58 2.21456 -0.270378 -0.0090227 0.00348885 0.00128581 0.145417 0.989364
0.6 2.29395 -0.252904 -0.00919253 0.00344974 0.00095226 0.157686 0.987483
0.62 2.37208 -0.232195 -0.00932298 0.00348436 0.000830876 0.170401 0.985368
0.64 2.4489 -0.208821 -0.0093188 0.00339097 0.000841562 0.183455 0.983022
0.66 2.52477 -0.182407 -0.00927308 0.00317911 0.000840955 0.196955 0.980407
0.68 2.59996 -0.152315 -0.00911416 0.00318328 0.00063848 0.210662 0.977554
0.7 2.67379 -0.119934 -0.00910626 0.00286717 0.000465689 0.224536 0.974461
0.72 2.74557 -0.0834051 -0.00916569 0.00295769 0.000456022 0.238598 0.971114
0.74 2.8153 -0.0446914 -0.00907755 0.00272931 0.000655163 0.252684 0.967545
0.76 2.88361 -0.00236347 -0.00896944 0.00269195 0.000640374 0.266746 0.963763
0.78 2.94979 0.0430702 -0.00903787 0.00278213 0.000695401 0.280595 0.959822
0.8 3.01412 0.091328 -0.00895258 0.00290619 0.000739045 0.29427 0.955718
0.82 3.07645 0.14226 -0.0088359 0.00295115 0.000710127 0.307602 0.95151
0.84 3.13656 0.195638 -0.00889375 0.00299696 0.000725133 0.320559 0.947224
0.86 3.19483 0.251435 -0.00869191 0.00299251 0.000605466 0.333127 0.942877
0.88 3.2508 0.309443 -0.00858652 0.00300957 0.000502103 0.345193 0.938527
0.9 3.30457 0.36978 -0.00839101 0.00313789 0.000378793 0.356768 0.934188
0.92 3.35591 0.431473 -0.00832126 0.00307028 0.000437237 0.367784 0.929906
0.94 3.40529 0.495301 -0.00802717 0.00317374 0.000344258 0.378229 0.925706
0.96 3.45244 0.560897 -0.00774965 0.00333854 0.000287513 0.388094 0.921614
0.98 3.49747 0.627293 -0.00754964 0.00329664 0.000329352 0.397401 0.917639
1 3.54045 0.695511 -0.0071036 0.00345642 0.000332652 0.406178 0.913787
1.02 3.58196 0.764812 -0.00681031 0.00348976 0.000166638 0.414321 0.910124
1.04 3.62129 0.834847 -0.0064903 0.00348317 0.000200945 0.42197 0.906603
1.06 3.65941 0.905709 -0.0061563 0.00334257 7.44905e-05 0.429088 0.903256
1.08 3.69537 0.97771 -0.00569022 0.00342861 8.82268e-05 0.435671 0.9001
1.1 3.73013 1.05031 -0.00540361 0.00337449 1.55252e-05 0.441771 0.897122
1.12 3.76315 1.1232 -0.00510655 0.00322685 9.98148e-05 0.447446 0.894305
1.14 3.79477 1.1971 -0.00475945 0.00324857 0.000150934 0.452653 0.891681
1.16 3.82554 1.2712 -0.00444923 0.00308613 5.56505e-05 0.457449 0.889231
1.18 3.85488 1.34617 -0.0040882 0.00311367 4.66746e-05 0.461817 0.88697
1.2 3.88305 1.42127 -0.00379236 0.0030681 7.03136e-05 0.46581 0.88488
1.22 3.91003 1.49694 -0.00348616 0.00316213 0.000169639 0.469434 0.882962
1.24 3.9366 1.57321 -0.00313282 0.00320096 5.76933e-05 0.472698 0.881219
1.26 3.96216 1.64905 -0.00284595 0.00304572 0.000134 0.47563 0.87964
1.28 3.98693 1.7256 -0.0024927 0.00309779 0.000121748 0.478247 0.87822
1.3 4.01135 1.80234 -0.00215897 0.00307154 3.56766e-05 0.480578 0.876947
1.32 4.03485 1.87978 -0.00171816 0.0032555 -1.04613e-05 0.482578 0.875847
1.34 4.05796 1.95654 -0.00142364 0.00319268 1.61173e-05 0.484317 0.874887
1.36 4.08085 2.0337 -0.00106803 0.00315984 -3.11674e-05 0.485741 0.874097
1.38 4.10308 2.11107 -0.000678152 0.00324346 -3.87398e-06 0.486909 0.873447
1.4 4.12521 2.18855 -0.000233352 0.00331197 -4.82028e-05 0.487827 0.872934
1.42 4.1474 2.26624 0.000313733 0.00336978 -0.000169392 0.488428 0.872598
1.44 4.1691 2.34373 0.000710654 0.00342916 -0.000154516 0.488828 0.872373
1.46 4.19089 2.42066 0.00102609 0.00329033 -9.34823e-05 0.488969 0.872295
1.48 4.2129 2.49823 0.001534 0.00332623 -0.000180384 0.488831 0.872372
1.5 4.23462 2.57537 0.00189582 0.00330482 -9.06714e-05 0.488474 0.872572
1.52 4.25696 2.65239 0.002382 0.00318091 -0.000107895 0.487817 0.87294
1.54 4.27936 2.72963 0.00276606 0.00320276 -0.000101606 0.48689 0.873458
1.56 4.30213 2.80631 0.00313463 0.00304384 -3.71082e-05 0.48573 0.874104
1.58 4.32493 2.88338 0.00347499 0.00315146 3.80114e-05 0.48429 0.874902
1.6 4.34846 2.95987 0.00381023 0.00306256 0.000121298 0.482569 0.875853
1.62 4.37287 3.03644 0.00419235 0.00299867 7.36121e-05 0.48057 0.876951
1.64 4.39772 3.11276 0.0044234 0.00295126 8.89276e-05 0.47823 0.87823
1.66 4.42342 3.18877 0.00472545 0.00287156 7.10192e-05 0.475654 0.879628
1.68 4.44987 3.26481 0.00502658 0.00289824 5.22761e-05 0.472674 0.881233
1.7 4.47722 3.34021 0.00531084 0.00282717 7.89365e-05 0.469403 0.88298
1.72 4.50536 3.41558 0.00558396 0.00290619 0.00010967 0.465775 0.884898
1.74 4.53463 3.49034 0.0058854 0.0028953 0.000147277 0.461781 0.886989
1.76 4.56519 3.5647 0.00615631 0.0028947 0.000164166 0.457401 0.889256
1.78 4.59687 3.63909 0.00657545 0.00311738 0.000132877 0.452606 0.891705
1.8 4.63012 3.71228 0.00683809 0.00307073 0.000111068 0.447416 0.894321
1.82 4.66464 3.78487 0.00709394 0.00312513 0.000130728 0.441771 0.897122
1.84 4.70073 3.857 0.00749743 0.00324127 0.000130268 0.43564 0.900115
1.86 4.73854 3.9278 0.00774286 0.00318259 0.000154808 0.429065 0.903268
1.88 4.77792 3.99816 0.00806403 0.00333014 0.000142311 0.421944 0.906616
1.9 4.81917 4.06709 0.008405 0.00334199 0.00019959 0.41432 0.910125
1.92 4.86232 4.13476 0.00868561 0.0033216 0.00025911 0.406151 0.9138
1.94 4.90709 4.20108 0.00898054 0.00333753 0.0004405 0.397403 0.917638
1.96 4.95435 4.26587 0.00918405 0.00322843 0.000474921 0.38814 0.921595
1.98 5.00346 4.32931 0.00943614 0.00328156 0.000577037 0.378305 0.925675
2 5.05514 4.39103 0.00961488 0.00322217 0.000528319 0.367831 0.929887
2.02 5.1087 4.45048 0.00971747 0.00308592 0.000633205 0.356849 0.934157
2.04 5.1645 4.50832 0.00989096 0.00311735 0.000651868 0.345272 0.938497
2.06 5.22264 4.56356 0.0100552 0.00297124 0.000729256 0.333201 0.942851
2.08 5.28268 4.6169 0.0100935 0.00306102 0.000790802 0.320681 0.947182
2.1 5.34538 4.66755 0.01021 0.00297223 0.000725549 0.307655 0.951493
2.12 5.40978 4.71504 0.0101255 0.00278194 0.000822091 0.294303 0.955708
2.14 5.47638 4.76026 0.0101685 0.00277057 0.000792231 0.280676 0.959798
2.16 5.54452 4.80244 0.0101121 0.0027534 0.000905041 0.266752 0.963761
2.18 5.61484 4.84162 0.0101297 0.00269668 0.000870968 0.252731 0.967532
2.2 5.68665 4.87802 0.0100806 0.0027803 0.000856112 0.238634 0.971105
2.22 5.76003 4.91084 0.0101208 0.00266477 0.000851344 0.224614 0.974444
2.24 5.83455 4.94078 0.0100134 0.0027107 0.000904687 0.210678 0.977551
2.26 5.91047 4.96765 0.0100101 0.00273098 0.000884217 0.196963 0.980407
2.28 5.98725 4.99112 0.009956 0.00270166 0.00090917 0.183508 0.983014
2.3 6.06469 5.0113 0.00983227 0.0025998 0.00106232 0.170446 0.985363
2.32 6.14308 5.02891 0.00973279 0.00269328 0.00106314 0.157781 0.98747
2.34 6.22176 5.04342 0.0095027 0.00273252 0.00122676 0.145569 0.989344
2.36 6.30131 5.05519 0.00942351 0.00276004 0.00121862 0.133893 0.990991
2.38 6.38112 5.06377 0.00929098 0.00262222 0.00126206 0.122729 0.992436
2.4 6.46098 5.07025 0.0090017 0.00270866 0.00135688 0.112117 0.99369
2.42 6.54105 5.07408 0.00881463 0.00273537 0.00140775 0.102033 0.994776
2.44 6.62123 5.07547 0.00843293 0.00272208 0.00147061 0.0925281 0.995705
2.46 6.70157 5.07457 0.0081938 0.00264579 0.00145191 0.083607 0.996494
2.48 6.78174 5.07175 0.0078667 0.00266964 0.00150202 0.0752111 0.997163
2.5 6.86188 5.06685 0.00768914 0.00264702 0.00153268 0.0674251 0.99772
2.52 6.94193 5.0604 0.00732925 0.00271864 0.00150522 0.0601002 0.998188
2.54 7.02165 5.05187 0.00696833 0.00266879 0.00157159 0.0533209 0.998573
2.56 7.10154 5.04187 0.00669558 0.00261865 0.00147739 0.0470323 0.998889
2.58 7.18096 5.0302 0.00640888 0.00252315 0.00149975 0.0411862 0.999147
2.6 7.26027 5.01764 0.0061524 0.00257816 0.00146009 0.0358359 0.999353
2.62 7.33939 5.00347 0.00588744 0.00251909 0.00143611 0.0308781 0.999519
2.64 7.41811 4.98845 0.00546984 0.0025399 0.0014677 0.0264095 0.999647
2.66 7.49678 4.97232 0.00523153 0.00253407 0.00144134 0.0223638 0.999746
2.68 7.57529 4.95507 0.00502071 0.00246807 0.0014021 0.0186345 0.999822
2.7 7.65338 4.93703 0.00472563 0.00242756 0.00143979 0.015275 0.999879
2.72 7.73123 4.91868 0.00428893 0.00252801 0.0015263 0.012341 0.999919
2.74 7.80909 4.89928 0.00404117 0.00253709 0.0015198 0.00966551 0.999949
2.76 7.88688 4.8793 0.00371771 0.00245684 0.00146985 0.00738015 0.999969
2.78 7.96422 4.85916 0.00342932 0.0025689 0.00156538 0.00545566 0.999981
2.8 8.04155 4.83829 0.0030466 0.00253551 0.00161296 0.00376883 0.999988
2.82 8.11876 4.81702 0.00266866 0.00247509 0.00166726 0.00245211 0.999993
2.84 8.19585 4.79591 0.00220574 0.00257948 0.00175219 0.00140432 0.999994
2.86 8.27344 4.77427 0.00194406 0.00256035 0.00159509 0.000663827 0.999995
2.88 8.35021 4.75263 0.00147267 0.00257615 0.00175739 0.000202587 0.999995
2.9 8.42746 4.73089 0.00119538 0.00257419 0.00171349 6.53492e-05 0.999995
2.92 8.50467 4.70922 0.000729562 0.00257782 0.00173283 0.000221274 0.999995
2.94 8.58197 4.68774 0.00035013 0.00261804 0.00168719 0.000631614 0.999995
2.96 8.65925 4.66624 -3.81203e-05 0.0025677 0.00170558 0.00135821 0.999994
2.98 8.73681 4.64514 -0.000300077 0.00256042 0.00161453 0.00242851 0.999992
3 8.81419 4.62423 -0.0007228 0.0025267 0.00163642 0.0037707 0.999988
3.02 8.89177 4.60372 -0.00109197 0.00247086 0.00158342 0.00541806 0.999981
3.04 8.96968 4.5839 -0.00138117 0.00249535 0.00150448 0.00734143 0.999969
3.06 9.04746 4.56464 -0.0017191 0.002522 0.00151405 0.00966592 0.999949
3.08 9.12551 4.546 -0.00206329 0.00252858 0.00148911 0.0122847 0.99992
3.1 9.20362 4.528 -0.0023775 0.00248948 0.00147736 0.0152886 0.999879
3.12 9.28206 4.51071 -0.00261049 0.00240229 0.00141518 0.0186348 0.999822
3.14 9.36047 4.49484 -0.00295648 0.00250961 0.00147166 0.0223294 0.999746
3.16 9.439 4.47973 -0.00327911 0.00249223 0.00152769 0.026442 0.999646
3.18 9.51787 4.46594 -0.00354258 0.00257399 0.00152543 0.0309229 0.999517
3.2 9.59707 4.45317 -0.00388761 0.00256546 0.00151361 0.0358727 0.999352
3.22 9.67661 4.4418 -0.00413107 0.00257516 0.00139655 0.0412411 0.999145
3.24 9.75572 4.43202 -0.00455117 0.00265709 0.00154964 0.0470191 0.998889
3.26 9.83539 4.42337 -0.00480609 0.00251374 0.00154002 0.0533527 0.998571
3.28 9.91501 4.41698 -0.00514807 0.0026413 0.00159639 0.0601241 0.998186
3.3 9.99526 4.41217 -0.00539368 0.00263607 0.00148522 0.0674446 0.997718
3.32 10.0753 4.40946 -0.00566891 0.00269877 0.00148329 0.0752772 0.997158
3.34 10.1554 4.40877 -0.00598897 0.00274459 0.00145462 0.0836231 0.996493
3.36 10.2354 4.41022 -0.0062001 0.00274939 0.00146719 0.0925818 0.9957
3.38 10.3156 4.41412 -0.00641847 0.00278241 0.00137422 0.102081 0.994771
3.4 10.3955 4.42041 -0.00665989 0.00277771 0.00134291 0.112135 0.993688
3.42 10.4749 4.42949 -0.00689058 0.00287857 0.00136043 0.122775 0.992429
3.44 10.5544 4.44106 -0.00707115 0.00282856 0.00123921 0.13394 0.990985
3.46 10.6333 4.4555 -0.00717549 0.00281264 0.00116435 0.145637 0.989333
3.48 10.7116 4.47296 -0.00734952 0.00283757 0.00109721 0.157846 0.987459
3.5 10.789 4.49331 -0.00743154 0.00279769 0.00105754 0.170516 0.98535
3.52 10.8654 4.51701 -0.00758489 0.00288038 0.00104966 0.183576 0.983001
3.54 10.941 4.54356 -0.00765608 0.0028337 0.0010094 0.197039 0.980391
3.56 11.0152 4.57339 -0.00772669 0.00283724 0.00101589 0.210737 0.977538
3.58 11.088 4.60622 -0.00777096 0.0028064 0.00103537 0.224683 0.974427
3.6 11.1596 4.64223 -0.0078373 0.00275047 0.000961517 0.238729 0.971082
3.62 11.2295 4.68141 -0.00782109 0.00273876 0.000919973 0.252817 0.96751
3.64 11.2974 4.72392 -0.00786257 0.00290733 0.000901177 0.266846 0.963734
3.66 11.3634 4.76886 -0.0079046 0.00285385 0.000906492 0.280739 0.959779
3.68 11.4275 4.817 -0.00786087 0.00296604 0.000861045 0.294413 0.955673
3.7 11.4897 4.86753 -0.00777769 0.00291695 0.000784281 0.30777 0.951456
3.72 11.5495 4.92073 -0.00774228 0.00301013 0.000814642 0.32075 0.947159
