# Format: timestamp tx ty tz qx qy qz qw
# Where translations and quaternions are defined in world coordinates (=> inverse of pose)
0.02 0.1752144112968421 0.1564254423033108 2.011964922811156 0.9674775898908352 0.2527126026101001 -0.0104386490328936 0.00380632990549924
0.04 0.2914141335956996 0.2720994204913027 2.008556034219396 0.9675048989738578 0.2526122251881514 -0.01037462740585376 0.003701520307941128
0.06 0.4079344699216532 0.3878773338615355 2.004981153382442 0.9676253011026511 0.252151026118037 -0.01038005693926185 0.003659386692086405
0.08 0.5247844299521899 0.5034876910674632 2.001407384274043 0.967814799157915 0.2514230269153605 -0.0103867454783239 0.003618229773225417
0.1 0.6419916198793104 0.6187694409216714 1.997832790869321 0.9680766822322361 0.2504129500261214 -0.01038796485536182 0.003603049157577171
0.12 0.7596152724565959 0.7335608427566593 1.994243591846814 0.9684114953882761 0.2491154157542136 -0.0103772150743712 0.003605362769958226
0.14 0.8778461899533354 0.847609098865472 1.990664637715597 0.9688206365461962 0.247520476203877 -0.01035902365993007 0.00358868919652425
0.16 0.9968357069580429 0.9611133649141104 1.987140132764154 0.9693022137889431 0.2456274328514172 -0.01035871385649979 0.003616576008090949
0.18 1.116653592925084 1.073576041199194 1.983548431279946 0.9698613693359954 0.2434108065408252 -0.01034602624499554 0.003614314555904705
0.2 1.237361064661252 1.185097974674017 1.979978768064588 0.970501804008449 0.2408451006769392 -0.0103272441017288 0.003637846276797794
0.22 1.35915498322361 1.295547946042129 1.976432137025242 0.9712148896204609 0.2379529620293563 -0.01031773258773172 0.003683807030730908
0.24 1.482127286290497 1.404643323385195 1.972886177451364 0.9720017700647818 0.2347180573112207 -0.01030289115389507 0.003720617730987132
0.26 1.606447622785809 1.512194616707405 1.96931895632736 0.9728679394508466 0.2311014968762045 -0.01029721504806168 0.003746717599921276
0.28 1.732114056404329 1.618175936738319 1.965717240085187 0.973804762706695 0.2271215873857508 -0.01028170671734851 0.003788823184008677
0.3 1.859256765650656 1.722325546925034 1.962146970251239 0.9748170924714755 0.2227368389541064 -0.01025609526524305 0.003840482871430544
0.32 1.988011364114333 1.824491356032434 1.958574427589991 0.9759026923215036 0.2179312414109969 -0.01023318019037391 0.003897583721541597
0.34 2.118313173539755 1.924685875746428 1.955054178862921 0.9770550135592786 0.2127061658795032 -0.01017585406435142 0.004004930537349807
0.36 2.250648589944328 2.022112606342434 1.951424976127209 0.9782774015112043 0.2070116064214796 -0.01015813527498136 0.004041384242173808
0.38 2.384949814816023 2.117046113527708 1.947813391627243 0.9795628569520095 0.2008395756852263 -0.01015491082573028 0.004117269032657976
0.4 2.521186074990962 2.208979506460805 1.944128805933174 0.9809082913758856 0.1941616972520189 -0.01013538775659418 0.004175301814310486
0.42 2.659461954180129 2.297742650419336 1.94047988818875 0.9823028194236822 0.1869787965903472 -0.01011065999228788 0.004227899190844106
0.44 2.799893175311815 2.383194915785556 1.936811816393278 0.9837400161113636 0.1792626837126087 -0.01009459503588696 0.004309301592573522
0.46 2.942336115602121 2.464755360869854 1.933142164128983 0.9852129192070019 0.1709847185077008 -0.01003314515262932 0.004366447482247873
0.48 3.087097156421386 2.542471269622736 1.929535492461868 0.9867077692587252 0.1621353543923549 -0.01000249850277734 0.004455890978486334
0.5 3.234098069076211 2.615909445171344 1.925873204536726 0.9882104469845759 0.1527089269179326 -0.009965994623213851 0.00455796675168718
0.52 3.383237369683437 2.684663742183858 1.92222741512214 0.9897054388901233 0.1426999914182933 -0.009913393126693934 0.004645569673979257
0.54 3.534542848853275 2.74850684361809 1.918669186121793 0.991176958474583 0.1320930808245214 -0.009853986289331746 0.004749098980214354
0.5600000000000001 3.687936337180823 2.806995755911983 1.915122802478542 0.9926009071468251 0.1209305130917074 -0.009790522853522811 0.004836920089399447
0.58 3.843182108507344 2.860079905460681 1.911607969641878 0.9939624009418699 0.1091793122763518 -0.009698835586522967 0.004955388264902846
0.6 4.000326620901066 2.907193062213732 1.908161221617034 0.9952357548052236 0.09689218739550376 -0.009606402090653183 0.005041172302209244
0.62 4.159339659527766 2.94812323459773 1.904808133673338 0.9963989439096926 0.08409402720482088 -0.009531226372086705 0.005147318587614844
0.64 4.319702943998132 2.982726084187246 1.901474546589826 0.9974284988496671 0.07085081251777199 -0.009425802558183873 0.00526367681145299
0.66 4.481568716079186 3.010692503073786 1.89824475314768 0.9983051330477998 0.05718613662152535 -0.009355600576368363 0.005392573207140794
0.68 4.644385449880104 3.031939270834112 1.895099270354201 0.9990074844089112 0.04321563155413879 -0.009263455566894062 0.005535672938294058
0.7 4.808095283469108 3.045941182887445 1.892039943325152 0.9995225853443589 0.02895502700838339 -0.009188375531925277 0.005637512935812429
0.72 4.972215152629451 3.052871551672966 1.889018475663817 0.9998366261525959 0.0145150565463495 -0.009106934987564199 0.005753075112724031
0.74 5.13660822609622 3.052691297200687 1.886038819423745 0.9999418454474288 7.849942186025048e-06 -0.009035842890081452 0.005887206961178229
0.76 5.300789218932595 3.045400090052961 1.883187673277354 0.9998363680074075 -0.01451923127704994 -0.008956336966522965 0.006017737225650838
0.78 5.464506215089027 3.031184225346152 1.880383095799024 0.9995220305976492 -0.02896072665206881 -0.008879954499171856 0.0061751979656499
0.8 5.627740454107243 3.009402620978216 1.87787459049464 0.9990062014060601 -0.04324265036528035 -0.00885036690566812 0.006193040303472615
0.82 5.78968504039962 2.981148825118925 1.875246411009861 0.9983024876861664 -0.05723017240303225 -0.00877708381025941 0.006309773815354864
0.84 5.950530920337119 2.946329756010041 1.872665070429777 0.9974250933716684 -0.07088697264996092 -0.008741979164323824 0.006465138850020534
0.86 6.109645747038481 2.904988808995937 1.870193270273679 0.9963941883470971 -0.08414446271421901 -0.00867084318583277 0.006568660489744676
0.88 6.267366235551315 2.857953459996909 1.867897221837611 0.9952279897618027 -0.09695881581108308 -0.00864940330338994 0.006739751767848854
0.9 6.423012614177631 2.804842461558268 1.865626362162207 0.993955711324312 -0.1092262861292762 -0.008604018426443504 0.0069016817901694
0.92 6.576582042915064 2.746003704054691 1.863428772907313 0.9925964134078004 -0.1209555516482291 -0.008544808423748242 0.007007200906478304
0.9399999999999999 6.727863189257188 2.68190137634865 1.861284185331249 0.9911744988185804 -0.1321025540162994 -0.008459981193759677 0.007103297334607662
0.96 6.877040584653044 2.612960441641959 1.859245793507731 0.9897055794693883 -0.1426904664395879 -0.008386585744879016 0.007208462653455765
0.98 7.023964157428142 2.53946480217465 1.8573046322315 0.9882120423758979 -0.1526913607489755 -0.008307373091300887 0.007300356685387892
1 7.168548775036683 2.461632481252386 1.855468444904383 0.9867116766881313 -0.1621049541981681 -0.008217372674204308 0.007384151872959668
1.02 7.310888969774728 2.379988462055157 1.853735881236609 0.9852196482351723 -0.1709395102415786 -0.008118639228652205 0.007484401524214613
1.04 7.451205370391735 2.294484279928541 1.852073599685526 0.9837485054558153 -0.1792116104577457 -0.008055118391870989 0.007562523249095829
1.06 7.589395389879569 2.205701872016391 1.850546136146519 0.9823101670658841 -0.1869337731000027 -0.007996932939831105 0.007651746075743632
1.08 7.725629061716578 2.113767457002986 1.849138357465388 0.9809098471520598 -0.1941463969384002 -0.007959588649558143 0.007726141595903486
1.1 7.859733933041914 2.018915421428916 1.847772114853596 0.9795656510831453 -0.2008182948983778 -0.007903362509439689 0.007790026559923967
1.12 7.991893377840086 1.921539954368169 1.846468319704554 0.97828028877836 -0.2069885613162225 -0.007837637740548447 0.007872960490163124
1.14 8.1222811983176 1.821616002765299 1.845234155155977 0.9770611550326926 -0.2126689983952632 -0.007787456948909779 0.007921613591784423
1.16 8.250929998200709 1.719577328506397 1.844049843115723 0.9759047928233718 -0.2179132448437966 -0.007732387367209142 0.007991448711556453
1.18 8.378110786419084 1.615347027969828 1.842974743495924 0.9748191186817385 -0.2227196106946652 -0.007711651756350902 0.008011946781812824
1.2 8.503575542073015 1.509629640869869 1.841844474680915 0.9738088374763363 -0.2270949190878519 -0.007654548334175493 0.008102695027023816
1.22 8.627619760883253 1.401964920853428 1.840824286683009 0.9728718558451658 -0.2310776454906272 -0.007597004679457288 0.00810921571551073
1.24 8.750570157692525 1.29279667526339 1.839907043575306 0.9720047328721523 -0.2346987573299115 -0.007583387149552299 0.008110784246349477
1.26 8.872374384263143 1.182842531055448 1.838950897934011 0.9712167811806389 -0.2379352521096192 -0.0075536857851576 0.008229312737871863
1.28 8.992985049009942 1.071328967597702 1.838142927166097 0.9705029620677121 -0.240830903427246 -0.007512845662897887 0.008248255722262232
1.3 9.112605073955132 0.9587193372679851 1.8373474143594 0.9698671987483971 -0.2433796728191527 -0.007476438072260612 0.008249516666190048
1.32 9.231529688038453 0.8453791795758763 1.836542501319258 0.9693055442356979 -0.2456065410033811 -0.007460012875226983 0.008278715934580048
1.34 9.349722068582441 0.731213952041609 1.835740513755203 0.9688228160230576 -0.247503667510901 -0.007446893425069989 0.00829635463283116
1.36 9.46733080898839 0.6164512592130559 1.835020348337202 0.9684078700123337 -0.2491217964818631 -0.007440840858173291 0.008316351574794394
1.38 9.584353317595394 0.5011487010382373 1.834250361741193 0.9680732055580533 -0.2504191887941195 -0.007424886367466107 0.008328843035981614
1.4 9.701047589772184 0.3854561933430345 1.833500022455543 0.9678125816995716 -0.2514242861692503 -0.007421751207431778 0.008339822330249725
1.42 9.817451581307086 0.2695260379550881 1.832770427588431 0.9676279220476371 -0.2521339935425137 -0.007414662044717821 0.008347248751172766
1.44 9.93375129858371 0.1534335992290814 1.832053177328579 0.9675176766812585 -0.2525559019187434 -0.007423605194364885 0.008363719323786526
1.46 10.04991719108355 0.03728056052363421 1.831293033975212 0.9674836648146005 -0.2526859881085187 -0.007418622815749931 0.00837339626891892
1.48 10.16600531496327 -0.07890515734330128 1.830581538874417 0.967517517098998 -0.2525577504225824 -0.007390221286205523 0.008355922330189678
1.5 10.28252356325073 -0.194822483847568 1.829843587464179 0.9676283141944044 -0.2521317850431997 -0.007412508053832581 0.008370380194448648
1.52 10.39928874226267 -0.3106683880879709 1.829155956165429 0.9678097098714155 -0.2514350227010987 -0.007437773500897489 0.008335128276837116
1.54 10.51638698838402 -0.425785969492521 1.828377491628135 0.9680698369569273 -0.2504304398664257 -0.00744740875567089 0.008361917567315996
1.56 10.63397975707783 -0.5406946067450226 1.827599007108948 0.9684057541568423 -0.2491287317622469 -0.007462531810856496 0.008335523168971248
1.58 10.75222955546604 -0.6547248742206967 1.826763632477207 0.9688200942529784 -0.2475116469497547 -0.007482136340999203 0.008344293423573956
1.6 10.87110567411177 -0.7681421257347688 1.825941863545674 0.9693044266777779 -0.2456081621557326 -0.007496384473758924 0.008328464805412156
1.62 10.99076640893318 -0.880656213279121 1.825141650182655 0.9698652378153731 -0.2433850145796478 -0.007499254788564932 0.008301586124217964
1.64 11.11149156428642 -0.9921366846319957 1.824230188412714 0.9705048987072343 -0.2408213165133298 -0.007528239409346807 0.008286175796316056
1.66 11.23334634231949 -1.102455585571124 1.823316653834667 0.9712160289732163 -0.2379363490900114 -0.007565584280456512 0.008275311583164498
1.68 11.3562280937547 -1.21150637372211 1.822380786609529 0.9720048398259291 -0.2346940738466617 -0.007583708011049788 0.008232279699910056
1.7 11.48048064406489 -1.319110107271523 1.821366306916255 0.9728717242382143 -0.2310744443799958 -0.007622971362994321 0.008191436936654079
1.72 11.60602790021063 -1.425000834464794 1.820364956088655 0.9738097578036722 -0.2270891773442753 -0.007645318248857965 0.008161510148661094
1.74 11.73314154077183 -1.529013946509238 1.819260956531568 0.9748223940282686 -0.2227018888589729 -0.007675027693106892 0.008140193450656931
1.76 11.86184598785154 -1.631132317701333 1.818138404227893 0.9759068603307395 -0.2179008557974198 -0.007709882691438716 0.008097821421669364
1.78 11.99240102810747 -1.730950514973526 1.816957358115494 0.9770620348314506 -0.212660002465335 -0.007766469446425585 0.008073747304121793
1.8 12.12468165797343 -1.828455355300369 1.815716915735978 0.9782794798161648 -0.206987409992514 -0.007815389802824623 0.008024410039253799
1.82 12.25860484084417 -1.922881450582747 1.81433596075684 0.9795703572177176 -0.200788531579993 -0.007806283992162512 0.008058708072549308
1.84 12.3949163438575 -2.014913493692752 1.813048408028048 0.9809092640436684 -0.1941418173879817 -0.007882626193531972 0.0079896595445607
1.86 12.53314227903435 -2.103701030255999 1.811659345571918 0.9823039000400872 -0.1869572616900603 -0.007934893844586037 0.007941519199380298
1.88 12.67342311681767 -2.188775095235712 1.810122320871967 0.9837386990835806 -0.1792528760121116 -0.007963224507060147 0.00794766771680416
1.9 12.81588079742311 -2.270657820604914 1.808678294529086 0.9852042858310627 -0.1710171405256054 -0.008001782062150192 0.007850115314769686
1.92 12.9603266365308 -2.348509698737268 1.807197231353896 0.9866942116880896 -0.1622041635175608 -0.008005901806328765 0.007761925943959899
1.94 13.10704634252207 -2.421964195510622 1.805626228126339 0.9881942268406659 -0.1528004250029188 -0.008020715515895881 0.007737459589961924
1.96 13.25620004972678 -2.490885378033882 1.803794319003452 0.9896837131904399 -0.1428368636311806 -0.008087860329893486 0.007639682538921565
1.98 13.4077604825051 -2.554686510817334 1.801941237196537 0.991155366723944 -0.1322349654574414 -0.00819280842703002 0.007604657402047653
2 13.56137322090834 -2.613485767275355 1.799898319902588 0.992581981175532 -0.1210615619377611 -0.008296750714656041 0.007501519498717787
2.02 13.71695041885819 -2.666631672310227 1.797654906050799 0.9939436792447456 -0.1093193280831023 -0.008390332710578451 0.007406032325140486
2.04 13.87431177852152 -2.713999497109904 1.795377452266231 0.9952179795244261 -0.09703717933758461 -0.008473358218467075 0.007291176782302323
2.06 14.03358627475805 -2.755212824621405 1.792941408848703 0.99638004682161 -0.08427067276558046 -0.008585388380844231 0.007179631798600453
2.08 14.19430467670912 -2.790049495652556 1.790450222132678 0.9974118006124209 -0.0710241598742706 -0.008694061789030275 0.007048546106009767
2.1 14.35633218209217 -2.817982131708793 1.78784842475603 0.9982909852416878 -0.05735149497670712 -0.008800952052797626 0.006961181844148723
2.12 14.51933811666258 -2.839339652308448 1.785111532405208 0.9989964219004888 -0.04336480283577072 -0.008899329029660634 0.006815045667489501
2.14 14.6830925782228 -2.853579416453159 1.782187415837012 0.999513423891761 -0.02910997831092356 -0.008991187822047135 0.006684546665668882
2.16 14.84737573720118 -2.860639153366326 1.779235006300463 0.999829333827935 -0.01467796260009557 -0.009096124724510435 0.006566669312595082
2.18 15.01161411356167 -2.860661297403368 1.776118564054261 0.9999372627485247 -0.0001567312408719871 -0.009171570619185393 0.006428708699053916
2.2 15.1759163200671 -2.853488068697147 1.773016611122919 0.9998335679880483 0.0143854057369503 -0.009280901108629435 0.006305656199703085
2.22 15.33950087433343 -2.83925516220926 1.769679943143532 0.9995225229185233 0.02880136953958777 -0.009346893488530187 0.006151656193586974
2.24 15.50251298396453 -2.81792230035189 1.766453527783644 0.9990092052891316 0.04306817060830183 -0.009452964486324442 0.006031740264294726
2.26 15.66394129569626 -2.78946249255991 1.762846140388735 0.9983101048049074 0.05702894650474152 -0.009445118037656783 0.005951777078989928
2.28 15.82465467016617 -2.754473109095857 1.759515963121338 0.9974357006695775 0.0706833659595458 -0.009553774573779423 0.00588304324250382
2.3 15.98376605208052 -2.713196024428313 1.755948902695071 0.9964100123343578 0.08390745145275418 -0.009646931257615102 0.005793412408980969
2.32 16.14119403180472 -2.665806693914605 1.752378476976503 0.9952511733729495 0.09668438467975178 -0.009741643679344441 0.005686126691770728
2.34 16.29670809223311 -2.612947763321511 1.748598148793548 0.9939850178814537 0.1089330166859091 -0.009828690766678087 0.005547877127301593
2.36 16.45017052882444 -2.554471210930013 1.744938787939046 0.9926305339048708 0.1206544555543227 -0.009905015089053839 0.005386667929234593
2.38 16.60145700794412 -2.490577401020575 1.741199221159417 0.9912079748701891 0.1318317206657008 -0.009967597527378131 0.005272094368305781
2.4 16.75053681706316 -2.421745266622124 1.737485103853011 0.9897430716518826 0.1424126893236552 -0.01002539491143407 0.005173924286445863
2.42 16.89723717729938 -2.348345468135361 1.733698886410808 0.9882588270509507 0.1523739080618382 -0.0100465461945791 0.005074426829481025
2.44 17.04197851064428 -2.270689591812461 1.729891285542749 0.9867632042806345 0.1617753975230324 -0.01010616349081934 0.004996488125422379
2.46 17.18463102933383 -2.189218646422122 1.726134029858172 0.9852770955358732 0.1705917282339736 -0.01017927961804146 0.00488769236315386
2.48 17.32467172770104 -2.103939720944922 1.722311460516408 0.983813449992194 0.1788413860242856 -0.01018932082452553 0.00479916659569495
2.5 17.46268127267571 -2.015281480912217 1.718549153925216 0.9823781469864781 0.1865648728021528 -0.01022025242200601 0.004719215938965198
2.52 17.59858138938884 -1.923552802929251 1.714815877600349 0.980987016473665 0.1937477533455326 -0.01023469951364762 0.004640313496449683
2.54 17.73251782469055 -1.829259581559097 1.711034498890593 0.9796488939717816 0.2004068706833808 -0.01024500425742883 0.004491170344608858
2.56 17.86469744602253 -1.731940117357 1.707308553851966 0.978361810341239 0.2065978092672303 -0.01028804104210451 0.004435029067715837
2.58 17.99495054943501 -1.63235493062966 1.703606303615531 0.9771437891343022 0.2122846718571954 -0.01030666985253612 0.004359587847950479
2.6 18.1233832171329 -1.530809564679924 1.699868906474766 0.9759907134327717 0.2175271830670426 -0.01030001267635825 0.004238119641823524
2.62 18.25048388075649 -1.426889747906553 1.696190934654024 0.9749041751688016 0.2223446042979047 -0.01034962048653445 0.004196609756707163
2.64 18.37576188213815 -1.321330739679805 1.692507657245121 0.9738957449827061 0.2267226565307688 -0.01033531185310308 0.004134761018062492
2.66 18.49966647386161 -1.214171283261163 1.688928736713956 0.9729613925667377 0.2307009658848558 -0.01032448770360354 0.004074048151943069
2.68 18.62239534997774 -1.105730615075932 1.685274300315604 0.9720976653016228 0.2343156838534508 -0.01032039208022047 0.003972269227394265
2.7 18.74413475054359 -0.9953331989233076 1.681605644152375 0.9712988840758465 0.2376021024486793 -0.01037505419408459 0.004009607969796279
2.72 18.86451203111504 -0.8843955822423155 1.678008105718323 0.9705963940577133 0.2404578715624567 -0.01035520924897051 0.003927020263237086
2.74 18.98356432636565 -0.7722920357322051 1.674792435650236 0.9699580800387075 0.2430252318468048 -0.01023869454618767 0.00390240789632751
2.76 19.102244332029 -0.6593095195867256 1.67123027016487 0.9694002916318324 0.2452417038250562 -0.0102338958506909 0.003853396622687215
2.78 19.22024715082938 -0.5454720736161266 1.667655482701049 0.9689132744082064 0.2471590494927548 -0.01023594881762012 0.003833572888180218
2.8 19.33771527899758 -0.4308843975622391 1.664106712544875 0.9685016724035013 0.248766256299041 -0.01025536471402036 0.003832462992138447
2.82 19.45478205645092 -0.3160632517185172 1.660508677138647 0.968163864726389 0.2500776059101329 -0.01027998563359277 0.003774116513525274
2.84 19.57110181760357 -0.2005267031691809 1.656937122669143 0.9679052873898096 0.251077024709012 -0.0102550894572252 0.003809914279214277
2.86 19.68752761595575 -0.08494132133957687 1.653388962022033 0.9677224031765608 0.2517799110904613 -0.01029405953306707 0.003776122355947723
2.88 19.80363280951497 0.03103556242093368 1.649817483377283 0.9676102358690216 0.2522096879015531 -0.01030754721375657 0.00380253069386008
2.9 19.91963598671186 0.1468488610597716 1.646237092110711 0.9675741022522968 0.2523486337220689 -0.01030474529015069 0.003786282420497819
2.92 20.03574479020539 0.2627235924795794 1.64266849328833 0.9676040466272597 0.2522332257444617 -0.0103147687651468 0.003796620294443017
2.94 20.15197826868649 0.3781840316627204 1.639023989551927 0.9677189823843796 0.2517926248824146 -0.0103098823879414 0.003761849532576142
2.96 20.26854541779671 0.4935702368262533 1.635484974502845 0.9679032190657129 0.2510827916353427 -0.01032257842800979 0.003772882271398917
2.98 20.38541404534902 0.6085853391968769 1.631904930365404 0.968161762428853 0.2500840219990441 -0.01031246105881609 0.003799586677220944
3 20.50273457227511 0.723027314306731 1.628373678234973 0.9684969028046968 0.2487832415944158 -0.01029731102598753 0.003822740397038359
3.02 20.62063060635006 0.8367423093414476 1.62479181036322 0.9689109360518821 0.2471669671432541 -0.01026967108756542 0.003823899574957063
3.04 20.739354214402 0.9497490601523225 1.621239725257205 0.9693950644498137 0.2452615155900518 -0.01026075455505997 0.003836001382503818
3.06 20.85891080087129 1.061703794307746 1.617645394282245 0.9699568339874948 0.2430308258843532 -0.01025418432272445 0.003822247296423605
3.08 20.97943224718489 1.172845831825783 1.614106995851027 0.9705955091154483 0.2404670139852455 -0.01025357692383891 0.003851886567380655
3.1 21.10094511402225 1.282599157990826 1.610514805585209 0.9713090192244551 0.2375697592473675 -0.01023148249698616 0.003836069660606163
3.12 21.22362938683286 1.391191301614486 1.606940192679217 0.9720971083272806 0.2343246209894986 -0.01021373310547491 0.003855338703361682
3.14 21.34757045652017 1.49816019901033 1.603361319986843 0.9729645150937025 0.2306980099089652 -0.01017942970542849 0.003854841552217692
3.16 21.4728608533863 1.603688528089288 1.599823514601985 0.9739033033392676 0.2267027558343534 -0.01015258200785809 0.003891184959200646
3.18 21.59964021064908 1.707373443696832 1.596364351471387 0.9749163478793729 0.2223074214727231 -0.01010158049292739 0.003934853011086874
3.2 21.7281225748571 1.808926940658991 1.59278251095376 0.9760005668768861 0.2174987622098224 -0.01007588595025528 0.003957071451554756
3.22 21.85834201043096 1.908458129563808 1.589159089384184 0.9771550211427258 0.2122514943918142 -0.01006455610916 0.004009051643561527
3.24 21.99050052944836 2.005639969242215 1.585610931685609 0.9783668727874439 0.2065917760340587 -0.01007132217681464 0.004082741359999576
3.26 22.12412403599996 2.099547808201804 1.581955722195868 0.9796640173785149 0.200355254751178 -0.00999690692769282 0.004030731771594831
3.28 22.26008508265856 2.191353630507277 1.578309456304337 0.9810015435857276 0.1936978681966809 -0.009996993037307226 0.004143364395234459
3.3 22.3979200729944 2.279814161477224 1.574719158706517 0.9823948281715019 0.1865027530337441 -0.009961567816634181 0.004229877113707137
3.32 22.53755765576608 2.364898932853065 1.571098289585398 0.9838330534858721 0.1787634041351748 -0.009868505568039958 0.004333683011702079
3.34 22.67970029230496 2.446080238008897 1.567540253964638 0.985303896188349 0.1704709895478187 -0.009832218035535842 0.004381936566384103
3.36 22.82383589334 2.523391704813194 1.563915382270211 0.9867925084248905 0.1616327761565245 -0.009761479187564374 0.004483805501362604
3.38 22.97029158683054 2.596454320311428 1.560335778117025 0.9882897256048137 0.1522108519412588 -0.009705552991415891 0.004590975643692652
3.4 23.11908499989079 2.664825085802636 1.556779612638399 0.9897780813138328 0.1422109495581296 -0.009673060568641274 0.004671988336889867
3.42 23.26970938448964 2.728260866101081 1.553232625887978 0.9912415347851421 0.1316271294564265 -0.009581795915998809 0.004765259108752374
3.44 23.42259220568934 2.786335513986154 1.549772627893564 0.9926595932848198 0.1204700913638193 -0.009511724526099996 0.004839012531675717
3.46 23.57750700256803 2.839035395716829 1.546329354788396 0.9940123752549989 0.1087458413042677 -0.009452334791913933 0.004938947757120275
3.48 23.73426967586009 2.885730593829936 1.542894809064487 0.9952788044202031 0.09647248638596125 -0.009379995244450726 0.005017622079869382
3.5 23.89275183534709 2.926347124747336 1.539556036815869 0.9964355697828464 0.08368602440195705 -0.009318039178903011 0.005096934058903966
3.52 24.05263009790901 2.960738465283527 1.536300359734464 0.9974586272063226 0.07045375860808294 -0.009232737165962287 0.005226038167094764
3.54 24.21397100589052 2.988430106200553 1.533036128551766 0.9983295324921813 0.05679243352937247 -0.009180606943621036 0.005336712782817893
3.56 24.37620660694624 3.009062536648749 1.529873297018878 0.999027976475833 0.04279278263741331 -0.009096784998928764 0.005397080340742876
3.58 24.53902043251173 3.023254468490634 1.526731522565093 0.9995371886573651 0.02852241313752422 -0.008984852766201434 0.005581474832673837
3.6 24.70265706758318 3.029931214468485 1.523706638119355 0.9998446901331263 0.01408812336728728 -0.008937617447851563 0.005677973805799199
3.62 24.86597008621587 3.029899682317672 1.520785481946126 0.9999440678711499 -0.000435536033970774 -0.008802883905428781 0.005846423948184654
3.64 25.02945061690365 3.022203625191429 1.517951577360557 0.9998327916249037 -0.01494036469630966 -0.008725359556416668 0.005919661756358654
3.66 25.19252185401066 3.007885096445436 1.515223130964259 0.9995124518796783 -0.02937567316726213 -0.008662941431853356 0.006073039610107028
3.68 25.35437014211444 2.986211186327989 1.51263260401624 0.9989922588688854 -0.04363772255098054 -0.008519764264388743 0.006134289523105833
3.7 25.51542304301794 2.958151152349131 1.510136558589762 0.9982825593794593 -0.05763299135657848 -0.008415072754530604 0.006289395565159095
3.72 25.67516469442405 2.923306358831972 1.507679012375459 0.9974008480353526 -0.07128383490960481 -0.008309070795278083 0.006412687610921466
