# Format: from_cam from_frame to_cam to_frame
# Newline means next odometry; Empty line means next step

































0 0 0 33





0 33 0 38




0 38 0 42





0 42 0 47





0 47 0 52





0 52 0 57





0 57 0 62





0 62 0 67





0 67 0 72





0 72 0 77




0 77 0 81




0 81 0 85




0 85 0 89





0 89 0 94




0 94 0 98






0 98 0 104











0 104 0 115






0 115 0 121





0 121 0 126





0 126 0 131






0 131 0 137



















0 137 0 156
















0 156 0 172












0 172 0 184
















0 184 0 200







0 200 0 207







0 207 0 214






0 214 0 220














0 220 0 234


















0 234 0 252











0 252 0 263





















0 263 0 284


















0 284 0 302






0 302 0 308









0 308 0 317








0 317 0 325




0 325 0 329





0 329 0 334





0 334 0 339





0 339 0 344






0 344 0 350





0 350 0 355






0 355 0 361









0 361 0 370






0 370 0 376




0 376 0 380




0 380 0 384




0 384 0 388




0 388 0 392




0 392 0 396





0 396 0 401






0 401 0 407






0 407 0 413




0 413 0 417



0 417 0 420



0 420 0 423




0 423 0 427



0 427 0 430




0 430 0 434




0 434 0 438




0 438 0 442




0 442 0 446




0 446 0 450




0 450 0 454





0 454 0 459




0 459 0 463




0 463 0 467



0 467 0 470




0 470 0 474



0 474 0 477




0 477 0 481




0 481 0 485




0 485 0 489





0 489 0 494






0 494 0 500




0 500 0 504




0 504 0 508




0 508 0 512




0 512 0 516




0 516 0 520






0 520 0 526







0 526 0 533







0 533 0 540





0 540 0 545









0 545 0 554







0 554 0 561




0 561 0 565





0 565 0 570




0 570 0 574





0 574 0 579




0 579 0 583




0 583 0 587





0 587 0 592






0 592 0 598



0 598 0 601




0 601 0 605





0 605 0 610




0 610 0 614





0 614 0 619






0 619 0 625





















0 625 0 646






0 646 0 652






0 652 0 658






0 658 0 664






0 664 0 670





0 670 0 675



0 675 0 678




0 678 0 682





0 682 0 687









0 687 0 696

















0 696 0 713







0 713 0 720






0 720 0 726












0 726 0 738








0 738 0 746












0 746 0 758










0 758 0 768









0 768 0 777





0 777 0 782






0 782 0 788






0 788 0 794








0 794 0 802




0 802 0 806




0 806 0 810




0 810 0 814







0 814 0 821








0 821 0 829






0 829 0 835






0 835 0 841





0 841 0 846













0 846 0 859






0 859 0 865



0 865 0 868






0 868 0 874








0 874 0 882







0 882 0 889






0 889 0 895




0 895 0 899



0 899 0 902


0 902 0 904



0 904 0 907





0 907 0 912






0 912 0 918







0 918 0 925






0 925 0 931







0 931 0 938





0 938 0 943




0 943 0 947




0 947 0 951





0 951 0 956





0 956 0 961





0 961 0 966




0 966 0 970






0 970 0 976



0 976 0 979




0 979 0 983




0 983 0 987








0 987 0 995







0 995 0 1002







0 1002 0 1009





0 1009 0 1014





0 1014 0 1019






0 1019 0 1025




0 1025 0 1029






0 1029 0 1035




0 1035 0 1039




0 1039 0 1043





0 1043 0 1048




0 1048 0 1052



0 1052 0 1055





0 1055 0 1060






0 1060 0 1066










0 1066 0 1076









0 1076 0 1085






0 1085 0 1091








0 1091 0 1099






0 1099 0 1105









0 1105 0 1114









0 1114 0 1123









0 1123 0 1132











0 1132 0 1143














0 1143 0 1157









0 1157 0 1166







0 1166 0 1173







0 1173 0 1180
























0 1180 0 1204
























0 1204 0 1228













