# Format: tx ty tz qx qy qz qw
# Newline means next odometry; Empty line means next step

































3.5399023513272017e-02 7.8092294411930647e-03 -2.4984711312213425e-02 -7.5110444298828906e-05 1.9476383605102468e-02 1.0045345279616959e-02 9.9975984910292404e-01





2.3240655869410996e-03 3.7339234800772372e-03 -8.4881962916571931e-03 1.7058550586363238e-04 1.7519871668032243e-02 -1.6893186932542015e-04 9.9984648644646668e-01




1.3002749942898689e-02 5.6526397460071869e-04 -3.6029395885339602e-03 -1.2570247258721027e-03 1.6013548235100941e-02 3.7310649060262597e-03 9.9986402341339775e-01





1.0050970753173861e-02 -6.8901463012082474e-03 -1.7020746134475998e-03 -2.6384460656637028e-03 1.7054100715336321e-02 4.1946943912341489e-03 9.9984228795851293e-01





-4.3950375641116698e-03 2.1941673953049024e-03 -6.0989226454092015e-03 3.0410111204601502e-04 1.8516838225992000e-02 2.7881149984862689e-03 9.9982461493973096e-01





1.1008558992038266e-02 -1.0100104063111514e-03 -9.9443433907531209e-04 -1.6668756065772634e-03 1.7591757153131111e-02 4.4829011888510148e-03 9.9983381379252645e-01





1.6698544155898248e-02 1.1062989088059625e-03 -4.1359131460124647e-04 -4.2721091505973726e-04 1.8577296647824728e-02 5.5728814004844321e-03 9.9981180455773222e-01





8.4835737247363780e-03 7.4175647487257227e-03 -4.2756020958076811e-03 -1.8623614419895423e-03 1.9202960740037134e-02 3.1623663977279242e-03 9.9980887040846089e-01





1.2609385282161894e-02 -2.6970272215818569e-03 -4.0451130332747071e-03 -3.2104002686472238e-03 1.7103420059975508e-02 5.1995324458655881e-03 9.9983505200343492e-01





2.0501101376672264e-02 -5.5305993164077626e-03 -2.8673540555941134e-03 -2.1701676270883198e-03 1.8432230971163598e-02 5.0365947672077636e-03 9.9981507087413268e-01




1.8518853464403136e-02 -3.3928411396715666e-03 1.0532348549591080e-03 -1.3149874017405517e-03 1.6117258494653869e-02 2.2310813504305667e-03 9.9986675465421770e-01




2.2030073115238670e-02 -9.5124744047630199e-03 2.1106936540657580e-03 -3.1550529726712732e-03 1.4014259779338336e-02 -4.7712555590226873e-04 9.9989670392235053e-01




1.9741753450351566e-02 -2.2883310485699092e-03 -6.1927410973703636e-04 1.7035039603551763e-03 1.2715444294574229e-02 4.0137256762881578e-05 9.9991770358347454e-01





3.2676516495756848e-02 -1.0170688655463431e-02 9.6727799405217398e-03 1.5116137212868078e-03 1.4272654123124512e-02 3.8039998951126600e-03 9.9988976190029932e-01




3.1751082863621195e-02 -1.4653672689713035e-03 4.5119237652786505e-03 1.2010406297533723e-03 1.0854995290128075e-02 -1.3368167247477915e-03 9.9993946791778421e-01






3.7878572807018451e-02 -1.1464418659237341e-02 1.6048232113287042e-02 2.9011390140717790e-04 9.0208538378577612e-03 -3.2257140227681708e-03 9.9995406634455142e-01











8.9559336605208401e-02 1.4051151899143327e-03 3.3734518654907536e-02 -4.0186264456240012e-03 4.6150957861884282e-03 5.4690609666738210e-04 9.9998112603493483e-01






4.6136903467204518e-02 -6.4498795934625954e-03 2.7677118854289678e-02 -7.6387973159379721e-03 1.0577488060008482e-02 4.2800228902416953e-04 9.9991478753739160e-01





2.6595520333851649e-02 -7.2994613913780256e-03 2.9263948427327321e-02 -1.0205043743225929e-03 1.2668443972903816e-02 -1.0371445545768026e-05 9.9991923123348347e-01





2.8244771560208850e-02 -7.4530918161499300e-03 3.8096582560689186e-02 2.9575867770446468e-03 8.9118249480774903e-03 3.6767475811077810e-05 9.9995591438058096e-01






2.7029424987381877e-02 -1.7286448405252577e-02 4.8070579871308965e-02 3.3544888354339305e-03 6.7628559001982700e-03 -3.5646168107814563e-03 9.9996515173865852e-01



















6.0959990372102542e-02 -3.6052812604289719e-02 1.7901797187719171e-01 2.9108518001497797e-03 -9.3352604916066752e-03 -3.7198830313277184e-03 9.9994526966408748e-01
















1.4345135385800825e-02 -3.8912136733242203e-02 1.8624756090046388e-01 1.6175773454861302e-02 -3.2899533138557292e-02 -1.6319666365258678e-02 9.9919449235978508e-01












8.6341615355672516e-03 -1.7587721268787961e-02 1.3342217976919568e-01 5.8085847004654342e-03 -3.0426924418602449e-02 -4.9359481947790695e-03 9.9950792844760394e-01
















-1.5741689607938817e-02 -1.3397558270189579e-02 1.7226808277959713e-01 8.2463259406341059e-03 -2.3378917908759515e-02 -2.6854463623234236e-03 9.9968905799940178e-01







-3.3127357102268724e-02 -5.5626981884223398e-03 7.4890088011640418e-02 2.2437592888420175e-04 9.7072729755799444e-03 5.0763254632480645e-03 9.9993997291168002e-01







-3.7761767727620826e-02 -1.1173699611795491e-02 7.6250270884603455e-02 3.1102774949177754e-03 8.0298475687029542e-03 5.4039960375596077e-03 9.9994832093901431e-01






-3.4131676618327202e-02 -9.1851038280026959e-03 5.7762149779936170e-02 3.5994765587376572e-03 9.8876371591878360e-03 -2.1113793477317263e-03 9.9994240858019479e-01














-9.1471315693595484e-02 -1.6946712448603272e-02 1.5198578587884182e-01 1.1610101756176759e-03 -8.7066441859355165e-03 -6.2973196590211883e-04 9.9996122416823885e-01


















-7.9519278381188274e-02 -3.2300389995100091e-02 1.8258608720037711e-01 1.4710426572413656e-03 -1.8107198479729320e-02 -4.1925815069819208e-03 9.9982617872159341e-01











-4.4468194637730898e-02 -1.1995147880053980e-02 8.7341900570822639e-02 -6.4789137898068642e-03 -2.0256874695383207e-02 -8.2181493684362755e-03 9.9974003857234695e-01





















-1.2316425799506264e-01 -3.4914048855829154e-02 1.6829180357868956e-01 -3.9470396800123401e-03 -8.2003155557511410e-03 4.9292284943825912e-04 9.9995846550225020e-01


















-9.3261716410416348e-02 -2.2350386315740881e-03 1.1896995591846769e-01 -4.8165741345790585e-03 -1.6310530199378913e-02 -1.0362384650168264e-02 9.9980167443477674e-01






-2.6290245187454632e-02 -7.4029024628617154e-03 5.2217867222771656e-02 -4.0697962385705805e-03 -1.9655412240989181e-02 -3.5175305622066185e-03 9.9979234269270001e-01









-2.9517139697363481e-02 -1.0245307288219360e-02 7.7850489960949579e-02 1.6470862982586195e-03 -2.5378658769979016e-02 -6.5655777580912473e-03 9.9965499247213563e-01








-2.7448095073797103e-02 -1.3665095277096756e-02 6.4942112587525538e-02 3.8172168824971799e-03 -2.6673989331862449e-02 -1.1362395718612884e-02 9.9957232010091657e-01




-1.5700645000153245e-02 -8.8854762793572524e-03 4.1862240833854335e-02 3.2965499455990190e-03 -2.4499504135311625e-02 -9.0781997871123253e-03 9.9965318653231194e-01





-1.2035884478673610e-02 -5.8077932340342845e-03 3.6191666278533631e-02 4.2059433131450925e-03 -2.6142934423486790e-02 -5.9066182638894595e-03 9.9963191669797169e-01





-1.6192859210723911e-02 -2.8979943902108203e-03 2.9214811648502016e-02 4.3830779232833794e-03 -2.3302179149238725e-02 -1.0853353275471158e-02 9.9965994307939188e-01





-1.5420551619799383e-02 -7.2429654007716447e-03 3.4415416693335532e-02 6.3755685165987532e-03 -2.4183982263919681e-02 -7.9787411361209957e-03 9.9965535401848937e-01






-2.3941450697165065e-02 -6.6881561589569810e-03 4.1160328505407996e-02 1.1721251639821365e-03 -2.2709002772074476e-02 -9.5825142284597462e-03 9.9969550500978011e-01





-2.8731153005181892e-02 -7.0885080239539433e-03 3.0569040351921446e-02 5.5611713246205051e-03 -1.8581095615186102e-02 -5.1248451950879799e-03 9.9979875586088018e-01






-6.1451025977269383e-02 -2.7835934476256177e-02 5.8088894041105052e-02 5.0673171093813850e-03 -1.7106972160470774e-02 -3.6669180247294480e-03 9.9983409999510109e-01









-8.1299291744612784e-02 -2.8757419628404252e-02 6.3808649051517174e-02 2.5927422254356600e-03 -1.4631089342614029e-02 -1.8932805689764033e-03 9.9988780590678672e-01






-7.1415607731132924e-02 -1.6187659882559286e-02 3.9397717581432887e-02 3.6900562508119112e-04 -8.7024198144973856e-03 -2.6941551389523710e-03 9.9995843576236121e-01




-3.0052759701190590e-02 -5.5191115730256653e-03 2.4314699584616996e-02 -6.0463127527539233e-04 -1.1926230676422548e-02 -1.9685413306613237e-03 9.9992675946186338e-01




-3.6217750274807614e-02 -7.1276059957647497e-03 2.0071192379597494e-02 -8.7734943420328387e-05 -1.2604692939677069e-02 -5.2412767803294239e-03 9.9990681717657481e-01




-2.5745694283316769e-02 -7.8398133842410983e-03 2.1284015999930760e-02 -4.7754975544964535e-04 -1.4332572529237867e-02 -3.1703318474426479e-03 9.9989214333692122e-01




-2.3633125315522866e-02 -6.8268352317582435e-03 2.2958322007893443e-02 1.0141234270484934e-03 -1.7800623062143237e-02 -3.7619223812952293e-03 9.9983396487230380e-01




-1.9721315097346849e-02 -6.8861317950147322e-03 2.5805618000105921e-02 1.2793436986550930e-04 -1.7542480355182417e-02 -1.9495004390729716e-03 9.9984421009666458e-01





-2.0676525394781167e-02 -4.3357034852551136e-03 3.5508606873322406e-02 9.8528208687742786e-04 -1.7721882738315105e-02 -2.3342900368865803e-03 9.9983974474984860e-01






-2.2174277292429604e-02 -9.6277932175485581e-03 4.6984307810183180e-02 -8.8840841109074091e-04 -2.0367720143118825e-02 -4.2843304688367266e-03 9.9978298206115734e-01






-1.9619014690802582e-02 -1.0710189220795944e-02 4.6772848817526511e-02 -1.6413908035579747e-03 -1.8282789967556268e-02 -4.9899119977686304e-03 9.9981905673251037e-01




-1.4254621730841655e-02 -9.9897441403826379e-03 3.5482508719196566e-02 2.5133662770604562e-04 -1.8012176408210106e-02 -3.8260628434680579e-03 9.9983041540756146e-01



-4.5966082953969433e-03 -7.4991797296499142e-03 2.5088507973628587e-02 -3.2363402342472326e-04 -1.7656658233835418e-02 -1.7774551629140421e-03 9.9984247676030258e-01



-6.1361027690474577e-03 -5.8708684262082636e-03 2.9495560189513794e-02 1.8754422553439380e-03 -2.1351602647552013e-02 -7.2181591652158055e-03 9.9974421226581434e-01




-4.7223775319678567e-03 -9.9056639288136114e-03 2.6661957512981376e-02 4.5426774096614846e-03 -2.3143463394849087e-02 -7.2992658856987792e-03 9.9969518599499763e-01



-5.1666116041276210e-03 -2.7400610433794955e-03 1.7229866773356414e-02 4.5649981370614471e-03 -1.8134893898229133e-02 -3.2005321917760315e-03 9.9982000530545401e-01




-6.5895924983964786e-03 -5.1301913057573770e-03 2.2749863723502926e-02 4.1704088519295005e-03 -2.0631773972515467e-02 -9.2062564761172011e-04 9.9977802038311070e-01




-8.1483769544342735e-03 -2.9049649136423279e-03 2.3026093291245019e-02 2.0002351710191831e-03 -2.0358357669188459e-02 -8.3206793135970250e-04 9.9979040003154240e-01




-1.0534640021306685e-02 -3.1074436439702063e-03 2.0998117694985302e-02 -6.7553137129395353e-04 -1.8350308198050173e-02 -7.7308192332079049e-04 9.9983109183038654e-01




-8.0260408029658083e-03 -1.6670819385624276e-03 2.3135453672732353e-02 -1.1974103690648450e-03 -1.6488876386488698e-02 -5.1922476111486025e-04 9.9986319742731133e-01




-1.4363426047866997e-02 -1.8317855063863387e-03 2.9846923248208795e-02 2.3550780274547291e-03 -1.8206599218339049e-02 2.3841431097904831e-04 9.9983144404994773e-01




-5.9887534717177407e-03 -3.0558335930939815e-03 2.8977609709704547e-02 -1.2683886539492199e-03 -1.4597789122195564e-02 4.7808831172054049e-04 9.9989252781213078e-01





-1.1819449492224882e-02 -2.6733788949651212e-03 3.2209517657881395e-02 2.7488368772731033e-03 -1.6183319985884355e-02 4.2885691155119723e-03 9.9985606575396546e-01




-8.6972503749043542e-03 -2.0357348466579031e-03 2.7389129129672285e-02 -2.8173981926041067e-03 -1.1687948343654974e-02 3.7109571150664347e-03 9.9992083833083034e-01




-7.1363130964904563e-03 -1.3503579744866320e-03 2.4574015871420975e-02 -3.1569767085392153e-03 -1.2885556942857222e-02 9.0671008523267543e-04 9.9991158298979388e-01



-1.0504084825354070e-02 -1.1404840127468010e-04 2.5613187102592319e-02 -7.1769831160763660e-03 -1.3465540381839751e-02 4.9301278200147873e-03 9.9987142372169779e-01




-5.5037484468217152e-03 3.0216536661897544e-03 1.2801771419964336e-02 -6.1866318146912378e-03 -1.0140387128560928e-02 1.3001865319719503e-03 9.9992860127643834e-01



-3.0716324934496652e-03 4.3471785511418537e-03 1.5933616430459353e-02 -9.2201149630736830e-03 -1.4463622306269672e-02 6.0812925479512012e-04 9.9985270079580157e-01




-2.2907089063984627e-04 5.8456339497255972e-04 3.1490013744350071e-03 -6.1039210444942720e-03 -1.3345233484756781e-02 -3.1713320396548356e-03 9.9988728842015695e-01




4.2945401028116944e-03 1.8070806185904646e-03 3.7664524877562273e-03 -7.3843097895220982e-03 -1.8007344023692324e-02 -4.0996023987834324e-03 9.9980218082894612e-01




1.0476249349865796e-02 3.4351503621874791e-04 5.2378468460899039e-03 -2.5393845149368375e-03 -2.1691025398169705e-02 -6.0118349959978256e-03 9.9974342147545148e-01





1.7651955496608290e-02 1.2979101031391159e-04 4.6428182209304041e-03 -5.0583508339055710e-03 -2.4961399219052396e-02 -8.4523613345782560e-03 9.9963988477037968e-01






1.9831218869213730e-02 -1.5521606596055843e-03 2.7418346344068303e-03 2.8277599197399227e-03 -3.0527730799406162e-02 -1.0711662745250159e-02 9.9947252173699463e-01




1.2607205738068393e-02 -1.4237782830310781e-03 4.3430517699645918e-03 2.5829184998889926e-03 -2.6896221597849428e-02 -5.1908502818030933e-03 9.9962141677193683e-01




1.1050534738828688e-02 2.1177188764650067e-03 4.8508407276477263e-03 7.0536872919313926e-03 -2.6288864628824987e-02 -7.5256624660472188e-03 9.9960117321687958e-01




3.4419136818668247e-03 -1.6015728567063260e-03 3.1771768784236935e-03 2.1141604405678742e-03 -2.0626857044271609e-02 -1.1217411571815558e-02 9.9972207776548339e-01




1.4136239677253312e-03 -1.1211217230177421e-03 5.8487462015843683e-03 9.6320384936636960e-04 -1.9732243416968567e-02 -3.5850827411418118e-03 9.9979840867537750e-01




-7.2433482202451094e-05 5.2861036443715818e-04 9.4738252439940836e-03 1.5831018415248836e-03 -1.9400722714981927e-02 -1.5269855347219473e-03 9.9980936886082061e-01






-1.3298111958990907e-02 -2.4686201647885807e-03 1.3868635042330272e-02 3.8320053442779480e-03 -2.1867358468953119e-02 -1.0767656314111406e-02 9.9969554962805196e-01







-1.4554123511012991e-02 -3.4486291700479019e-03 2.8004548366118698e-02 4.9714608038351604e-03 -2.3940472292334654e-02 -1.0187544639943716e-02 9.9964911458876660e-01







-1.4909275651694646e-02 -9.5458251449872938e-03 3.3196717880806158e-02 6.7191928005569347e-03 -2.2548092729674965e-02 -4.8619844597792283e-03 9.9971135687731172e-01





-2.1488487802149563e-02 -5.8739607249850305e-03 2.9565982609330476e-02 1.7237934116461434e-02 -1.7804763178896493e-02 -6.1559348062086806e-03 9.9967392108737219e-01









-3.9337527867125195e-02 -1.9657761101427237e-02 4.6536126741381523e-02 1.2358748504952825e-02 -1.7499415232991120e-02 -9.8335909954871369e-03 9.9972212753846168e-01







-3.5055674570297006e-02 -9.2185579464119250e-03 3.3938098420798729e-02 7.9046180420379135e-03 -1.9558487698817295e-02 -9.0560081627481699e-03 9.9973645091529040e-01




-2.7144171281623712e-02 -7.4860439213519057e-03 2.5014088279418888e-02 3.6684649743288851e-03 -1.6518823672879827e-02 -5.4253412535483787e-03 9.9984210578544797e-01





-2.8201415607134662e-02 -7.4989888326541425e-03 2.6080108850482259e-02 1.5713570934049867e-03 -1.8102855065667452e-02 -3.2998009541541245e-03 9.9982944985083300e-01




-2.2361546373656078e-02 -1.1787603603425650e-02 2.1710121457857032e-02 -2.7911938029282308e-03 -1.5457436450956199e-02 -2.8138261751884650e-03 9.9987267153261816e-01





-3.1291755858047096e-02 -3.5466719555163947e-03 2.5134734166200129e-02 5.4887569259010607e-03 -1.6893377966846965e-02 -1.3301489325523133e-03 9.9984134643056988e-01




-1.9061228951632952e-02 -3.0357757359208769e-03 2.6883714571691156e-02 -1.1558758088961061e-03 -1.9680463966317324e-02 -5.9412863349992788e-03 9.9978799973087817e-01




-1.0727310061231388e-02 -5.6045756475141713e-03 2.9662739889953459e-02 -2.9938300355378759e-03 -2.3589386299200932e-02 -3.0402427854743061e-03 9.9971262608789269e-01





-1.6685347292110998e-02 -7.0448077396938437e-03 4.5604050606352885e-02 1.0457875135356117e-03 -2.2186577752284730e-02 -5.9408148011195509e-03 9.9973564946720650e-01






-1.7855445694220148e-02 -1.0693485707008553e-02 6.2910090134758068e-02 8.0544692593779357e-03 -2.8320576379034800e-02 -1.1843526409505103e-02 9.9949627381031103e-01



-1.0722842950953080e-02 -1.0626304924875115e-02 4.3095131184446828e-02 6.4945216725853039e-04 -2.0998558511627775e-02 -6.9802744233709365e-04 9.9977905134584910e-01




-6.9282726753179518e-03 -1.1733834234436115e-02 4.6001670812266082e-02 3.6292892960941600e-03 -2.3246270280777311e-02 -6.7213928182046426e-03 9.9970058620360014e-01





-1.5861512468759609e-02 -1.4282039198158453e-02 5.2233589138294442e-02 2.0249775255059181e-03 -2.0907043532408874e-02 -6.3065992023275466e-03 9.9975948197716857e-01




-8.7055822268258063e-03 -1.1006378150549582e-02 4.2043220609390392e-02 -1.5289298657389246e-03 -2.0148296719474240e-02 -3.8666756434608670e-03 9.9978835626958462e-01





-1.4383892475597163e-02 -1.9966708588150108e-02 6.2166434561490715e-02 1.2222086621631446e-03 -2.6836520773545560e-02 -2.4458476748896152e-03 9.9963609638103224e-01






-1.4246612218173875e-02 -1.6512687765630578e-02 6.7771199163014842e-02 4.9446593379684847e-04 -2.1444532473017645e-02 -5.0008352342394988e-03 9.9975741016379271e-01





















-8.6465449662509020e-02 -7.1927028669767093e-02 2.4094997410387214e-01 8.1892631119208342e-03 -2.4587124950433751e-02 -3.5347544051285945e-03 9.9965789886723289e-01






-2.8722864747592152e-02 -1.1472857912015045e-02 6.5284149949969228e-02 1.2508591803960003e-04 -1.8778925830195751e-02 -6.2964771283325191e-03 9.9980382609487417e-01






-2.2434118885671220e-02 -8.7815812037799930e-03 6.9832084994643009e-02 -4.0446228173392028e-04 -1.9673943801355964e-02 -6.7587488103371838e-03 9.9978352239876533e-01






-2.2552278035641811e-02 -2.1459291333534608e-02 8.8619361572927283e-02 -1.7412362007770839e-03 -2.1221075718734942e-02 -2.7400257460879706e-03 9.9976953659368095e-01






-1.7028400438513516e-02 -2.8871963396433605e-02 7.8494155807608421e-02 3.1793816864184687e-03 -1.8522319870061019e-02 2.7317475541505328e-03 9.9981966011577483e-01





-1.7776158397630172e-02 -1.3553091932816258e-02 6.2315960505540349e-02 1.1259649395323795e-03 -1.8936742622164379e-02 -7.2041891675880144e-03 9.9979409462161484e-01



-6.9294236117539310e-03 -1.0483711136442997e-02 3.4996760372991625e-02 2.6177845912443443e-04 -1.4542951813224850e-02 -4.9553152797886064e-03 9.9988193246756607e-01




-4.5697179234675612e-03 -1.4857497353774621e-02 4.4791738072056220e-02 -1.6583163747688314e-03 -1.4168303434175309e-02 -2.9328946692395003e-03 9.9989394802321785e-01





-8.3231384792647259e-03 -1.4710653166154450e-02 5.3692307711799912e-02 -1.5255910844562512e-03 -1.3235728155623974e-02 -6.2420598339973186e-03 9.9989175652220585e-01









-2.6246379023362357e-02 -2.6667765157656880e-02 1.2599866163301165e-01 5.9272050983260023e-03 -1.1796691945498743e-02 -5.4413175451566717e-04 9.9991270129921794e-01

















-7.6503427345418790e-02 -4.8031915544865418e-02 2.0686458838734692e-01 7.9384280809506060e-04 -1.0305246160424846e-02 -6.5074676369108464e-03 9.9992540950819109e-01







-3.2173959347898053e-02 -1.7889654192870096e-02 7.2676129937948517e-02 3.9371920700926835e-04 -1.3790122460600957e-02 -5.5818254524952187e-03 9.9988925423385044e-01






1.4221002606118131e-02 -3.2376726915586865e-02 8.7458558746974863e-02 5.9677972861250112e-03 -2.2963181131113761e-02 2.7199192381551305e-03 9.9971479920386763e-01












-6.3608332860220301e-02 -1.9346889297603222e-02 1.1039942258937444e-01 2.7383210765277145e-02 6.1781129186286711e-04 -8.9336122940400185e-03 9.9958489816962115e-01








-1.0802026055481764e-02 -2.0239900713939468e-02 6.3506400112578229e-02 1.5287937111044649e-02 -1.0407631967873372e-02 1.4381001515244754e-03 9.9982793121799929e-01












-3.0250211785108946e-02 -2.1727883642973692e-02 7.4633301498950297e-02 1.0992619016006211e-02 -1.6711689748333050e-02 -1.5135317162243305e-03 9.9979877524163252e-01










-1.6980934622294466e-02 -8.5379786796493922e-03 7.7708153986977821e-02 1.1755186327458023e-02 -1.6951575561565044e-02 -7.6284355713661534e-03 9.9975810406873966e-01









-1.8040483064629131e-02 -8.7159639840080749e-03 7.1361924870997281e-02 -4.9417192609512734e-03 -2.6728326815553732e-02 -2.6893545263079873e-03 9.9962690206327420e-01





-1.8197249213128038e-02 -1.8097775849539276e-02 3.0656649788553127e-02 1.4666445214986626e-04 -1.3765954036480579e-02 1.9793687313013949e-03 9.9990327487133945e-01






-7.6010739639371400e-03 1.0323371001871895e-02 3.7280894931862894e-02 6.4269969575002630e-03 -2.2254042518607690e-02 -2.7852457249841851e-03 9.9972780981022014e-01






-4.6654735109056614e-03 -1.5487243000217111e-03 2.7276138692438168e-02 4.0509621396898291e-03 -1.6891301623957498e-02 4.3552620324347740e-03 9.9983963980621415e-01








-7.8241579452260521e-04 8.6748035851183184e-03 3.5978578943279611e-02 1.5683499786084680e-03 -1.8395385504997631e-02 -1.1992087598736690e-03 9.9982884133676464e-01




-1.0405712597917908e-03 -1.6788599313375685e-03 2.9932460128074132e-02 -3.5631846755544818e-03 -1.3649755554608583e-02 -4.5454624944017887e-03 9.9989015729677988e-01




1.3418026599738673e-02 -1.2743416425806983e-03 2.5707271979146174e-02 2.4697908541692431e-03 -2.2507881816250880e-02 -3.6989578683202301e-03 9.9973677190547050e-01




1.2683926263374872e-02 -9.4762864511882001e-03 2.8894672954102852e-02 1.0582271228044462e-03 -2.1865417809748953e-02 -4.2444696365326606e-03 9.9975135315580654e-01







2.4811851902580548e-02 2.4800740768820858e-03 4.3566782894549592e-02 3.5157984879399078e-03 -2.8544205002111637e-02 -3.1953093744345514e-03 9.9958124108037927e-01








2.8245589129477951e-02 -8.7183782664062466e-03 4.7441170327517268e-02 -8.4913437698390501e-04 -3.1621582110699230e-02 -6.3533602780482977e-03 9.9947935913094443e-01






1.5750656159084241e-02 -5.3690000758343994e-04 3.6923188308705807e-02 -1.4484503421869712e-03 -2.4124467536195199e-02 -3.8987493767966303e-03 9.9970031099875034e-01






5.4007625279132027e-03 7.9731479847639864e-04 4.9287725008139383e-02 -1.1593537992335065e-03 -2.2528555466298152e-02 -3.1129814291536769e-03 9.9974068109384839e-01





1.1882502683192474e-02 -2.2134905176175276e-02 5.4001729571454792e-02 -3.6788558309798101e-03 -2.1466896664787977e-02 -9.2927652680511986e-04 9.9976235916966538e-01













-8.1054958911679596e-03 -2.6383324350581862e-02 1.2316702100593716e-01 1.4327730544158080e-03 -2.7224294452670161e-02 -4.7080252335771067e-03 9.9961723647170508e-01






-2.2631989885663023e-03 1.1843271982496465e-03 5.1628176380630719e-02 4.5269539016519911e-03 -2.0440385424208458e-02 -3.2830720079745192e-03 9.9977543417023029e-01



7.0411974646292751e-03 -3.8609899492546796e-03 3.3737544086292148e-02 -2.7551537677735567e-03 -1.9815750194432637e-02 -9.9774373190172428e-04 9.9979935471043047e-01






8.6079386834834494e-03 -1.9636492128703786e-02 5.2351904680158365e-02 -5.8967397929712492e-03 -2.0351881838377568e-02 -4.5473119128040078e-03 9.9976514808219752e-01








7.4194874712764560e-03 -8.8387375146162343e-03 6.9426486631176398e-02 4.1720240465085946e-04 -2.4079380176414339e-02 -2.5826381271533091e-03 9.9970662665242815e-01







1.0915019542482970e-02 7.9997318761514061e-03 6.5008854278165579e-02 2.3554794273172824e-03 -2.3257441509203967e-02 -2.2901165969954019e-03 9.9972411119122540e-01






1.2632218737740496e-02 -2.0030125566972895e-02 6.0103378609372420e-02 -3.5750137698799720e-03 -2.6217806346447759e-02 -6.2881476295729450e-03 9.9963008413428311e-01




8.1949954691547125e-04 -1.0270982936861094e-02 3.9253492713626090e-02 4.9620658211201544e-03 -2.3325555169648786e-02 -7.0590056636490170e-03 9.9969068557121965e-01



1.0626554429297243e-02 2.2930185462907001e-03 2.9626882682758749e-02 1.1870704143361107e-03 -2.2676235802712479e-02 -4.6688351086878960e-03 9.9973125447411071e-01


-2.6357697827781947e-03 -1.0007986567294624e-02 4.2387694811717828e-02 -6.4037523757978906e-04 -2.5796545684823580e-02 -6.5869105458911765e-03 9.9964530747648006e-01



6.9006232226179291e-03 -9.5028842825185529e-04 2.6866840526961987e-02 6.1349801556654412e-04 -1.9394820428362866e-02 -4.3431699437005859e-04 9.9981162022127190e-01





-4.7225811770674293e-03 -1.0006173711821137e-02 4.1546458452269473e-02 -4.4254004362571258e-04 -2.6134308919994229e-02 -9.0676021989973335e-03 9.9961721706158346e-01






-1.9559414172179235e-03 -7.3550872655213442e-03 4.9134711970194124e-02 -6.5994671609804101e-04 -2.4029724044483562e-02 -2.9194470323235669e-03 9.9970676383712809e-01







-5.4147784975443272e-03 -2.4716421915390589e-02 7.3949670817903171e-02 3.3254008125136671e-03 -2.7171194625727629e-02 -8.5515383865557258e-03 9.9958868495160058e-01






-1.3195693653532965e-02 -4.9746378350632430e-03 5.2748587274756828e-02 3.2868180490957149e-03 -2.2799143729542237e-02 -3.3431757609774584e-03 9.9972907282330392e-01







-2.1360357426612901e-02 -2.1915752955478693e-02 6.6632423366789081e-02 2.4820254698283261e-03 -2.5051778650417685e-02 -7.4972424561978793e-03 9.9965496011952570e-01





-1.2481408259916935e-02 -7.8597670914100082e-03 4.3810638701953467e-02 2.7086707637062691e-03 -2.0999441432275830e-02 -2.2191427027841494e-03 9.9977335530003542e-01




-5.3044929763128726e-03 -1.6764886119753359e-03 4.0578299134403008e-02 -3.3623778052524504e-03 -1.7799687544759957e-02 -2.4013642288393477e-03 9.9983303555575920e-01




-2.0230689987765036e-03 -5.0176082456743530e-03 3.5851956955442868e-02 -2.9755671082763568e-03 -1.9316750119137971e-02 -2.4553951855149463e-03 9.9980597127627813e-01





4.4345842588082700e-04 -1.6498394685097794e-02 4.8708639712446197e-02 -3.4403512976796456e-03 -2.1123144218447801e-02 -2.3331147486632185e-03 9.9976823981203000e-01





-3.0605157178253710e-03 -1.1637798339209315e-02 4.8801088804273703e-02 4.9625894190146241e-03 -2.1661982858331978e-02 -4.9953342724806636e-03 9.9974055526441952e-01





5.9191519959163851e-04 -3.0793783064556341e-03 5.2975025660619762e-02 6.2110259901693157e-05 -2.2141883799807749e-02 -6.0620058624225722e-03 9.9973645787729248e-01




7.2389268086141979e-03 -5.8253217996558707e-03 3.7573380928762549e-02 8.3238818373580217e-04 -2.1195795329132461e-02 -1.9685847998767133e-03 9.9977305928103644e-01






-1.1848310571318803e-03 -8.9980272279187121e-03 5.3673400456958648e-02 1.7143940943615643e-03 -2.4626787237824757e-02 -1.2862359761029403e-02 9.9961249587258061e-01



-1.2632959103347379e-04 -3.1273385370516509e-03 2.8306960811432802e-02 -2.9038380950526352e-03 -1.7827977265781950e-02 -2.0925625334887216e-03 9.9983466239822472e-01




8.6563802175630179e-04 -7.4046523332055086e-03 3.7497401480287865e-02 -7.4144447355244754e-04 -2.2783035111709496e-02 -4.6515353101520777e-03 9.9972933676593168e-01




-2.3688526222895921e-03 -2.1579551592663766e-03 3.6243061575061478e-02 -1.2614740458033768e-03 -1.9538927839237993e-02 -3.4739019206214430e-03 9.9980226594440702e-01








-4.1661254557873294e-03 -1.8306010898503457e-02 7.0347176423898747e-02 4.2882204467520942e-03 -2.4722838571813219e-02 -9.1625171723713796e-03 9.9964315668013159e-01







7.4544640889665338e-04 -1.7722585188625559e-02 6.7227748374116450e-02 -2.7292156565981089e-03 -2.3003509832400817e-02 -1.0582223762969967e-02 9.9967565062750274e-01







-4.7497475444867364e-03 -1.9691291076300733e-02 6.2025492219413461e-02 2.9638367123459384e-03 -2.2442584894406665e-02 -8.9915878016253881e-03 9.9970330468794866e-01





3.9572006905918091e-04 -7.0888807003015525e-03 3.9149877781240905e-02 2.0205306347503755e-03 -2.0389993506830160e-02 -6.9958410213186400e-04 9.9978981601276051e-01





-3.1891151678259209e-03 -7.7894200064820493e-03 3.8414522277947227e-02 -2.4095325137643833e-03 -1.8223025252658415e-02 -2.6875859238297680e-03 9.9982743130282647e-01






-8.1286101099987875e-03 -1.2036150792055266e-02 5.4882706307579916e-02 -5.7676134883933314e-04 -2.0334925546515240e-02 -4.9489815817989717e-03 9.9978080884295195e-01




2.8604885279714461e-03 -8.7181042120841844e-03 3.6919001695059919e-02 1.2788923905429732e-03 -2.0343586294990744e-02 -3.8244193368605207e-03 9.9978491524309743e-01






-1.2120970972110245e-03 -9.1543844049262121e-03 5.5208899646089070e-02 1.9773862206842532e-04 -2.3457529849528078e-02 -1.3419611784347469e-02 9.9963474289980203e-01




2.0558557530670971e-03 -9.0031079592109084e-03 3.7191529088488856e-02 -3.8279194325953349e-03 -1.9158156808915333e-02 -5.1164571127797331e-03 9.9979604616497442e-01




3.5887775419299085e-03 -1.4409558930053128e-02 3.6982502794781068e-02 4.7754157627178393e-03 -2.3340514834743170e-02 -1.0069176317143526e-02 9.9966545777066673e-01





2.2615722886585874e-03 -9.5399519583319898e-03 3.9931649672258755e-02 1.5309321774625206e-03 -2.4476468743984913e-02 -1.0012551518378718e-02 9.9964909220015030e-01




2.7677889336289144e-03 -7.9457740057071093e-03 2.6362064131679790e-02 1.9554753160787490e-03 -2.1277312314137153e-02 -3.4979297456275184e-03 9.9976558081605782e-01



2.3691302207062949e-03 -6.1877478468119638e-03 2.7345418914137127e-02 5.4155155161178937e-04 -2.2214206426415157e-02 -3.1344964745402357e-03 9.9974817363504731e-01





-3.0013784075834434e-03 -9.5840625407678185e-03 3.5431929026042655e-02 2.7716561046270361e-03 -2.2322365161498114e-02 -5.5770704101695502e-03 9.9973142704512119e-01






-3.3262366007419898e-03 -1.4468089850439547e-02 4.0611791933015264e-02 3.2727956052909435e-03 -2.2333479679543397e-02 -8.7966238219164810e-03 9.9970651888625051e-01










-1.4033710917639370e-02 -3.8608544756003969e-02 7.2774245287787726e-02 1.2993443346935956e-02 -2.6480299530590737e-02 -1.1389587482216064e-02 9.9949999572973747e-01









-1.2435588283401425e-02 -2.3686780270093560e-02 6.7092637106666894e-02 1.8374863053272398e-03 -2.2472288050449787e-02 -5.3493697297493309e-03 9.9973146602342655e-01






-1.2559209927208983e-02 -1.4565945345175347e-02 4.4223786675101788e-02 4.1893508462745649e-03 -2.0298792461178519e-02 -3.1645086258237747e-03 9.9978017296266775e-01








-1.7824880733057807e-02 -1.7693099328668308e-02 5.7258967487374225e-02 6.9518696618987453e-03 -2.4495549562607615e-02 -9.5737883010070211e-03 9.9962992259005401e-01






-1.6310085912832915e-02 -9.1598091954267803e-03 5.2558730659372659e-02 3.5220421256328756e-03 -2.1007886213794107e-02 -1.7430523219945750e-03 9.9977158676604549e-01









-2.0318896862742269e-02 -1.9197849933054897e-02 8.9271137604809300e-02 1.3138092470372790e-02 -2.1398702008343862e-02 -4.8353224744362398e-03 9.9967299940288790e-01









-2.5785767851626323e-02 -2.3444470631028922e-02 9.3708561033042773e-02 3.4235578233929409e-03 -2.1699144816298852e-02 2.5410488064006923e-05 9.9975868374342125e-01









-1.0189357143944399e-02 -1.0812978434801111e-02 8.1621551811198872e-02 4.8729393791331751e-03 -2.2354377652538383e-02 -2.3033932838284646e-03 9.9973558036160493e-01











-1.5079812497685759e-05 -1.7641485329225784e-02 8.3463561078336398e-02 6.2468212153421526e-03 -2.5630024604303348e-02 -2.9862218797242265e-03 9.9964751864963453e-01














-1.1399586775393452e-02 -2.2455243867127349e-02 1.2905280344456760e-01 1.2501509833743251e-02 -1.7039610026344163e-02 1.4516288066389069e-03 9.9977560318095116e-01









-1.4668264068502619e-02 -2.2721606447766850e-02 8.5638736859607448e-02 8.1719764046638832e-03 -1.6586761444828172e-03 3.9960947320527174e-03 9.9995724849714540e-01







-1.6032079186000508e-02 -1.9035622428405223e-02 6.6119854963595723e-02 1.1291837468632479e-02 4.9542465472219384e-05 3.5488794571754863e-03 9.9992994624959830e-01







-2.1877451307871651e-02 -9.9735058308112468e-03 7.1577666950448246e-02 9.9008545171591980e-03 -1.0430045728574821e-03 2.7450833445006114e-03 9.9994667344750077e-01
























-5.0350191435546941e-03 2.0655371304474052e-02 2.3683544492426495e-01 -2.2457844537743959e-03 -1.2530424151818596e-02 6.8312152226292361e-03 9.9989563426456907e-01
























-2.8936204263882381e-02 -2.7833747539578547e-02 2.1132534292332697e-01 -5.6609280744952658e-03 -4.1355664440720266e-02 -1.9092772231518416e-02 9.9894600903177810e-01













