# Format: tx ty tz qx qy qz qw
# Newline means next odometry; Empty line means next step

































2.8808554298789882e-02 8.5882462325856494e-03 -2.4429634653630166e-02 9.6418150388672297e-05 2.0413039932171539e-02 1.0088181336173660e-02 9.9974072994031626e-01





2.8553074665277922e-03 2.8119603618489615e-03 -7.2939241994168366e-03 2.9556826783912797e-05 1.7419051728711731e-02 -7.9711455889406476e-05 9.9984827319416336e-01




9.4697670676577601e-03 -7.5278112174466622e-04 -3.7480410696226381e-03 -1.4373525246726983e-03 1.6543457430405976e-02 3.7210093976367646e-03 9.9985519057663086e-01





4.2401147350724063e-03 -5.9052756763470562e-03 -4.0621036893564869e-04 -2.4334662233891297e-03 1.8047809056893946e-02 4.5343539255707829e-03 9.9982388172360792e-01





6.8572688997466580e-04 2.2683271301311035e-03 -5.9895929105082367e-03 2.9416249307928269e-04 1.7697627977105179e-02 2.5274913907432470e-03 9.9984014683332323e-01





8.9762270207333333e-03 -2.2302769494200931e-03 -1.5921464317856645e-03 -1.9001764547358962e-03 1.7821258605612452e-02 4.1379880037178849e-03 9.9983082025232339e-01





9.1276197371281623e-03 -9.2896328291357382e-05 1.7251707067219907e-03 -5.4303100055911907e-04 1.9898408386796962e-02 6.0448982472420228e-03 9.9978358541545642e-01





8.4618972433518208e-03 5.6954217754807517e-03 -4.8333218761274022e-03 -2.1464776544055800e-03 1.9206564108942507e-02 2.7862946072997785e-03 9.9980935037194441e-01





2.1109400514857126e-02 -2.7240272772181243e-03 -3.4129646437345814e-03 -3.2013969303329275e-03 1.5452749564225439e-02 4.4166160581589941e-03 9.9986571952997494e-01




1.2611367837872669e-02 5.4919007254553964e-03 -7.9298097201420184e-03 -6.5293810040636144e-04 1.5363782839645044e-02 4.6532097077345820e-03 9.9987092941444655e-01




9.0730092954572038e-03 -9.0450391694889374e-04 3.5917902850693987e-03 -1.9702587729625653e-04 1.6985636616174426e-02 2.8000264492754291e-03 9.9985179360814791e-01




4.0843737875075857e-03 -3.3792454004885216e-03 -1.5991247582729909e-04 -3.2862387986872963e-03 1.7900769015365095e-02 3.2082027478192549e-04 9.9983431636325015e-01




1.4091489686563277e-03 2.5000032447088799e-04 2.6172812735855309e-04 2.5570754497858381e-03 1.5871688081798035e-02 -2.4945838443650003e-04 9.9987073597195186e-01





6.1213285143375679e-03 -2.0446297109160965e-03 3.6101704725504990e-03 1.9090279740957079e-03 1.7530655578295057e-02 3.9705691111466355e-03 9.9983661980751781e-01




2.9290027297143649e-03 -1.6578594620497535e-03 3.5567743137834679e-03 1.3283262593028462e-03 1.6678426633610136e-02 4.6253059753946881e-04 9.9985991603815305e-01





4.4658791562419715e-03 -3.1376584145686942e-03 7.2463891964635744e-03 1.2295796712559800e-03 1.4346172176304670e-02 -3.7341103809475900e-03 9.9988935982806759e-01










9.7529553712834543e-03 -2.4624865658012989e-03 1.6487879237973090e-02 -4.3168336645961264e-04 1.4537323442213517e-02 -2.7188640966417572e-03 9.9989053783633319e-01








7.1713262356883301e-02 -5.9484334899316095e-03 4.5595142208802064e-02 -9.4585443827060467e-03 7.9889910151574976e-03 9.0348329935448148e-04 9.9992294487057742e-01




1.1718772688668402e-02 -2.3737240552287862e-03 1.8663187860582336e-02 1.9836731321495079e-04 1.3238641055695183e-02 -8.1362652909136449e-04 9.9991201465192858e-01






2.3325104343338319e-02 -5.2238227601029011e-03 3.8151216993815566e-02 1.6089830087302498e-03 1.2958610610625400e-02 1.2981248184533985e-03 9.9991389652143325e-01







2.7215266290877907e-02 -1.8592827506286651e-02 5.1208613397414796e-02 3.2683933590894648e-03 8.5778335767084102e-03 -3.4211553259163824e-03 9.9995201588487059e-01


















3.5423613050596894e-02 -3.1813056082696814e-02 1.3995213086562391e-01 1.5501981577163326e-03 -5.0238778610758594e-03 -7.8697815655760566e-04 9.9998586900130237e-01

















5.3359195686737519e-04 -2.8669677525866390e-02 1.6432895054582286e-01 1.8030867781659358e-02 -2.9066641711677658e-02 -1.4436416537207624e-02 9.9931056635272775e-01











2.5773306610105667e-02 -2.5196077585996179e-02 1.2301473614427041e-01 3.6884364043216255e-03 -3.1326576779642276e-02 -4.4265556421081952e-03 9.9949259458452611e-01














-2.2817739698371399e-02 -5.7461757245262221e-03 1.3100117400493552e-01 8.5392282528216155e-03 -2.2949644111030374e-02 -1.1468724752357580e-03 9.9969949489811627e-01









-3.7823009933072319e-02 -1.1809957329574928e-02 8.9493600957471359e-02 -8.0019130880202888e-04 1.0348537496609552e-02 3.0701973430299640e-03 9.9994141896104360e-01









-3.3965061310924791e-02 -1.8886967147849060e-02 9.1934683195413328e-02 3.4768656053585263e-03 7.4830022268044475e-03 5.5997184878668685e-03 9.9995027838192663e-01















-7.4769652033100972e-02 -1.3046199477443152e-02 1.4290770734583869e-01 7.1748300761738859e-04 4.0330443933079508e-03 -1.2228266429694973e-04 9.9999160237374263e-01
















-5.5012099112496569e-02 -2.4089887635027167e-02 1.5892862742252398e-01 3.6753143784403358e-03 -2.2435817926916117e-02 -7.8179746936626986e-03 9.9971096093313849e-01














-4.7111961417100216e-02 -2.1206568516468596e-02 1.1059349735734986e-01 -2.4245764834815988e-03 -2.3292549830832756e-02 -8.1400927419172930e-03 9.9969261147685140e-01











-3.4951740689051491e-02 -1.1950597995139830e-02 8.1342324485803474e-02 -5.2007610135853689e-03 -2.1331754355116472e-02 -5.8993476728522384e-03 9.9974151961296842e-01














-6.4330778102015956e-02 -3.3685905011025169e-02 1.1325002760738226e-01 -2.4346536464193188e-03 -3.1898075121192825e-03 3.9549977589461412e-03 9.9998412766522671e-01

















-7.9533265016131963e-02 -9.7681058639281573e-03 1.0590730884637811e-01 -8.9909908226883748e-03 -1.6870710295849151e-02 -1.2940389374412291e-02 9.9973350826156593e-01






-2.1523429189821933e-02 -7.2360661470292917e-03 4.7168006437893283e-02 -4.3465805538598730e-03 -2.0827325697028345e-02 -4.3178634996571576e-03 9.9976431512461827e-01









-2.3340235590880599e-02 -1.0798590427428771e-02 7.0453824928041933e-02 9.9806210672952482e-04 -2.7139836971528223e-02 -7.4031599087688842e-03 9.9960373465916741e-01








-2.0093008073151387e-02 -1.1975553571997703e-02 5.9790214717012583e-02 3.7778739787435686e-03 -2.9026754878975013e-02 -1.2570257400167532e-02 9.9949245309721579e-01





-1.4343578576100672e-02 -7.6572281696846824e-03 4.3600397564760265e-02 4.6989030240038908e-03 -3.0780022356958932e-02 -1.0377550942796554e-02 9.9946126336667285e-01





-8.3653567234063687e-03 -7.6149323138940562e-03 3.2311012257831569e-02 4.2691701588841637e-03 -2.7291744435745082e-02 -6.1250156895182213e-03 9.9959962937898872e-01






-1.6997224537277405e-02 -5.8831198779620382e-03 3.5493140156894316e-02 1.8747391416794536e-03 -2.7946180427734328e-02 -1.2415177287045245e-02 9.9953056968037868e-01






-1.6824050611709308e-02 -6.6310534700757566e-03 3.3173619284422459e-02 5.4188401519812699e-03 -2.6709113854594315e-02 -9.4733119060103309e-03 9.9958367122019409e-01







-2.9154834149909752e-02 -9.1420948442850428e-03 4.4417956824441322e-02 6.2090055662496211e-03 -2.8471061693824757e-02 -8.4345780790418927e-03 9.9953974647761423e-01




-1.7926482700353429e-02 -7.9126415666590892e-03 2.7088320637001298e-02 2.3967766506880431e-03 -1.4731557267279672e-02 -1.7329458705158251e-03 9.9988711041835987e-01


-1.5425275115772135e-02 -9.2818052265645785e-03 2.1364388270945254e-02 2.7066508363250501e-03 -9.2295518507384822e-03 -2.5343116780338834e-03 9.9995053211556584e-01


-1.5870845890603301e-02 -6.2105177889984280e-04 1.1109929103346992e-02 7.2920635219868952e-03 -7.9182981459268546e-03 -1.4831703990777411e-03 9.9994096154204570e-01




-2.6079423973666870e-02 -1.2105164175468582e-02 3.2489909420962172e-02 1.9738415797056225e-03 -1.1016315497317837e-02 -4.0214887704902126e-04 9.9993728954298056e-01









-5.5550851071849913e-02 -9.0317789687281019e-03 3.7325307406456204e-02 1.3361022052463267e-02 -2.7644553645719008e-02 -8.4998088520646733e-03 9.9949237865674645e-01

































































































































































































































































































































































































































































































































































































































































































































































































































































































