1.36667 1.11118 1.31095 0.944253 -0.0127322009454 -0.998238863112 -0.000909328911337 0.0579330333418
1.4 1.11247282961 1.31396759968 0.945420844828 -0.0134826292417 -0.998009173134 -0.000727144733585 0.0616066580046
1.43333 1.11069924607 1.31376087035 0.946407555558 -0.0140647373166 -0.997776581599 -0.00103132814315 0.0651384121675
1.46667 1.10823468634 1.30978748968 0.944583310211 -0.0145274396622 -0.99752886402 -0.0016215548739 0.0687203718263
1.5 1.10583084281 1.30878953996 0.947107756163 -0.0159212420896 -0.997253539219 -0.00176572209364 0.0723102675373
1.53333 1.10504990748 1.30911854642 0.9472440037 -0.0171716899814 -0.996976458429 -0.00189188069684 0.0757594561092
1.56667 1.10661086895 1.3126472848 0.949835125054 -0.0184097188362 -0.996660398063 -0.00209076243089 0.0795283716478
1.6 1.10361325616 1.30617956328 0.947743038116 -0.0190479645762 -0.996349895156 -0.00309545877007 0.0831533499179
1.63333 1.09984700872 1.30455742611 0.949570199722 -0.0195065174458 -0.996057650042 -0.00311480092957 0.0864809319177
1.66667 1.10989258625 1.30831962341 0.955705121649 -0.0203407414449 -0.9956689528 -0.00328325678221 0.0906576576655
1.7 1.10865889031 1.29713606526 0.951706130481 -0.0211096141935 -0.995315504682 -0.00478782448442 0.0942258301345
1.73333 1.10504106067 1.29983833904 0.955812266048 -0.0211268042169 -0.994996676976 -0.00403628904768 0.0975652567317
1.76667 1.10537449853 1.30447961164 0.95372020228 -0.0208429915697 -0.994659557958 -0.00367968403642 0.101016797569
1.8 1.10188455219 1.29994441016 0.95395638168 -0.0216574224184 -0.994261310423 -0.00465927298714 0.104659895978
1.83333 1.10633125625 1.29787430102 0.952039458798 -0.0227129851133 -0.99377805279 -0.00487885900019 0.108928870534
1.86667 1.1015691843 1.29689216502 0.954075793122 -0.0229967675748 -0.99341512431 -0.00489293324065 0.112132059097
1.9 1.09874813431 1.29948198309 0.958180409155 -0.0235156570584 -0.993019013007 -0.00493153843699 0.115481312814
1.93333 1.10066942035 1.29948166099 0.955091069375 -0.0258822927991 -0.992440244791 -0.00545498804456 0.11984452655
1.96667 1.09467464667 1.2943957895 0.953909190538 -0.0274370463194 -0.991948895668 -0.00607443028341 0.123481570163
2.0 1.09119633014 1.29774675382 0.95739522291 -0.0283036026315 -0.991429957038 -0.00562619637735 0.127412292497
2.03333 1.08809232563 1.30376402068 0.962749139557 -0.0285231394458 -0.990906483184 -0.00544980057181 0.131381398125
2.06667 1.09035341944 1.29961676418 0.958533703985 -0.0301159446875 -0.990225062067 -0.00612715910116 0.136050778206
2.1 1.08229602918 1.29900129743 0.959474668903 -0.0308774411965 -0.989736554005 -0.00610605329209 0.139394596042
2.13333 1.08161417697 1.30508112566 0.965164931172 -0.0315455506195 -0.989144465373 -0.00532873940434 0.143421439804
2.16667 1.07700847582 1.3003545853 0.967719634443 -0.0318361098326 -0.988536222024 -0.00639459856941 0.147450700121
2.2 1.08432852211 1.30702994397 0.968548273053 -0.0322024063988 -0.987847345589 -0.00599998462763 0.151936259725
2.23333 1.08234604922 1.30657123028 0.974979961139 -0.0325260630013 -0.987273103892 -0.00724833014259 0.155503489565
2.26667 1.07031582666 1.30691719232 0.974851853968 -0.0336970161722 -0.986784511303 -0.00871087991494 0.158255994909
2.3 1.07111570095 1.30685659907 0.974596977859 -0.0349426379443 -0.986041820092 -0.00949343662237 0.162512817172
2.33333 1.07125282625 1.30693506974 0.974227305069 -0.0363905889048 -0.985337650707 -0.010150920053 0.166380281167
2.36667 1.07142116903 1.3093939185 0.974501159771 -0.0380446266404 -0.984663631804 -0.0105181992933 0.169939713046
2.4 1.07148000565 1.30877817793 0.976656303958 -0.0390444851318 -0.983986910732 -0.0109617819303 0.173565915509
2.43333 1.06323975203 1.29894545004 0.978296897132 -0.0395856851485 -0.983452853447 -0.0120249111106 0.17637703958
2.46667 1.06159414307 1.30246229743 0.9839363394 -0.0412569228609 -0.982720855561 -0.0118846726305 0.180045385718
2.5 1.0558596563 1.30123225078 0.984563926974 -0.0427933217023 -0.981996228706 -0.0126168825808 0.183556401955
2.53333 1.05046456297 1.30176384841 0.986248535513 -0.0434716569103 -0.981232972805 -0.0131115505231 0.187403722934
2.56667 1.04820720357 1.29949971288 0.988061152823 -0.0447315751748 -0.980328344324 -0.0133989934813 0.191770410833
2.6 1.04579680964 1.30286102405 0.99200522043 -0.0448428564419 -0.979515903886 -0.012905843354 0.195885557069
2.63333 1.04488544721 1.29694467557 0.988942832747 -0.0462576060329 -0.978520469615 -0.0136911661322 0.200425737867
2.66667 1.03401952819 1.29936091507 0.997945944997 -0.0460274968586 -0.97785983914 -0.013567892866 0.203684846793
2.7 1.03553879728 1.30219536533 0.997417972185 -0.0470932783351 -0.976726105823 -0.0137231180959 0.208806162193
2.73333 1.03372110629 1.30522501058 1.0045558795 -0.0471965461433 -0.975696516273 -0.0138719458517 0.213533049626
2.76667 1.02647417369 1.30092251143 1.00261269022 -0.0479221086052 -0.974769126673 -0.0151235893991 0.217485397755
2.8 1.0232868537 1.31494284195 1.01013159244 -0.0473027967314 -0.973938053121 -0.0152041961562 0.221305098277
2.83333 1.00833360729 1.29793402935 0.999665643251 -0.0479405150125 -0.973104409461 -0.0174733765622 0.224642374496
2.86667 1.01624228334 1.29980167159 1.00530181871 -0.0476232666379 -0.972045972669 -0.0169325171195 0.229285719917
2.9 1.00679394799 1.30115880397 1.01178416632 -0.045935894635 -0.971487396741 -0.0164950016332 0.232013030839
2.93333 1.00976438532 1.29604694489 1.00703791312 -0.0469100867196 -0.970401971182 -0.0166588473214 0.236308994529
2.96667 1.01469070802 1.2998038563 1.01161387104 -0.047923479258 -0.969267085985 -0.0156873931837 0.240787378939
3.0 1.00294674042 1.29021038928 1.00845989626 -0.0470996962164 -0.968604636416 -0.0165900027513 0.243539419271
3.03333 1.00686937738 1.31726420312 1.02522426229 -0.048052148431 -0.967669755818 -0.0139100177656 0.247209923168
3.06667 0.994962667804 1.31606588697 1.02619637884 -0.0493932089373 -0.966978072451 -0.0136685618136 0.249653537381
3.1 0.989294481597 1.31352900295 1.02589815732 -0.0507616741266 -0.966097611451 -0.0129981151033 0.252803691809
3.13333 0.981411511924 1.31348937459 1.0285259995 -0.0499754828333 -0.965327529359 -0.0120853072859 0.255928031926
3.16667 0.97015807981 1.3092892995 1.02951093135 -0.0495150867897 -0.964361292472 -0.011733231907 0.259649542714
3.2 0.93191093237 1.28341833865 1.01613041322 -0.0479181594141 -0.964072647428 -0.0139802594245 0.26090675121
3.23333 0.948604924514 1.29484816548 1.02798105703 -0.0485738472093 -0.962551306333 -0.0130558413693 0.266392772145
3.26667 0.93178576952 1.28976289486 1.02216698461 -0.047983576329 -0.961954405894 -0.0137679294435 0.268610762074
3.3 0.929185077431 1.29398276323 1.02545013762 -0.0474277952379 -0.961058865154 -0.0131137549166 0.271927364161
3.33333 0.921573180638 1.29390536532 1.02668298865 -0.0469656460015 -0.960210880662 -0.0133350676124 0.274975396584
3.36667 0.90699945511 1.29170449298 1.02735825851 -0.0464057246041 -0.959720129282 -0.0135674465245 0.27676651996
3.4 0.905416715729 1.29240422875 1.03042205437 -0.0455297736507 -0.959063637364 -0.0132474788766 0.279192556314
3.43333 0.897773990339 1.28616421791 1.02967035443 -0.0450476408244 -0.958611016717 -0.0141298589003 0.280777448833
3.46667 0.886856706983 1.28888774576 1.0306504977 -0.0449147496699 -0.958343698283 -0.0137439648349 0.28172881403
3.5 0.879598517164 1.28545422156 1.0284022125 -0.0441446345342 -0.957975141758 -0.0136347886136 0.283105936983
3.53333 0.875064367596 1.29004069852 1.03718442276 -0.0435914285712 -0.957752324885 -0.0131124165583 0.283968899819
3.56667 0.859909474737 1.2840581076 1.03516399852 -0.0423302630928 -0.957626843544 -0.0137292283476 0.284553133245
3.6 0.854180038334 1.28293350972 1.03430128863 -0.0415464949437 -0.957340988172 -0.0137644055713 0.285626788419
3.63333 0.843483587091 1.27532458831 1.02770145351 -0.0425754578892 -0.956671956328 -0.015597007093 0.287615771005
3.66667 0.829722371817 1.27849278492 1.03266571093 -0.0433026216344 -0.956627928861 -0.0157680965977 0.287644321711
3.7 0.80932259887 1.28051618176 1.03500351394 -0.0428647170619 -0.956763866505 -0.0154513807884 0.287274737164
3.73333 0.80844926545 1.28332763344 1.04239359505 -0.042932732952 -0.956401428756 -0.0152672354243 0.288478767048
3.76667 0.801715008672 1.2748007828 1.03422351462 -0.0427714336955 -0.956165166319 -0.0170575971496 0.289184746411
3.8 0.78805282057 1.26936904471 1.0357876463 -0.0434743759025 -0.955980705463 -0.018491947306 0.289601307503
3.83333 0.756476720977 1.28232900682 1.05603953379 -0.0418285756194 -0.956372736479 -0.0180347142937 0.28857634737
3.86667 0.764554508901 1.29764020022 1.06171500857 -0.0426124963023 -0.955363789177 -0.0175396469145 0.291815980156
3.9 0.749343940376 1.2852510666 1.04616960818 -0.0439448801476 -0.954763453962 -0.0203544808597 0.293396130848
3.93333 0.735225827625 1.2757041936 1.04245751888 -0.0436105646216 -0.954248486747 -0.0235294671153 0.294880159339
3.96667 0.735225827625 1.2757041936 1.04245751888 -0.0436105646216 -0.954248486747 -0.0235294671153 0.294880159339
