# Format: timestamp tx ty tz qx qy qz qw
# Where translations and quaternions are defined in world coordinates (=> inverse of pose)
0.0333333333333 1.15173004788 1.30000006221 0.908954580266 3.05818093274e-08 -0.999940590292 -6.6197631995e-08 0.0109002700281
0.0666666666667 1.15209779581 1.29648354405 0.907258889521 0.000187386238114 -0.999935951202 -8.72849189765e-05 0.0113159516796
0.1 1.15409918937 1.30269132904 0.907379545144 0.00051379486443 -0.999940253929 0.0020972956037 0.0107156865222
0.133333333333 1.15484606251 1.30116688656 0.908424617154 8.58853027203e-05 -0.999953755473 0.000965085923585 0.00956807969048
0.166666666667 1.15274185512 1.295203363 0.905449930632 -0.00102114708449 -0.999963567684 1.07268975805e-06 0.00847470126673
0.2 1.14961868568 1.30501831373 0.9063843402 -0.000501048763458 -0.999969415422 0.00254264545908 0.00737916836502
0.233333333333 1.14987237481 1.31488069617 0.909537763855 -5.02614879025e-05 -0.999963536439 0.00340181293938 0.00783268376252
0.266666666667 1.15200232079 1.31301755442 0.910564961431 -0.000147604863273 -0.999960718381 0.00112659215335 0.00879037535065
0.3 1.15294765577 1.30887591907 0.907459760272 -0.00133855628429 -0.999958096498 -0.000220373123735 0.00905344961108
0.333333333333 1.15514227748 1.31648499744 0.909217713176 -0.00153923447074 -0.999957359087 0.00108562213835 0.00904058563341
0.366666666667 1.15502257517 1.31261221267 0.910431124302 -0.00181633952197 -0.999962522446 -0.000675429345108 0.00843791503333
0.4 1.15400382005 1.30334630483 0.907412689511 -0.00253910314392 -0.999966055397 -0.00217493884342 0.00753064735673
0.433333333333 1.1523172654 1.30500884625 0.907464952331 -0.0024307195037 -0.999972796886 -0.00058061278834 0.00693973916648
0.466666666667 1.14961853684 1.31268928726 0.910413029108 -0.00196566403195 -0.999979377903 0.00123176131856 0.00598854722321
0.5 1.14694502152 1.31113658633 0.910555051394 -0.00145996357182 -0.999983634397 0.000292428574426 0.00552394147246
0.533333333333 1.14599804865 1.31008856751 0.910268947201 -0.00161122084166 -0.999982430504 0.000173207732365 0.00570198640635
0.566666666667 1.146270609 1.31349208665 0.912161627061 -0.00139165279299 -0.999984495334 0.000577213858217 0.00536089719485
0.6 1.14706474094 1.31259667225 0.913567979481 -0.00133265600155 -0.999983858669 -0.000151505417319 0.00552118431059
0.633333333333 1.14664843609 1.30841135329 0.913250981566 -0.00199026446346 -0.999983470882 -0.00128463538156 0.00523894275881
0.666666666667 1.14687618893 1.3097648251 0.915956171824 -0.00300432808704 -0.999981302568 -0.000742025206707 0.00527427015533
0.7 1.14484644036 1.30661150641 0.915470070857 -0.00397362662568 -0.999977456005 -0.000727815616032 0.0053635863318
0.733333333333 1.14459224982 1.30395540555 0.91518946432 -0.00435247363872 -0.999974235704 -0.00069002300783 0.00566637177986
0.766666666667 1.14229315545 1.31023336347 0.919161336014 -0.00483253517688 -0.999957883101 0.00150412756828 0.00765612358098
0.8 1.13987755794 1.30865374135 0.919106822366 -0.00537757699206 -0.999946640397 0.00101726783542 0.0087614605196
0.833333333333 1.1398065752 1.31156681284 0.922310650963 -0.0052691541858 -0.999929211185 0.00180965358337 0.010513504938
0.866666666667 1.14177830447 1.31182064192 0.923102236668 -0.00523491106501 -0.999907361411 0.00200980626583 0.0124026198937
0.9 1.14037664687 1.31599980879 0.925845008671 -0.00546741501308 -0.999886751472 0.00300293288434 0.0136957656726
0.933333333333 1.14188577511 1.31815248538 0.927012175131 -0.00533165973769 -0.99985727527 0.00312617633789 0.0157235338083
0.966666666667 1.14043143187 1.32007323904 0.928450290627 -0.00595927888925 -0.999819119055 0.00327536787813 0.0177619856079
1.0 1.137292739 1.31936010515 0.928976159243 -0.00635683891474 -0.999787394199 0.002948795989 0.0193923078145
1.03333333333 1.13280053158 1.31805940864 0.930361232489 -0.00691580271812 -0.999748509357 0.00271907054092 0.0211588366114
1.06666666667 1.13257304851 1.31480312026 0.931345995666 -0.00763880823477 -0.999683485909 0.00162947484525 0.023914878664
1.1 1.1313616206 1.3105380149 0.931525737533 -0.00889740968361 -0.999607805581 0.000634235698324 0.026545599782
1.13333333333 1.12346088648 1.30858830342 0.934006415535 -0.0100864990912 -0.999458828303 0.00020631076667 0.0313092717787
1.16666666667 1.12431226602 1.3098599119 0.935516598151 -0.00989308796576 -0.999346254443 0.00067795793405 0.0347668076432
1.2 1.12374034329 1.31199691012 0.938673476188 -0.0096309792459 -0.999226533798 0.000692300095077 0.0381195371713
1.23333333333 1.12149197783 1.3124628188 0.94098215177 -0.00957757712314 -0.999091418287 0.000261896406677 0.0415275731572
1.26666666667 1.12178406455 1.31233189241 0.941193795493 -0.00952099219927 -0.998929212832 5.86310844907e-05 0.0452744411392
1.3 1.12112493469 1.31145569835 0.941461789942 -0.0100079687158 -0.998762603694 5.76273381942e-05 0.0487144609241
1.33333333333 1.11872048619 1.3118799833 0.942677886548 -0.0113724618787 -0.998594509679 0.000140386148806 0.0517653614082
1.36666666667 1.11395313216 1.31055166009 0.943451348403 -0.0129140096579 -0.998212996167 -0.000935398232462 0.0583366751559
1.4 1.11360524333 1.31058113644 0.944694579515 -0.0132658146139 -0.997995457659 -0.00111777350022 0.061869501664
1.43333333333 1.11205168529 1.31088920978 0.946114339324 -0.0137938977108 -0.997774910932 -0.00136225439427 0.0652157938174
1.46666666667 1.11091168788 1.30986245957 0.945998270898 -0.0143288240778 -0.99752624429 -0.00171483321388 0.0687977913924
1.5 1.10918535101 1.30893349544 0.9473497257 -0.0157355518429 -0.997257045895 -0.00192013504186 0.0722986161818
1.53333333333 1.10725420789 1.30839371411 0.948435000488 -0.0167648350906 -0.997001825583 -0.00224718795406 0.0755066237777
1.56666666667 1.10580732218 1.30645360377 0.948903144764 -0.0175574462117 -0.99672152066 -0.00325960371732 0.0789133785771
1.6 1.10773850058 1.30510032989 0.947063637911 -0.0184498476618 -0.996356320926 -0.003743304162 0.0831845691579
1.63333333333 1.1041048415 1.30757540337 0.950084665871 -0.0191093249771 -0.996099598517 -0.00314255140387 0.0860845392792
1.66666666667 1.10748794084 1.30547482763 0.952272323767 -0.0194178472057 -0.995746479063 -0.00414740956474 0.0899705264947
1.7 1.1078790182 1.30226808482 0.951598789459 -0.0199862748294 -0.995387974053 -0.00513991947604 0.0936851704198
1.73333333333 1.10790297636 1.30395612115 0.951726039324 -0.0204383338528 -0.99503527953 -0.00426952325162 0.0973079553382
1.76666666667 1.10813956401 1.30732876974 0.953093891349 -0.0208744630338 -0.994679349963 -0.00356588538139 0.100819303764
1.8 1.1079550884 1.30665860739 0.95299604823 -0.0216493677492 -0.994255421376 -0.00426431702445 0.104734318828
1.83333333333 1.10390630654 1.30386893722 0.953950471486 -0.0218831937257 -0.993917625535 -0.00491436596549 0.107818034159
1.86666666667 1.10289266137 1.304437025 0.954676850599 -0.0226910557796 -0.993515948393 -0.00462843150009 0.111309271393
1.9 1.1028017758 1.30649258363 0.956762952875 -0.0235355047713 -0.9930823742 -0.00450040789794 0.114948790328
1.93333333333 1.09957851111 1.3054487971 0.956448856797 -0.0251149286168 -0.992621189388 -0.00541016852107 0.118503775532
1.96666666667 1.09609758792 1.30292126505 0.956505109055 -0.0266568590992 -0.992148544424 -0.00592916143488 0.122047215068
2.0 1.09348991309 1.30684144656 0.958974753032 -0.0278155026933 -0.991650949138 -0.00508276934279 0.125812790839
2.03333333333 1.09429057334 1.30929540964 0.960605254767 -0.0284384943911 -0.991051800778 -0.00503274773638 0.130315968562
2.06666666667 1.09135737205 1.30747346233 0.959953332832 -0.0294790647546 -0.990506261788 -0.00569958691841 0.134148592273
2.1 1.09030862353 1.30582821365 0.956921628491 -0.0310664849489 -0.989893580087 -0.00573142560056 0.13824877712
2.13333333333 1.08636978005 1.30777402565 0.961603627296 -0.0313966799876 -0.98940885306 -0.00529987645142 0.141620200823
2.16666666667 1.08314617838 1.3075909511 0.962492152971 -0.0317683026989 -0.988842489337 -0.00596031201883 0.145415889454
2.2 1.08538169012 1.31091397967 0.964140807986 -0.0317265514277 -0.988218999373 -0.00566344455332 0.149614707193
2.23333333333 1.08542272099 1.31229337497 0.966199591294 -0.032628508644 -0.98762833628 -0.00669570399849 0.153234517482
2.26666666667 1.0838670167 1.31192294607 0.963904641653 -0.0340053641967 -0.986950710487 -0.00806659596895 0.157184160474
2.3 1.08121683319 1.30788278804 0.96341129432 -0.034494244462 -0.986316080721 -0.00963543143527 0.160928227702
2.33333333333 1.07902884063 1.30725555057 0.964622317905 -0.0357767095598 -0.985696691396 -0.0104190906579 0.164357847922
2.36666666667 1.06993309977 1.30844709142 0.969594763694 -0.0363680571748 -0.985368852437 -0.0110050463521 0.166145953968
2.4 1.06831583954 1.30827310547 0.970446551749 -0.0373390999233 -0.98476108401 -0.0114667057161 0.169469506685
2.43333333333 1.06471683182 1.31047814477 0.973695372491 -0.0387383380985 -0.984213241802 -0.0110563880471 0.172340918261
2.46666666667 1.06426633761 1.31209572337 0.976212007735 -0.0405024854696 -0.983479566374 -0.0109000589669 0.176092816178
2.5 1.05433815619 1.31589750822 0.983419812966 -0.0415081799162 -0.983042046626 -0.0110423735982 0.178279195505
2.53333333333 1.05445629527 1.31785488071 0.987136729293 -0.041980801612 -0.982245421064 -0.0111819493163 0.182500709873
2.56666666667 1.05601549065 1.31658735667 0.985487473513 -0.0432557487366 -0.981250923632 -0.0114908202974 0.187466066588
2.6 1.05524261266 1.31692347556 0.987957770627 -0.0438115619058 -0.980423747924 -0.0112298259636 0.191634319888
2.63333333333 1.0531935015 1.31638716257 0.988589568034 -0.0448759584669 -0.97954864593 -0.0115545319771 0.195798599072
2.66666666667 1.04264511027 1.31879876464 0.993795999037 -0.0448010286309 -0.979050976631 -0.0112869740364 0.198304455846
2.7 1.04621561092 1.31655683956 0.985490362253 -0.0458386232659 -0.977797884258 -0.0118922655932 0.204129106636
2.73333333333 1.04424970864 1.31570076072 0.98818288712 -0.0460403422574 -0.976818790302 -0.0126364156168 0.208675966027
2.76666666667 1.04304164049 1.31647395765 0.990581620448 -0.0463261550684 -0.975853904341 -0.0134093099664 0.213033413215
2.8 1.03674193503 1.31443282297 0.995705043404 -0.0461700446948 -0.975178015776 -0.0150803249969 0.216029507981
2.83333333333 1.0422331156 1.31353233978 0.987256463258 -0.0466026622328 -0.973928024377 -0.0158586304349 0.22145179847
2.86666666667 1.04177133018 1.3134382714 0.985715654957 -0.0459772140182 -0.973039583541 -0.0154850515404 0.22547788768
2.9 1.04195391573 1.31436101455 0.988180711885 -0.0451215121574 -0.972225806764 -0.0149983041273 0.229163872974
2.93333333333 1.04078832 1.31394785201 0.988141544597 -0.0445961246099 -0.97138494932 -0.0149023095958 0.232809765844
2.96666666667 1.04088023791 1.31391263376 0.987633028063 -0.0455357114805 -0.970339493787 -0.0141610789701 0.236996264991
3.0 1.04154937224 1.31389278343 0.987709154693 -0.0461942762095 -0.969347266644 -0.014027233716 0.2409049651
3.03333333333 1.03931808831 1.31355096485 0.988026477269 -0.0468323690276 -0.968500187711 -0.0141038336268 0.244162236008
3.06666666667 1.03717511438 1.31333100678 0.987546569846 -0.0482360286452 -0.967638645471 -0.0137499182808 0.247304826235
3.1 1.03553239816 1.31274058863 0.987872893067 -0.0492102556903 -0.966775949107 -0.0130510439203 0.250504062274
3.13333333333 1.03362173926 1.31255429385 0.987241091376 -0.0486803863709 -0.965872490845 -0.0121636209175 0.254111388445
3.16666666667 1.03263387027 1.31248267709 0.988367730168 -0.0485341327072 -0.964730244876 -0.0114078084835 0.258476023046
3.2 1.0314626424 1.31220160096 0.987940053982 -0.0480607095148 -0.96358600241 -0.011019824602 0.262813142034
3.23333333333 1.03079569654 1.31227351291 0.98855097433 -0.0482927961515 -0.962528070912 -0.0112843121704 0.266608669862
3.26666666667 1.02917700327 1.3113336836 0.985588024217 -0.0485798997207 -0.96149265054 -0.0115733011569 0.270255314474
3.3 1.02748565921 1.31033952286 0.986866448089 -0.0464820549039 -0.960716975282 -0.0116164142096 0.273363075226
3.33333333333 1.02542919018 1.30961589158 0.984921575395 -0.0461557428382 -0.959741671907 -0.0119041947124 0.276810152914
3.36666666667 1.02316682044 1.30947457108 0.983241285669 -0.0453814834177 -0.958989401916 -0.0119478213417 0.27953013709
3.4 1.02240752563 1.3096437906 0.983404237055 -0.0441026884222 -0.958320806105 -0.011703699126 0.282026964823
3.43333333333 1.02131403914 1.30895248048 0.98174058349 -0.0444858721329 -0.957704774558 -0.0120958876486 0.284035669363
3.46666666667 1.01947026111 1.3078636675 0.980364670897 -0.0443691776677 -0.957255403619 -0.0121653590846 0.285561678721
3.5 1.01793642728 1.30734525086 0.979701405753 -0.0432683971688 -0.95680870881 -0.0118317839283 0.287236748068
3.53333333333 1.01662197046 1.30715349058 0.979361106329 -0.0421125809156 -0.956458956227 -0.0116450239796 0.28857787337
3.56666666667 1.01571477549 1.30666589198 0.978624051251 -0.0421573452124 -0.955921740345 -0.0119258247978 0.290334564395
3.6 1.01473237774 1.30701452464 0.97978043642 -0.0415724830416 -0.955550202195 -0.0117635844881 0.291645603121
3.63333333333 1.0127068247 1.3081737802 0.980483254457 -0.0415650840701 -0.95483908681 -0.012673932482 0.293928619773
3.66666666667 1.01031898318 1.30814391857 0.978504051623 -0.0423464317639 -0.954564101867 -0.0131405367482 0.29468878743
3.7 1.00649802008 1.30596028355 0.9754422661 -0.0413311507069 -0.954282803826 -0.0131578888569 0.29574133337
3.73333333333 1.00338878522 1.30740722849 0.975289942014 -0.0413139677855 -0.954007955154 -0.0130511243052 0.296633858018
3.76666666667 1.00399420595 1.30806314991 0.973239606499 -0.0418239051293 -0.953586553174 -0.0139269487232 0.297874951388
3.8 1.00067777858 1.30885974591 0.972409840934 -0.0416302243976 -0.953234809505 -0.0147454286557 0.298986445678
3.83333333333 0.993137983881 1.3057151287 0.969685900849 -0.0416723151261 -0.952864448691 -0.0162335825346 0.300082041068
3.86666666667 0.987279371552 1.31485186429 0.969214793264 -0.0423281021321 -0.952303155005 -0.0156622804529 0.301797491223
3.9 0.961309285587 1.30830360403 0.976306083306 -0.0430406714099 -0.952714195546 -0.0184265838998 0.300239276605
3.93333333333 0.952728844693 1.30964156493 0.976329565445 -0.0443743387056 -0.952201434723 -0.0205706565899 0.301529756182
3.96666666667 0.94525489039 1.31236091162 0.975034882497 -0.0459050432368 -0.951558009621 -0.0217102498039 0.303247005565
4.0 0.923860470592 1.3083047691 0.979242551325 -0.0462340870272 -0.951760234769 -0.0230036740917 0.302466024022
4.03333333333 0.918884716793 1.30961020259 0.976567418923 -0.0453884330881 -0.950963838266 -0.0230104220747 0.305087182504
4.06666666667 0.91232767656 1.30693593084 0.976706905049 -0.0448250932553 -0.950061756311 -0.0244458164122 0.307856739848
4.1 0.900951432557 1.30548885703 0.976178116618 -0.0448920224879 -0.949331917525 -0.0254168770542 0.310012256285
4.13333333333 0.894252179867 1.30433101826 0.973331842918 -0.0446682031818 -0.948331505535 -0.0251216636009 0.313115009624
4.16666666667 0.898367110449 1.30942951874 0.968184462187 -0.0442455641209 -0.946882721431 -0.0236688655522 0.317640089905
4.2 0.890248986902 1.30626213425 0.96763761906 -0.0447746463419 -0.946258144647 -0.0250266148066 0.319318686088
4.23333333333 0.884530576598 1.30387139545 0.963248736433 -0.0454164421369 -0.945462359953 -0.0259467625102 0.321504336224
4.26666666667 0.871938275143 1.30169685475 0.96122645067 -0.0455888240664 -0.945018966875 -0.0265862349372 0.322728962875
4.3 0.856534384993 1.29927024803 0.959279015587 -0.0463573074169 -0.944651038159 -0.0259677851698 0.323745409677
4.33333333333 0.864110119353 1.30946836397 0.958916894517 -0.046151397209 -0.943271967598 -0.022839184851 0.328003681861
4.36666666667 0.856454443369 1.30861813422 0.951766966387 -0.044653133265 -0.942665663833 -0.0223043339232 0.329984939972
4.4 0.847027302008 1.30661352498 0.947943545776 -0.0441746642134 -0.942218515393 -0.0225177402896 0.331309250799
4.43333333333 0.83835549567 1.30580469152 0.943783375727 -0.0441039441844 -0.941771211095 -0.0219397621587 0.332626629866
4.46666666667 0.830338552133 1.30251114221 0.942702426456 -0.0430450929761 -0.94139869017 -0.0221866402374 0.333801406695
4.5 0.823624749529 1.30023259751 0.939156081838 -0.0422495722366 -0.940676733382 -0.0237849730398 0.335822173147
4.53333333333 0.811814284612 1.29577510477 0.933312507787 -0.043707724819 -0.940227387671 -0.0244254131085 0.336846394457
4.56666666667 0.80792346245 1.29275903644 0.929691222332 -0.0427976932949 -0.939880856928 -0.0223657410222 0.338071155022
4.6 0.801679245694 1.29567095984 0.928513269146 -0.0401561415167 -0.940015539599 -0.0207342183546 0.338124772533
4.63333333333 0.797746006756 1.29440374195 0.92293395895 -0.0403470022469 -0.939896934509 -0.0209388479895 0.338419025108
4.66666666667 0.788455923554 1.29250274394 0.919451576702 -0.04062755235 -0.940076534869 -0.0208395684828 0.337892324513
4.7 0.781825649038 1.29111377083 0.914880200905 -0.0405655129799 -0.940182903578 -0.020558317024 0.337620945112
4.73333333333 0.770674417787 1.29013283424 0.910959162904 -0.0400734982352 -0.940528108674 -0.0201177759406 0.336743621504
4.76666666667 0.762081361419 1.28809241809 0.907035394654 -0.0394039546855 -0.940542348072 -0.0197661602581 0.33680367983
4.8 0.755929889667 1.28840334973 0.903448752443 -0.0379447681495 -0.940531136227 -0.0193134382875 0.337028733877
4.83333333333 0.749506032237 1.28741762225 0.898218746296 -0.0376069970234 -0.940476657387 -0.0200574122354 0.33717513387
4.86666666667 0.741544401588 1.28546560628 0.893309144259 -0.0381281579887 -0.9404669839 -0.0206151416477 0.337109940076
4.9 0.733467997231 1.28320408797 0.887920634722 -0.0379427135656 -0.940676693606 -0.020115966013 0.336575484112
4.93333333333 0.734105758191 1.28112602169 0.882357326775 -0.0371032925015 -0.94036493856 -0.0195681084311 0.337571054958
4.96666666667 0.728274030772 1.28275977787 0.878914173222 -0.0364583550734 -0.940570527848 -0.0194494185571 0.33707505189
5.0 0.721421130797 1.281659851 0.874155180037 -0.0374627273477 -0.940897908562 -0.0201809332758 0.336006547042
5.03333333333 0.720514893306 1.28061007139 0.866408090333 -0.0387703978381 -0.940824836385 -0.0201186841956 0.336066544062
5.06666666667 0.706442389 1.27906578356 0.859946745567 -0.039986281569 -0.941288708336 -0.0202623096688 0.334613364425
5.1 0.699872152933 1.27745139424 0.855145269588 -0.0415440028965 -0.941340808812 -0.0199013049614 0.334298542548
5.13333333333 0.693340926772 1.27473924049 0.850801663887 -0.041564711454 -0.941330104922 -0.0195262641756 0.334348221674
5.16666666667 0.689787452752 1.27486787398 0.847292665027 -0.0405368899351 -0.94138313151 -0.0191304280677 0.334348002813
5.2 0.682889503519 1.27542141193 0.842883514993 -0.0389958081549 -0.941764697953 -0.0193410722615 0.333443403833
5.23333333333 0.677360744827 1.27125392087 0.837266619286 -0.0380725314784 -0.941732139142 -0.0195626485038 0.333629080324
5.26666666667 0.673078487071 1.26982246727 0.832493328809 -0.0369378411086 -0.941853809422 -0.0191783783653 0.333435432094
5.3 0.664630826721 1.27267291588 0.827392530831 -0.0344343451662 -0.942410790235 -0.0184123451249 0.332170383793
5.33333333333 0.649639238092 1.26704777117 0.816482881404 -0.0325559601116 -0.943177202665 -0.017693444209 0.330217830934
5.36666666667 0.65083509185 1.26539627991 0.808778734203 -0.0312252473594 -0.943120448707 -0.0168845857334 0.330550622329
5.4 0.643879926154 1.26242803864 0.802750741578 -0.030578782215 -0.943811175082 -0.0165906268701 0.328648984433
5.43333333333 0.642508034295 1.25906908443 0.79497317969 -0.0300009435502 -0.944314554846 -0.0164799457636 0.32725888266
5.46666666667 0.635749634469 1.25810399795 0.788936730207 -0.0287484105789 -0.945153438346 -0.0161345735956 0.324958739544
5.5 0.637490057666 1.26304896329 0.778982831436 -0.0268766575917 -0.945370397799 -0.0144292879498 0.324567792443
5.53333333333 0.645118560961 1.26782400945 0.764778261458 -0.0250506425376 -0.945145756417 -0.0123988591705 0.325450814604
5.56666666667 0.641123930183 1.26651479532 0.758019466034 -0.0227781014012 -0.945852229609 -0.0110481448087 0.32360880139
5.6 0.635625640528 1.26304264949 0.749908122871 -0.0220628491146 -0.946652060924 -0.0108345689873 0.321318717711
5.63333333333 0.63591893295 1.26445805823 0.737488190774 -0.021066189063 -0.947055379202 -0.00968379599691 0.320232022912
5.66666666667 0.631390981038 1.26279782756 0.730238386112 -0.0197324330457 -0.947820030265 -0.00889459771996 0.318070286959
5.7 0.593440328359 1.24562525134 0.726517961504 -0.0196957354081 -0.95026731784 -0.0119876705509 0.310580743778
5.73333333333 0.589181125579 1.24466816567 0.717096016035 -0.0194859436005 -0.950680524587 -0.0103449542748 0.30938619894
5.76666666667 0.577041626544 1.25715261002 0.715256257193 -0.0199231217635 -0.951719189679 -0.00602715381075 0.306263492165
5.8 0.567189295792 1.25228696634 0.707356732349 -0.0207731826195 -0.952462095306 -0.0066971210445 0.30387428397
5.83333333333 0.558046159836 1.25111815595 0.698857366741 -0.0212987294997 -0.953092593982 -0.0062403095497 0.301864091862
5.86666666667 0.549951661008 1.2466163073 0.689588692183 -0.0210316510162 -0.953584243478 -0.00542246999664 0.300342066759
5.9 0.545327677198 1.24673457034 0.682210860413 -0.0190290080942 -0.954030865487 -0.0036506071875 0.299081389619
5.93333333333 0.551172986429 1.24467042535 0.666670855004 -0.0164809756572 -0.953799319489 -0.00377363405424 0.299968323777
5.96666666667 0.516557440941 1.253223585 0.67045095458 -0.0172742685399 -0.956089719219 -0.00255124139279 0.292553481637
6.0 0.512757440906 1.24929419644 0.661029222462 -0.016595368135 -0.956743019255 -0.00296139645458 0.290445552548
6.03333333333 0.505791376414 1.23869548423 0.650163887346 -0.0165323321702 -0.9575629214 -0.00442624903496 0.287715731014
6.06666666667 0.500345307629 1.2378802338 0.643196514659 -0.01606158305 -0.958561346935 -0.00422449296365 0.284401693686
6.1 0.491055980395 1.23528859365 0.636347007071 -0.0158892831304 -0.959800992578 -0.00425049496462 0.280199069626
6.13333333333 0.48339284893 1.23577307004 0.630376620707 -0.0147593513977 -0.960940890591 -0.00324530907997 0.276340793778
6.16666666667 0.477578619003 1.24085839827 0.625288860019 -0.0140055393016 -0.961916784541 -0.00181203818293 0.272977400173
6.2 0.470509256739 1.23945800096 0.61670818651 -0.0137877123429 -0.962730536971 -0.00235440791063 0.270100479333
6.23333333333 0.463886030151 1.23813156043 0.610065527993 -0.0127183616684 -0.963506736832 -0.0020506596186 0.267373907014
6.26666666667 0.458478414722 1.23733893674 0.603912168372 -0.0124470165405 -0.964124385628 -0.00143859879691 0.265154994768
6.3 0.454069847441 1.23688028863 0.597640565532 -0.0121683329482 -0.964740573587 -0.00108988390164 0.262918940935
6.33333333333 0.449756677856 1.23287651199 0.590368942478 -0.012960966915 -0.96529395429 -0.00152026539045 0.260839575106
6.36666666667 0.446158576293 1.23090798454 0.583209053117 -0.0123674397467 -0.965721383048 -0.00145121126079 0.25928199078
6.4 0.429568021178 1.23279410223 0.582124790714 -0.011934019036 -0.966815378589 -0.00024988449262 0.255197062034
6.43333333333 0.432019719982 1.22822066113 0.564402674925 -0.0118518987276 -0.966938677965 0.00120404128298 0.25473059462
6.46666666667 0.4264754753 1.22755163787 0.557337386141 -0.0118915022841 -0.967403758403 0.0015539257461 0.252954829398
6.5 0.41589941744 1.22651668483 0.541103010649 -0.0118887599401 -0.968009494118 0.00292900826174 0.250614639628
6.53333333333 0.410333918178 1.22020594574 0.533381901602 -0.0106292631788 -0.968276116288 0.00224545102087 0.249646428656
6.56666666667 0.405654983049 1.22151908028 0.525025987459 -0.0108632276694 -0.968526819197 0.00233672438257 0.248661075561
6.6 0.432980996005 1.23130887654 0.507276289951 -0.0113675810543 -0.96703868535 0.00498315396591 0.254326812024
6.63333333333 0.43143270643 1.23017880833 0.498030137187 -0.0106868052236 -0.96708889749 0.00531020356802 0.254158726555
6.66666666667 0.428873984712 1.22949970956 0.487861017923 -0.0103079763091 -0.96707520151 0.00504842218474 0.254231810916
6.7 0.425874219354 1.22979946139 0.477091054993 -0.0100853011973 -0.96689490299 0.00582354667251 0.25490904177
6.73333333333 0.425767233586 1.22932462623 0.467106758027 -0.00991521572503 -0.966425791938 0.00657111039089 0.256670406715
6.76666666667 0.425509635836 1.22915757707 0.456597727575 -0.00979844480315 -0.965928404246 0.00707560566267 0.258527066581
6.8 0.425375597197 1.22757490379 0.446283950914 -0.0105550879181 -0.965460542673 0.00657698004858 0.260252327547
6.83333333333 0.424322448178 1.22098579436 0.433861639116 -0.012455223102 -0.965023618255 0.00482550414684 0.261822455372
6.86666666667 0.421723579615 1.21914787199 0.422171472831 -0.0137981804506 -0.9647068193 0.00441423573659 0.262927513842
6.9 0.421640625504 1.2182300641 0.410946126208 -0.0145909931922 -0.964319211428 0.00487224176003 0.264294953885
6.93333333333 0.419448333336 1.21536845083 0.400212750587 -0.0155132489942 -0.964194013239 0.00529321821941 0.264690811665
6.96666666667 0.418013269425 1.21355060896 0.389417932982 -0.0162791039108 -0.964168453913 0.00602196261103 0.264722343637
7.0 0.416185376169 1.2117535087 0.377819587635 -0.0165788674943 -0.964113515274 0.00620047860957 0.264899650592
7.03333333333 0.414058827026 1.21238651757 0.36948315274 -0.0172267470436 -0.963871801144 0.00751320483347 0.265702732202
7.06666666667 0.413824021568 1.21026400361 0.357709630544 -0.0179489201889 -0.963377168098 0.00838161829153 0.267417308203
7.1 0.413711138967 1.20776616651 0.346388671267 -0.0186687314471 -0.962843675966 0.00911940027315 0.26925892865
7.13333333333 0.413474936713 1.20605926119 0.335941600108 -0.019591670219 -0.962357506487 0.00962369449706 0.270908805082
7.16666666667 0.411874408829 1.20213036594 0.324081943077 -0.0201746739517 -0.961984154879 0.0092909716703 0.272200562341
7.2 0.40348844761 1.19815392812 0.31487440251 -0.019107724782 -0.962194898604 0.00959560070806 0.271521263259
7.23333333333 0.403338178652 1.19638999386 0.304897762946 -0.0183331502695 -0.961737311822 0.0110397936441 0.273136159464
7.26666666667 0.403213731851 1.1948380924 0.295080595504 -0.0175472705963 -0.961165808322 0.0118994018879 0.275155931142
7.3 0.404004320605 1.19388537651 0.285418266586 -0.0169243521581 -0.960579276226 0.0126787043303 0.277200777139
7.33333333333 0.405351396995 1.19303185151 0.276628663841 -0.0164231571376 -0.960071265014 0.0125617366477 0.278990409827
7.36666666667 0.402995628258 1.19025233397 0.266473897235 -0.0166711946044 -0.959898465826 0.0114442275158 0.2796176608
7.4 0.402788887949 1.18889959984 0.256991261623 -0.0162256923638 -0.959692994085 0.0116733205387 0.280338755079
7.43333333333 0.402498420239 1.18744900866 0.248060610138 -0.0162788643212 -0.9595648114 0.0115463999901 0.280779365242
7.46666666667 0.40413360716 1.1881933387 0.238286748352 -0.0165950555553 -0.959361828729 0.0110231092518 0.281474646765
7.5 0.402826038422 1.18651732922 0.22813354435 -0.0171737090838 -0.959578830478 0.010013858342 0.280736984483
7.53333333333 0.395071411204 1.18458962028 0.209384755552 -0.0169726762947 -0.960511370741 0.00948229242784 0.277560661958
7.56666666667 0.393924891959 1.18275883005 0.200009167176 -0.0169589646691 -0.960582158006 0.00980733424919 0.277305116133
7.6 0.398008900712 1.18349806354 0.19182462549 -0.0173346778846 -0.960292921669 0.0106202524399 0.278252086737
7.63333333333 0.393780549668 1.18157055769 0.182935797244 -0.018490772877 -0.96068358824 0.0101652346023 0.276842559246
7.66666666667 0.392525045153 1.18049634245 0.173776441413 -0.0194215796674 -0.960930134001 0.0108125870001 0.27589702386
7.7 0.392043656962 1.18082468004 0.154400009124 -0.0188337921577 -0.961087213005 0.0101756139718 0.275414440709
7.73333333333 0.391074993366 1.17769095419 0.143380859821 -0.0181633191522 -0.961351770079 0.00896811300918 0.274576839798
7.76666666667 0.389032152255 1.17544306041 0.132335699994 -0.0171829983092 -0.961921794979 0.00952550510141 0.272617808784
7.8 0.387408682805 1.17322254216 0.122948104456 -0.0159365415821 -0.962590306362 0.0109019678263 0.270272225427
7.83333333333 0.385978102303 1.1715188059 0.114227684274 -0.0151752733212 -0.963301870459 0.0128001040309 0.267685215852
7.86666666667 0.383476538953 1.1706063642 0.104376414063 -0.0141973610016 -0.963911627409 0.0147738147015 0.26543274833
7.9 0.380550622842 1.1671519766 0.0935812769344 -0.0122582219838 -0.964373455834 0.0153557985591 0.263813898662
7.93333333333 0.378379742015 1.1656899427 0.0836686740516 -0.0111168586875 -0.964672088046 0.0161146309499 0.262725135204
7.96666666667 0.374016782113 1.16555655397 0.0746544083124 -0.010059584015 -0.965080123178 0.0168415970706 0.26121929719
8.0 0.372992828076 1.16446495905 0.0661326988348 -0.009024753321 -0.96512198899 0.0169046036116 0.261098323571
8.03333333333 0.371433688063 1.16274597656 0.0576983336453 -0.00892077157918 -0.965221963689 0.0154495958652 0.260822335383
8.06666666667 0.36860652091 1.16116113577 0.0471328079405 -0.0101987358725 -0.965468699772 0.0133568260568 0.259976481136
8.1 0.355434470412 1.15600130392 0.0353315993525 -0.00990330729206 -0.966468207761 0.010902006268 0.256363558549
8.13333333333 0.35310279644 1.15323864377 0.0247453444678 -0.00989991439198 -0.966776582536 0.0106301752258 0.255209777496
8.16666666667 0.353494920973 1.15831881814 0.0157759595544 -0.00931907570421 -0.966971018624 0.0124290072387 0.254412507061
8.2 0.348185840234 1.14625290774 0.000420297885593 -0.0103877186408 -0.967312669414 0.00913720165861 0.253209017293
8.23333333333 0.353737105235 1.15299721148 -0.00876617131106 -0.01007406007 -0.96709841303 0.0119743388787 0.253920830253
8.26666666667 0.352651293566 1.14788238705 -0.0181390858247 -0.0106626933501 -0.967384405405 0.0115683084178 0.252823838649
8.3 0.34946614604 1.14673127696 -0.0278944649855 -0.0104896691015 -0.967747413794 0.0117021154329 0.25143184053
8.33333333333 0.347526521155 1.14512279908 -0.0376792195294 -0.0101526595129 -0.96796015973 0.012438809953 0.250589961267
8.36666666667 0.346855859205 1.14380885607 -0.0461951078893 -0.00976629234511 -0.968314191237 0.0134200791721 0.249182961009
8.4 0.344937779643 1.14239439472 -0.0551549043676 -0.00958105706374 -0.968824784037 0.0139864855498 0.24716617771
8.43333333333 0.343374532741 1.14093818507 -0.063609837784 -0.00914256216379 -0.969302100599 0.0147775497925 0.245257977144
8.46666666667 0.340936077587 1.13873117471 -0.0721579462348 -0.00977398427953 -0.969875373767 0.0154437714855 0.242915043818
8.5 0.337998743184 1.13555399769 -0.0797120302281 -0.00897499549684 -0.970505375107 0.0149993565158 0.240444974261
8.53333333333 0.340075898321 1.13661232361 -0.08760274807 -0.00775566366648 -0.970757187324 0.0152546671833 0.239452767928
8.56666666667 0.339599157462 1.13477743401 -0.0956255946498 -0.00624519534562 -0.971251135638 0.0135359481552 0.237589998032
8.6 0.338206895126 1.13221146336 -0.104413506873 -0.00547950038025 -0.971744877291 0.0119196045808 0.235668817541
8.63333333333 0.337718744009 1.1308923783 -0.111728278062 -0.00393003363383 -0.972128486664 0.0110965363728 0.234152999408
8.66666666667 0.33907772886 1.12997894541 -0.118652109325 -0.00261205061039 -0.972447110936 0.00955867457247 0.232912913691
8.7 0.340137303618 1.12860092441 -0.127593961359 -0.00253543023558 -0.972826638153 0.00779356547371 0.231389636827
8.73333333333 0.338639272234 1.12698022955 -0.135868195867 -0.00271476246032 -0.973393788161 0.00659798711073 0.229027574325
8.76666666667 0.337800876369 1.12558362372 -0.144597494203 -0.0027107840559 -0.973843319499 0.00590244285463 0.227127721523
8.8 0.338260776026 1.12493730679 -0.151951638908 -0.00204160339487 -0.974405601204 0.00580988769142 0.224712708591
8.83333333333 0.33827392564 1.12465784869 -0.158734810124 -0.00157115666949 -0.975005542165 0.00534906272659 0.222110584488
8.86666666667 0.336631219617 1.12350479709 -0.16617830899 -0.00151338346173 -0.975544741165 0.0043611338655 0.219752470221
8.9 0.336132042099 1.12238866315 -0.173989010655 -0.000968229157291 -0.975893310971 0.00339960678326 0.218219501439
8.93333333333 0.332886706046 1.12111871743 -0.181646539368 -4.35397713182e-05 -0.976470847682 0.00250833194773 0.215634853402
8.96666666667 0.334326170989 1.12133059868 -0.190731403433 0.000821217567535 -0.976670847769 0.00251691551202 0.214725512821
9.0 0.335122382841 1.11927091862 -0.198953920323 0.0014533508768 -0.976887538823 0.00173800720669 0.21374190884
9.03333333333 0.333781271893 1.11753254182 -0.20769537 0.00202316111066 -0.977278945904 0.00138436252922 0.211943040111
9.06666666667 0.334706175376 1.11521545406 -0.21575487533 0.00216711590936 -0.977566618296 0.00142114939664 0.210610519055
9.1 0.338991484618 1.11520743218 -0.223977006361 0.00179841286982 -0.977545268841 0.0022120381823 0.210706240927
9.13333333333 0.338684293962 1.11257694385 -0.234525344632 0.00160496852238 -0.9778031735 0.00231059328174 0.209506656525
9.16666666667 0.338334950067 1.10988684262 -0.242808718475 0.00147048258169 -0.978051178499 0.00330492355307 0.20833340442
9.2 0.340632690153 1.11047993286 -0.250251107178 0.0010453078138 -0.978038444234 0.00396169752323 0.208384293759
9.23333333333 0.339407416108 1.10828378031 -0.260366769478 0.000397172125689 -0.978074762456 0.00391663418986 0.208216861174
9.26666666667 0.341659919028 1.1076370105 -0.268466656584 0.00072484621954 -0.977974063607 0.00522814164686 0.20865970393
9.3 0.343675518852 1.10775204868 -0.276913278621 0.00121322282887 -0.978010303105 0.00530724401347 0.20848551094
9.33333333333 0.344129189177 1.10613554609 -0.286571305769 0.00124514523649 -0.978057328478 0.00496377621454 0.208273072549
9.36666666667 0.345396269107 1.10222581208 -0.295550920961 0.00107030616555 -0.978048597544 0.00416791622486 0.208332483691
9.4 0.3468937893 1.10111499527 -0.303538610634 0.000971669319516 -0.977978783294 0.00417475940458 0.208660314072
9.43333333333 0.344100214084 1.09439202646 -0.314108022412 0.00107819431471 -0.978143626459 0.00164033559655 0.207921121617
9.46666666667 0.342176249508 1.0894285311 -0.324590406665 0.00121281817498 -0.978405245278 0.000426488284997 0.206691855649
9.5 0.344945681767 1.08860542647 -0.332363623163 0.000624275483417 -0.978459544256 0.00097199182735 0.206435427597
9.53333333333 0.346859777276 1.0813460136 -0.345384767423 -0.00220742274758 -0.978234939992 -0.000132857843906 0.207488582365
9.56666666667 0.348329780141 1.07781192344 -0.353863702724 -0.00238823249622 -0.978088977252 0.00234744642607 0.208160367069
9.6 0.352524493314 1.07449795791 -0.360949364923 -0.00271028107942 -0.977873390993 0.00372598089216 0.209146844659
9.63333333333 0.355337249645 1.07612098124 -0.367242011683 -0.00282828449487 -0.977963013785 0.00485053593422 0.208702699493
9.66666666667 0.355800664494 1.07542226483 -0.37546650737 -0.00243411644446 -0.978149434383 0.00413601566715 0.207847666494
9.7 0.357373841405 1.07300928341 -0.383750922984 -0.00229893390186 -0.978222445705 0.00358512934255 0.207515561992
9.73333333333 0.358700657624 1.07042012515 -0.391600017473 -0.00248055806393 -0.978296759325 0.00326643329078 0.207168115162
9.76666666667 0.359272960311 1.06849769677 -0.397664715764 -0.00233690956932 -0.978457016262 0.00276803779921 0.206418856089
9.8 0.363346368845 1.06874478802 -0.404268226493 -0.00145158954773 -0.978362655925 0.00238611414592 0.206878497768
9.83333333333 0.362828903846 1.06647372051 -0.411669786097 -0.000563189913816 -0.978622927067 0.000361535314428 0.205661660814
9.86666666667 0.363939406341 1.06582645 -0.418848659631 0.00131338713777 -0.978844449253 -0.000816661523081 0.204599981047
9.9 0.366466580292 1.06536103763 -0.425796410253 0.00340356601439 -0.979033236163 -0.00253076318749 0.203656410319
9.93333333333 0.366498267405 1.06791700086 -0.433169434912 0.0050769445204 -0.979567871939 -0.00383651335466 0.201013158931
9.96666666667 0.370345434952 1.07072840038 -0.440428812094 0.0058974456946 -0.97987931012 -0.00446108458055 0.199453895566
10.0 0.373903818966 1.07152924244 -0.448517115354 0.00695744067829 -0.980177483666 -0.00640448088325 0.197895621876
10.0333333333 0.369611358835 1.06479962961 -0.458348189695 0.00750261900168 -0.980931217167 -0.0110649429146 0.193894881146
10.0666666667 0.370596961944 1.0666019528 -0.466189863018 0.00765496733195 -0.981345759215 -0.0116946893163 0.191742370351
10.1 0.376508990488 1.07136344642 -0.474452914972 0.00858413718945 -0.981502098611 -0.0115758660632 0.190908203949
10.1333333333 0.376857544793 1.07042263557 -0.483229480385 0.0091642438383 -0.982011920903 -0.0138062914154 0.188090377631
10.1666666667 0.376279673598 1.06929696686 -0.491751263849 0.00908779320868 -0.982575833259 -0.0147756923182 0.18505086551
10.2 0.377704745553 1.06838846787 -0.500059078023 0.00923633234046 -0.983130285604 -0.0155677359961 0.182008728609
10.2333333333 0.378336853887 1.06687391697 -0.508776876781 0.00981969669903 -0.983830287378 -0.0165167360915 0.178069471341
10.2666666667 0.378547377193 1.06624669177 -0.517863960615 0.0107923062011 -0.984502032265 -0.0167334296644 0.174239108483
10.3 0.378864560199 1.06550542597 -0.526419965845 0.011749213905 -0.985159500187 -0.0168424159287 0.170408474527
10.3333333333 0.37900119211 1.06301269941 -0.535659497034 0.0133712568612 -0.985734539739 -0.0170777780662 0.166904092675
10.3666666667 0.378919433248 1.0613343484 -0.544779990854 0.0155288351079 -0.986282602061 -0.0160464003956 0.163548149443
10.4 0.379318759623 1.06199091723 -0.552414248583 0.016982997205 -0.986795246206 -0.0145332256554 0.160422894948
10.4333333333 0.379111923579 1.06135200969 -0.561163747822 0.0180904282346 -0.987375013012 -0.0143312999799 0.156709712292
10.4666666667 0.37943627518 1.06015050172 -0.569687944379 0.0191210762702 -0.98790034775 -0.0137532623535 0.153291014519
10.5 0.379830923831 1.05929288486 -0.577186377313 0.0197810905735 -0.988379704216 -0.0140665558634 0.150054659227
10.5333333333 0.378400379233 1.0596469336 -0.58448293267 0.0195682680418 -0.988843342186 -0.0145269355676 0.146952018169
10.5666666667 0.377691964021 1.05900872378 -0.592690377423 0.0194111052632 -0.989139456923 -0.0158538040065 0.144827485819
10.6 0.377347400415 1.05744612487 -0.600971045593 0.0187508292328 -0.989323802306 -0.0174329244335 0.143467465785
10.6333333333 0.378561028415 1.05490401328 -0.610778931512 0.019356591702 -0.989471780382 -0.0183848622473 0.142242451562
10.6666666667 0.379908863108 1.05390699191 -0.619255355124 0.020477766309 -0.989806503923 -0.0178512906944 0.139803709889
10.7 0.379850124683 1.05233773645 -0.627875101054 0.022332450499 -0.990335490417 -0.0174349837881 0.135767814359
10.7333333333 0.378936056878 1.04894064 -0.636888224023 0.0238786986093 -0.990926327452 -0.0175377026741 0.131100153697
10.7666666667 0.378081203503 1.04832509287 -0.643565116642 0.0261114779955 -0.991551886285 -0.016332779641 0.126001142178
10.8 0.377742316083 1.04935447508 -0.649585584476 0.0281380450892 -0.9921050269 -0.0149251211235 0.121297595923
10.8333333333 0.376613562553 1.04925143234 -0.656032318878 0.0300868801958 -0.992596212234 -0.0150010095878 0.116715503726
10.8666666667 0.379971709308 1.04807294841 -0.664431814565 0.0312133479361 -0.992816225679 -0.0160342344547 0.114387815194
10.9 0.381519879947 1.04383232477 -0.682581365469 0.0356255043976 -0.993674603587 -0.0170411887766 0.105124704553
10.9333333333 0.382344662634 1.04295240987 -0.690042090849 0.0378086359449 -0.994157124938 -0.0163348294151 0.09977620624
10.9666666667 0.383813796241 1.04229875389 -0.697494496164 0.0392179739074 -0.994619221116 -0.0153424397107 0.0946528660541
11.0 0.38437197236 1.04270922227 -0.703944970542 0.0404623313442 -0.995100618326 -0.0140994290776 0.0890997488707
11.0333333333 0.384411777687 1.04245299303 -0.710410809245 0.0415434962766 -0.995553643921 -0.0135082619869 0.083454220085
11.0666666667 0.385005993765 1.04104663289 -0.71766872258 0.0421987451883 -0.995978020471 -0.0134190741586 0.0778908023603
11.1 0.38527312962 1.03969367848 -0.724634312391 0.0430524020476 -0.996363869595 -0.0130275536592 0.0723589171428
11.1333333333 0.385339255159 1.03956914685 -0.730216032143 0.0441981178721 -0.99669807159 -0.0122148060817 0.0670095439291
11.1666666667 0.386251957663 1.03698405787 -0.738113864025 0.0458048851087 -0.996989084972 -0.0124165090878 0.061322974886
11.2 0.387839190159 1.03622295378 -0.743898230093 0.0476122614021 -0.99723587924 -0.0108976186581 0.0559903172739
11.2333333333 0.388812423638 1.03691012264 -0.74865258827 0.0497612888002 -0.997428738288 -0.00958227743749 0.0506745116795
11.2666666667 0.391409488953 1.03712169297 -0.753638674587 0.052057406887 -0.997545083842 -0.00941500722773 0.0458823465993
11.3 0.392221821713 1.03571848234 -0.760704366222 0.054275939317 -0.997642124307 -0.0100408154997 0.0407859809597
11.3333333333 0.396031376625 1.03556781568 -0.76625922397 0.0564627539341 -0.997673065769 -0.0101005686858 0.0368563396034
11.3666666667 0.398134595413 1.03444559685 -0.773398618131 0.0582537547594 -0.997725196154 -0.0108436290362 0.0321457419426
11.4 0.401203881293 1.03258493136 -0.78120010087 0.0597711914229 -0.997761777517 -0.0110486564123 0.0278705434734
11.4333333333 0.404407953142 1.02940636316 -0.789710635449 0.0617148062563 -0.997771136225 -0.010681141773 0.0230207648698
11.4666666667 0.407520637607 1.02780325265 -0.795323535159 0.0630364772942 -0.997815765781 -0.00883493440018 0.0176647678526
11.5 0.40864665012 1.02868144546 -0.799688502774 0.0643326240153 -0.997830754321 -0.00661968495209 0.0122995524433
11.5333333333 0.410510531954 1.02847949872 -0.803458667027 0.0655627151667 -0.997796321323 -0.00595763103462 0.00827877805707
11.5666666667 0.413456415628 1.02905137704 -0.809058241478 0.0671401086442 -0.997711604343 -0.00652530987775 0.00460224966679
11.6 0.416779608031 1.02864080612 -0.815395848825 0.06905434168 -0.997584417856 -0.00749780686478 0.000781049348237
11.6333333333 0.421709958177 1.0283076016 -0.822400846542 -0.0707286871115 0.99745851361 0.00813770883002 0.00278282990962
11.6666666667 0.425924804985 1.02781709337 -0.828998743436 -0.0721905286602 0.997340577971 0.00736408075012 0.00678744572898
11.7 0.429965965898 1.02648309954 -0.835202642055 -0.0736347097481 0.99720840312 0.00631586720928 0.0106508256894
11.7333333333 0.434289845486 1.02674228709 -0.838884876228 -0.0748247727749 0.99707835852 0.00486520069262 0.0145715535663
11.7666666667 0.437699560576 1.02714485801 -0.845094906108 -0.0754801544422 0.996951195078 0.00473686521592 0.0191995579596
11.8 0.442350502841 1.02503116805 -0.854783434022 -0.0765184143547 0.996771445837 0.00493223213136 0.0238178528432
11.8333333333 0.446800589555 1.02426375237 -0.859961746209 -0.0772281418568 0.996611623106 0.00327298701337 0.0281135972674
11.8666666667 0.451435846234 1.02424275316 -0.864144609481 -0.0780450344535 0.996410422627 0.00200000916985 0.0327298371697
11.9 0.457046840939 1.02318669949 -0.87157856251 -0.0787381575642 0.996214639918 0.00158218930343 0.036799326548
11.9333333333 0.461089190443 1.02304739894 -0.877155347336 -0.0784893040951 0.996096208594 0.00104625036475 0.0403816508647
11.9666666667 0.467208618878 1.01949618702 -0.886010324929 -0.0788308993918 0.995958971398 0.00197293351129 0.0429828352506
12.0 0.478594844592 1.01626578883 -0.898308801131 -0.0805197092643 0.995557540339 0.000929323282349 0.0487944325941
12.0333333333 0.48566676538 1.01297808834 -0.905943697053 -0.0812165214269 0.995318549081 -0.000104235296391 0.0523913316967
12.0666666667 0.497999554339 1.0139260682 -0.912779756649 -0.0824998125422 0.994826588636 -0.00664947372604 0.0589035140884
12.1 0.502500379466 1.01502352541 -0.915332286048 -0.0823067379858 0.994723718793 -0.00679676386832 0.0608615490496
12.1333333333 0.508297363659 1.01413683841 -0.922197414652 -0.0823800048957 0.994599261068 -0.0058755496473 0.0628595465569
12.1666666667 0.514188654454 1.01425512129 -0.926914956357 -0.0827341048166 0.9944169252 -0.00614205733417 0.0652098298319
12.2 0.527283965384 1.0101425085 -0.940080834161 -0.0830678259152 0.994164752845 -0.00614535080648 0.0685449864144
12.2333333333 0.53397565681 1.00726162183 -0.944164999027 -0.0826563477582 0.993944353891 -0.00787752308703 0.0719756498637
12.2666666667 0.54071478554 1.00683741487 -0.947789014981 -0.0829821389359 0.993620295558 -0.0110903943648 0.0755623982286
12.3 0.54658603229 1.00865277874 -0.949721655106 -0.0837727131847 0.993200760202 -0.0148489295647 0.0794600009467
12.3333333333 0.552418003052 1.00974656741 -0.951236660956 -0.0836428894805 0.992968965603 -0.0156628764261 0.0822871477838
12.3666666667 0.558742494138 1.00829260527 -0.957079068119 -0.0844062456784 0.992604601761 -0.0150925996657 0.0859296438306
12.4 0.565576819229 1.00732309158 -0.961463880153 -0.0848594980248 0.992359598524 -0.0157456937899 0.0881666940436
12.4333333333 0.572881994692 1.00688603797 -0.964778947304 -0.0863326359732 0.991997429114 -0.0173070623476 0.0904889064465
12.4666666667 0.58014258102 1.00638824056 -0.96736141877 -0.0886070000963 0.991371676401 -0.0189130273537 0.0947274836587
12.5 0.588158171277 1.00709368649 -0.968802472603 -0.0904883673741 0.990926797156 -0.0200130988227 0.097341737831
12.5333333333 0.595054772154 1.00740463312 -0.972974196788 -0.090318829014 0.990642256893 -0.0194804181455 0.100453677344
