0.0333333333333 1.15173004788 1.30000006221 0.908954580266 3.05818093274e-08 -0.999940590292 -6.6197631995e-08 0.0109002700281
0.0666666666667 1.15209779581 1.29648354405 0.907258889521 0.000187386238114 -0.999935951202 -8.72849189765e-05 0.0113159516796
0.1 1.15409918937 1.30269132904 0.907379545144 0.00051379486443 -0.999940253929 0.0020972956037 0.0107156865222
0.133333333333 1.15484606251 1.30116688656 0.908424617154 8.58853027203e-05 -0.999953755473 0.000965085923585 0.00956807969048
0.166666666667 1.15274185512 1.295203363 0.905449930632 -0.00102114708449 -0.999963567684 1.07268975805e-06 0.00847470126673
0.2 1.14961868568 1.30501831373 0.9063843402 -0.000501048763458 -0.999969415422 0.00254264545908 0.00737916836502
0.233333333333 1.14987237481 1.31488069617 0.909537763855 -5.02614879025e-05 -0.999963536439 0.00340181293938 0.00783268376252
0.266666666667 1.15200232079 1.31301755442 0.910564961431 -0.000147604863273 -0.999960718381 0.00112659215335 0.00879037535065
0.3 1.15294765577 1.30887591907 0.907459760272 -0.00133855628429 -0.999958096498 -0.000220373123735 0.00905344961108
0.333333333333 1.15514227748 1.31648499744 0.909217713176 -0.00153923447074 -0.999957359087 0.00108562213835 0.00904058563341
0.366666666667 1.15502257517 1.31261221267 0.910431124302 -0.00181633952197 -0.999962522446 -0.000675429345108 0.00843791503333
0.4 1.15400382005 1.30334630483 0.907412689511 -0.00253910314379 -0.999966055397 -0.00217493884378 0.00753064735664
0.433333333333 1.1523172654 1.30500884625 0.907464952331 -0.0024307195037 -0.999972796886 -0.00058061278834 0.00693973916648
0.466666666667 1.14961853684 1.31268928726 0.910413029108 -0.00196566403195 -0.999979377903 0.00123176131856 0.00598854722321
0.5 1.14694502152 1.31113658633 0.910555051394 -0.00145996357182 -0.999983634397 0.000292428574426 0.00552394147246
0.533333333333 1.14599804865 1.31008856751 0.910268947201 -0.00161122084166 -0.999982430504 0.000173207732365 0.00570198640635
0.566666666667 1.146270609 1.31349208665 0.912161627061 -0.00139165279299 -0.999984495334 0.000577213858217 0.00536089719485
0.6 1.14706474094 1.31259667225 0.913567979481 -0.00133265600155 -0.999983858669 -0.000151505417319 0.00552118431059
0.633333333333 1.14664843609 1.30841135329 0.913250981566 -0.00199026446346 -0.999983470882 -0.00128463538156 0.00523894275881
0.666666666667 1.14687618893 1.3097648251 0.915956171824 -0.00300432808704 -0.999981302568 -0.000742025206707 0.00527427015533
0.7 1.14484644036 1.30661150641 0.915470070857 -0.00397362662568 -0.999977456005 -0.000727815616032 0.0053635863318
0.733333333333 1.14459224982 1.30395540555 0.91518946432 -0.00435247363872 -0.999974235704 -0.00069002300783 0.00566637177986
0.766666666667 1.14229315545 1.31023336347 0.919161336014 -0.00483253517688 -0.999957883101 0.00150412756828 0.00765612358098
0.8 1.13987755794 1.30865374135 0.919106822366 -0.00537757699206 -0.999946640397 0.00101726783542 0.0087614605196
0.833333333333 1.1398065752 1.31156681284 0.922310650963 -0.0052691541858 -0.999929211185 0.00180965358337 0.010513504938
0.866666666667 1.14177830446 1.3118206419 0.923102236668 -0.00523491106448 -0.999907361411 0.00200980626367 0.0124026198923
0.9 1.14037664687 1.31599980879 0.925845008671 -0.00546741501308 -0.999886751472 0.00300293288434 0.0136957656726
0.933333333333 1.14188577511 1.31815248538 0.927012175131 -0.00533165973765 -0.99985727527 0.00312617633778 0.0157235338083
0.966666666667 1.14043143187 1.32007323904 0.928450290627 -0.00595927888925 -0.999819119055 0.00327536787813 0.0177619856079
1.0 1.137292739 1.31936010515 0.928976159243 -0.00635683891474 -0.999787394199 0.002948795989 0.0193923078145
1.03333333333 1.13280053158 1.31805940864 0.930361232489 -0.00691580271812 -0.999748509357 0.00271907054092 0.0211588366114
1.06666666667 1.13257304851 1.31480312026 0.931345995665 -0.00763880823503 -0.999683485909 0.00162947484559 0.0239148786643
1.1 1.1313616206 1.3105380149 0.931525737533 -0.00889740968361 -0.999607805581 0.000634235698324 0.026545599782
1.13333333333 1.12346088648 1.30858830342 0.934006415535 -0.0100864990912 -0.999458828303 0.00020631076667 0.0313092717787
1.16666666667 1.12431226602 1.3098599119 0.935516598151 -0.00989308796576 -0.999346254443 0.00067795793405 0.0347668076432
1.2 1.12374034318 1.31199691006 0.938673476207 -0.00963097923172 -0.999226533798 0.000692300082535 0.0381195371519
1.23333333333 1.12149197783 1.3124628188 0.94098215177 -0.00957757712314 -0.999091418287 0.000261896406677 0.0415275731572
1.26666666667 1.12178406455 1.31233189241 0.941193795493 -0.00952099219927 -0.998929212832 5.86310844907e-05 0.0452744411392
1.3 1.12112493468 1.31145569836 0.941461789948 -0.0100079686412 -0.998762603695 5.76273470216e-05 0.0487144609234
1.33333333333 1.11875245682 1.31125461243 0.942596282737 -0.011311714255 -0.99859487534 1.15088822647e-05 0.0517718063537
1.36666666667 1.11876004766 1.31024752849 0.94091902008 -0.0135086714844 -0.998143282452 -0.000750598622906 0.0593880467208
1.4 1.11873077991 1.31049406757 0.942171400801 -0.0138865122682 -0.997918034077 -0.000892211195807 0.0629759160319
1.43333333333 1.11760831095 1.3108871102 0.943468779811 -0.0144853639515 -0.997686858344 -0.00109927002336 0.0664070668249
1.46666666667 1.11880064299 1.31003324968 0.942265053938 -0.0152709024758 -0.997394148666 -0.00133677377785 0.0704976934324
1.5 1.11681734193 1.3097730418 0.944065749792 -0.016668271029 -0.997125242291 -0.00143047239153 0.0739011074023
1.53333333333 1.11576063971 1.30774591974 0.944486763255 -0.0178322846639 -0.996844351852 -0.00204644015293 0.0773250275573
1.56666666667 1.10682565352 1.30910113031 0.949315192561 -0.0180764292436 -0.996696079727 -0.00265287106499 0.0791399370622
1.6 1.10529806605 1.30731847245 0.948913125784 -0.0187020844334 -0.996390997786 -0.00329005200901 0.0827308112273
1.63333333333 1.1049832514 1.30988214776 0.950294438383 -0.0197551088855 -0.99606957763 -0.00257392397866 0.0863047339848
1.66666666667 1.10963769038 1.30699236594 0.951986190368 -0.0201330626353 -0.995690592268 -0.00369848985934 0.0904501267614
1.7 1.10954775673 1.30336822407 0.951386737788 -0.0207031973489 -0.995341174206 -0.00475725950745 0.0940462281598
1.73333333333 1.10990220594 1.30524522228 0.95131975794 -0.0211931387729 -0.994980948967 -0.00383611449744 0.0977192216895
1.76666666667 1.11030012947 1.30895118774 0.952823281662 -0.0216298110791 -0.994622754528 -0.00308902757136 0.10123332137
1.8 1.10904633699 1.30828276113 0.952980699074 -0.0223094422214 -0.99421937771 -0.00378979434264 0.104955968065
1.83333333333 1.10830315303 1.30678745123 0.953149677876 -0.0229563483479 -0.993808130868 -0.00411403234198 0.108634616162
1.86666666667 1.10731813587 1.30751683558 0.954023548277 -0.0237462800002 -0.993404150208 -0.00381241756693 0.112115003493
1.9 1.10765436329 1.309419371 0.955873384285 -0.0246088240265 -0.99295422614 -0.00370631190823 0.115855832059
1.93333333333 1.10521995058 1.30870861167 0.955430834901 -0.0262740713495 -0.992469506631 -0.00454488274757 0.119554571736
1.96666666667 1.10516278745 1.30612485296 0.954319318508 -0.0282681337698 -0.991899669306 -0.00495849400319 0.12373912874
2.0 1.09975281469 1.30995131252 0.958318086669 -0.0291662876148 -0.991478999751 -0.00421725977239 0.126889461496
2.03333333333 1.09973568428 1.31186078617 0.959683001155 -0.029788623403 -0.990891534822 -0.00426777363052 0.13125696264
2.06666666667 1.09847056345 1.31050117268 0.958944834792 -0.0308026338764 -0.990307856748 -0.00487316306844 0.135343263188
2.1 1.10006136535 1.30512237294 0.951241865171 -0.0327974687714 -0.989564177818 -0.00543437234311 0.140205319512
2.13333333333 1.10089577821 1.30600614435 0.954092625626 -0.0334357267563 -0.988934854383 -0.00513769632635 0.144442064645
2.16666666667 1.10064510305 1.30575021741 0.953975145072 -0.0341331567995 -0.988258907675 -0.00576079439879 0.14881556456
2.2 1.10107307654 1.30681276994 0.955522524104 -0.0338404129393 -0.987677187989 -0.00589569669173 0.152688701411
2.23333333333 1.10069373265 1.30867457407 0.958476003783 -0.0346818140833 -0.987089211059 -0.00689473437854 0.156219473241
2.26666666667 1.09822470269 1.30864872088 0.957076073954 -0.0362038473309 -0.986422071046 -0.00825815938416 0.159976817057
2.3 1.0836720928 1.3159659325 0.965236551928 -0.0361507321043 -0.986224578471 -0.00793128486231 0.161218175493
2.33333333333 1.08145516993 1.31500917756 0.965992557659 -0.0374486480663 -0.985603632715 -0.00878670053337 0.164638609779
2.36666666667 1.07474268158 1.31618352097 0.971256875617 -0.0380604493553 -0.98519875664 -0.0094250530998 0.166871149345
2.4 1.07330875469 1.31544184428 0.972044650713 -0.0390252923332 -0.984585282618 -0.0100064152788 0.17020199606
2.43333333333 1.06970741476 1.31495488329 0.975203317993 -0.040311049071 -0.984037657746 -0.0100851686069 0.173041026451
2.46666666667 1.06714248967 1.3150606119 0.97842331653 -0.0418989675405 -0.983371913337 -0.0102489949752 0.176406107268
2.5 1.06196790001 1.31589481195 0.980412746789 -0.0431427329631 -0.982752964994 -0.0108096013716 0.179495033096
2.53333333333 1.05797658954 1.31416996562 0.982139752834 -0.0440892900324 -0.982023957026 -0.0115873515927 0.183168817257
2.56666666667 1.0626078464 1.3107284484 0.978222747994 -0.0458409041657 -0.980860276933 -0.0121519539789 0.18884930144
2.6 1.05504571873 1.31339570085 0.984261182175 -0.04560622796 -0.980351288341 -0.01164926593 0.191561264409
2.63333333333 1.05166009041 1.31190024664 0.984372900414 -0.0467141655737 -0.979507072309 -0.0121477461056 0.195540569436
2.66666666667 1.04792911179 1.31068636822 0.986248178267 -0.0473091933199 -0.978722809117 -0.0124209890448 0.199271729489
2.7 1.05385566197 1.31055135892 0.981071089266 -0.0487255142169 -0.977363013742 -0.0126961702021 0.205490074932
2.73333333333 1.05135730722 1.31090086868 0.982519379403 -0.049031330817 -0.976389378146 -0.0131093516723 0.209971083106
2.76666666667 1.0507708971 1.31100534085 0.9842688114 -0.0496002323477 -0.975369733429 -0.0139791884508 0.21447210157
2.8 1.04520092764 1.3105868555 0.986871926269 -0.0499685315926 -0.974615489387 -0.0154365583473 0.217691309804
2.83333333333 1.03612612263 1.30626977414 0.984512065715 -0.0502329615604 -0.973900941631 -0.0168833575965 0.220700153372
2.86666666667 1.03405778233 1.30460973041 0.986694545152 -0.0491719981256 -0.973156161745 -0.0167818715048 0.224204300241
2.9 1.0320037965 1.30336985402 0.987592737359 -0.0483714437406 -0.972399135002 -0.0167064830643 0.227642305166
2.93333333333 1.02672673409 1.29996299926 0.987684368749 -0.048081339678 -0.971690294787 -0.0171487811821 0.230677426496
2.96666666667 1.02629653644 1.30360211209 0.988520798727 -0.0484669448619 -0.970761599434 -0.0158804160593 0.234564883788
3.0 1.02454500611 1.30079870266 0.989224410747 -0.04862860115 -0.969910916076 -0.0163668743193 0.237992015522
3.03333333333 1.02062402074 1.30176390729 0.990834040453 -0.0498772444911 -0.969086871445 -0.0161269090872 0.241086745546
3.06666666667 1.01191665927 1.2983891551 0.990624691389 -0.0515341890696 -0.968477821535 -0.0163933831774 0.243158782567
3.1 1.00146235814 1.30419013226 0.997407203011 -0.0528584220091 -0.968056949429 -0.0146463679018 0.244657339544
3.13333333333 0.991388417668 1.30251775133 0.997352537725 -0.0520984035912 -0.967493099722 -0.0140944615724 0.247071253863
3.16666666667 0.980272316995 1.30171583492 1.00359434755 -0.0517252860526 -0.966818598551 -0.0134996640815 0.249808028989
3.2 0.973715427479 1.30240056129 1.00528150793 -0.0510513437878 -0.965970362124 -0.0130073225272 0.253230782798
3.23333333333 0.967937487979 1.30234398955 1.00782939373 -0.0511502714779 -0.965199127465 -0.0133507037664 0.256117263725
3.26666666667 0.967351762365 1.29654844433 1.00174395843 -0.0516138105303 -0.964139885995 -0.0144518544116 0.259925833077
3.3 0.958257115358 1.29898252379 1.00491756668 -0.0501502564889 -0.963701346388 -0.0139635780265 0.261858139521
3.33333333333 0.950718118949 1.29858038424 1.0052871081 -0.0497915118655 -0.963038563182 -0.0142564695815 0.264337443896
3.36666666667 0.943453138524 1.29720605587 1.00615746889 -0.0491526938734 -0.962569797809 -0.0145167769655 0.266144059142
3.4 0.939513755961 1.29699759943 1.00770328182 -0.0480891589139 -0.962090422277 -0.014340310047 0.268074257745
3.43333333333 0.933142868183 1.29200722157 1.00588021343 -0.0482580425125 -0.961728499078 -0.0154925883062 0.269275760331
3.46666666667 0.923371116082 1.29084411898 1.00736517973 -0.0480162975874 -0.961674657047 -0.0155961436696 0.269505193758
3.5 0.913392817391 1.294017229 1.01237592539 -0.0472869773792 -0.961659231575 -0.0147083249884 0.269739002136
3.53333333333 0.909045967988 1.29853708744 1.01709588054 -0.0465061304739 -0.961528283682 -0.0137570397353 0.270390982404
3.56666666667 0.900496602245 1.29773898756 1.01855075601 -0.0458625559377 -0.961414291791 -0.0140025150061 0.270893180196
3.6 0.880934559804 1.29581684692 1.02406977604 -0.0450897749273 -0.961994260532 -0.0143746867931 0.268937396583
3.63333333333 0.869466302287 1.29071913489 1.02395480001 -0.0454649068274 -0.961663878724 -0.0164611562644 0.269934356722
3.66666666667 0.847114352843 1.29806748346 1.03233112351 -0.0465378739883 -0.962463825325 -0.0158460325107 0.266920427243
3.7 0.838097284999 1.30994789289 1.03792720934 -0.0470204111861 -0.962516293402 -0.0136482605458 0.266768046908
3.73333333333 0.836667122154 1.30952351783 1.0386377843 -0.0475593497872 -0.962147868588 -0.0138317719862 0.26798930819
3.76666666667 0.831130885056 1.31013982053 1.03742493062 -0.0478091014473 -0.962046591142 -0.0147622818669 0.268258683597
3.8 0.816237655243 1.31357808655 1.04200843659 -0.0484014782361 -0.962259801559 -0.0151995070488 0.267361826358
3.83333333333 0.806469592135 1.31713138833 1.04458111851 -0.0491023988238 -0.962075648952 -0.0155225659529 0.267877677436
3.86666666667 0.802306135449 1.32211946081 1.04497017473 -0.0494140178532 -0.961551272787 -0.0156913039959 0.269687203293
3.9 0.787517230574 1.33331985286 1.04724295795 -0.0513502004126 -0.961381852192 -0.015637961499 0.269932482955
3.93333333333 0.7849122803 1.32751449446 1.05126028134 -0.0525134663326 -0.960608341703 -0.0189641996957 0.272239432915
3.96666666667 0.769414813869 1.32529449673 1.05126538081 -0.054266401668 -0.960321470597 -0.0210521000108 0.272753808124
4.0 0.751830231473 1.32491271283 1.05235915575 -0.0544078267521 -0.960311819443 -0.0217295520097 0.272706480298
4.03333333333 0.749665748212 1.33001008547 1.05186171363 -0.0538398431096 -0.959494374728 -0.0211062971706 0.275728744201
4.06666666667 0.74749946616 1.33430343921 1.05149998684 -0.0532083638103 -0.958522233655 -0.0214221350912 0.279186478429
4.1 0.729682001115 1.33349577619 1.05354568959 -0.0531299099007 -0.958163258942 -0.0223902691575 0.280355234896
4.13333333333 0.730480307506 1.32890088281 1.0449741413 -0.0529706051424 -0.956831992388 -0.0226519498889 0.284874608379
4.16666666667 0.726441801982 1.32617354976 1.04357327617 -0.0522347323909 -0.95593051515 -0.0226299415945 0.288021299006
4.2 0.717215829019 1.32510509829 1.04170490806 -0.0527380271173 -0.955379996186 -0.0236272427079 0.28967139449
4.23333333333 0.708216121898 1.32361360493 1.03934847486 -0.0532145405963 -0.954855500119 -0.0244768045454 0.29123885833
4.26666666667 0.6936166171 1.32495552233 1.03720324451 -0.0536826660981 -0.954558009452 -0.0245703735485 0.292118939295
4.3 0.681688355595 1.32586472176 1.03475053165 -0.0542573075026 -0.954080609327 -0.0233757903532 0.293666320702
4.33333333333 0.675074489432 1.32538871136 1.03243935604 -0.054026611721 -0.953446175554 -0.0221792053285 0.29585401535
4.36666666667 0.667866272365 1.32533894286 1.02926159919 -0.0524473994154 -0.953006425318 -0.0216361914756 0.297590152418
4.4 0.660821351643 1.32488479076 1.02510891359 -0.0522104868554 -0.952477242884 -0.0216125862369 0.29932267366
4.43333333333 0.651927155474 1.32578387041 1.02135014933 -0.0524522563249 -0.952087919583 -0.0208135655639 0.300573035514
4.46666666667 0.643928638828 1.32632182299 1.02040702585 -0.0513073308704 -0.951733046964 -0.0204227687829 0.301918326094
4.5 0.635238203932 1.32665154886 1.01610251332 -0.0500766729955 -0.951203186909 -0.0215163048973 0.303713471318
4.53333333333 0.620526500352 1.31844114903 1.01059604043 -0.0516369670298 -0.950915375041 -0.0229351222806 0.304249163209
4.56666666667 0.616013976916 1.31584481984 1.00753799984 -0.0507177362071 -0.950646865793 -0.0207773566597 0.305395725645
4.6 0.612728714228 1.31609460221 1.00451072641 -0.0489820839712 -0.950581937327 -0.0195032216646 0.305964638842
4.63333333333 0.604528482116 1.31634560611 1.00015251149 -0.0490786119633 -0.950724844257 -0.01948269241 0.305506112961
4.66666666667 0.596133053528 1.31406054096 0.995107178047 -0.0494837359111 -0.950818482411 -0.0194573424256 0.305150758169
4.7 0.588313698976 1.31282642151 0.990671879062 -0.0495359401073 -0.950985380376 -0.0191691599021 0.304640017492
4.73333333333 0.578198288455 1.32653773198 0.988467341654 -0.049651657787 -0.951309215826 -0.0162859510603 0.303776655722
4.76666666667 0.568074238855 1.31983014206 0.983594772023 -0.0484339698566 -0.95136028736 -0.0166810447951 0.30379186451
4.8 0.567556583376 1.32272641143 0.97925901578 -0.0473723435583 -0.951067875978 -0.0157435967185 0.304922769747
4.83333333333 0.562207597794 1.31996662788 0.973427550827 -0.0470785568467 -0.950987252657 -0.0168202087357 0.305162145993
4.86666666667 0.553500967459 1.33457976673 0.969498632319 -0.0480308158795 -0.95107333766 -0.0145767083987 0.304860733272
4.9 0.544567509936 1.33037690772 0.964283212034 -0.0480889272521 -0.951297043207 -0.0144160854264 0.304160429943
4.93333333333 0.548398889973 1.35454202109 0.953419773456 -0.047978083212 -0.950869857306 -0.00956108934206 0.305701167104
4.96666666667 0.532062115028 1.34930999643 0.951268580867 -0.0472721676293 -0.951588792445 -0.0106630640986 0.303529918336
5.0 0.517454686715 1.344777781 0.949047323339 -0.0484437479126 -0.952281726152 -0.0120290265095 0.301111308066
5.03333333333 0.509016758104 1.34514692019 0.945988004819 -0.0495414098416 -0.952716470923 -0.0118672327755 0.299559916428
5.06666666667 0.548499282052 1.37645940152 0.916469857115 -0.0522846826115 -0.950143052699 -0.00620690335219 0.307336892875
5.1 0.540475935256 1.37785171292 0.912140394146 -0.0539196230565 -0.950273960573 -0.00535456211222 0.306664968282
5.13333333333 0.534303822651 1.37608711093 0.907850038324 -0.0539590066392 -0.950260260181 -0.00483271372245 0.306709159304
5.16666666667 0.531690840665 1.37424932763 0.903775057891 -0.0536885765593 -0.950205126965 -0.00479778254583 0.306927898243
5.2 0.530926624 1.37280002283 0.897287343959 -0.0523496832873 -0.950184860099 -0.00525891824922 0.307214234822
5.23333333333 0.52662048438 1.36312379225 0.889308563335 -0.0509042340566 -0.95009778284 -0.00632250326078 0.307706008959
5.26666666667 0.530360795305 1.36346055884 0.882278443657 -0.0496659309683 -0.949785517972 -0.00552536345374 0.30888547313
5.3 0.533038523388 1.36866569867 0.873447401181 -0.0476132643388 -0.949699414682 -0.00412959006088 0.309494661179
5.33333333333 0.530295416044 1.37078699845 0.859130726615 -0.0455046480851 -0.949780424015 -0.00177814872535 0.309585709211
5.36666666667 0.527033885725 1.36856291087 0.853983369078 -0.0440885149724 -0.95003180673 -0.000977164126032 0.309022352265
5.4 0.529169817406 1.3694745157 0.845847296821 -0.0433861865727 -0.950184876614 0.000169655344114 0.308652410141
5.43333333333 0.533889890223 1.37161470327 0.837603240235 -0.0425153695489 -0.950384444969 0.00159300724922 0.308154689144
5.46666666667 0.509795294017 1.37877260099 0.834502050575 -0.0421289280307 -0.952082111073 0.00329114194935 0.302909187021
5.5 0.510343032596 1.38326983256 0.827199950012 -0.041054350135 -0.952332753718 0.00496241538525 0.302245332413
5.53333333333 0.510883013449 1.38039240925 0.818835316811 -0.0395061267114 -0.952592601386 0.00568668204696 0.301619401537
5.56666666667 0.505040839614 1.38320882707 0.816158101371 -0.0373567204692 -0.953408832267 0.00794031230363 0.299254115147
5.6 0.602630481855 1.38663080733 0.787348142592 -0.0326208642585 -0.948501971206 0.0105892669493 0.314909125399
5.63333333333 0.554176044653 1.40075081748 0.787611544828 -0.0338379720269 -0.951602054219 0.0137000461664 0.305157059217
5.66666666667 0.611718826913 1.44040743301 0.758762660931 -0.0295785718037 -0.948755586831 0.0225482327365 0.313814470265
5.7 0.610739632469 1.44312082123 0.748621049088 -0.0294880999106 -0.949016329171 0.0235176847977 0.312962261994
5.73333333333 0.609651090337 1.44637434339 0.739827090522 -0.0292747404645 -0.949176278555 0.0261186307702 0.312290247887
5.76666666667 0.59737077823 1.44757114223 0.741112086002 -0.0294455835778 -0.950170004105 0.0285228368637 0.309024867419
5.8 0.600367121672 1.44721071822 0.732221704316 -0.0303248897154 -0.950180877315 0.0289163061251 0.308869792452
5.83333333333 0.59106042765 1.44397438951 0.72425330473 -0.030597352744 -0.950832631375 0.0291658618118 0.306806880012
5.86666666667 0.614570563736 1.43497822073 0.708315120916 -0.0286891971299 -0.949469108224 0.0295976665089 0.311141962188
5.9 0.603503992795 1.43543308251 0.704373006428 -0.0268806866504 -0.95024900091 0.0314887620685 0.308727586746
5.93333333333 0.595779840392 1.43447351433 0.699436024193 -0.0251673494773 -0.95086177027 0.0317274504761 0.306955806664
5.96666666667 0.608986752548 1.44771897069 0.68626383923 -0.0250360254431 -0.950208712485 0.0339587113724 0.308744888329
6.0 0.64537743958 1.49294866635 0.666064602038 -0.0230913254819 -0.94823199859 0.0433002686406 0.313764169836
6.03333333333 0.651852519865 1.49781384091 0.656089430983 -0.0227214895656 -0.948273940462 0.0451000996863 0.313410671102
6.06666666667 0.652438621826 1.50075179693 0.647137993011 -0.0221405322408 -0.948901330752 0.0461925967128 0.311387709034
6.1 0.65212008409 1.50357948432 0.638768239563 -0.0218375414143 -0.949625519562 0.0474126680794 0.309008953409
6.13333333333 0.64214983064 1.49177430966 0.633464443696 -0.02272167018 -0.950890507574 0.0459178203064 0.305258123706
6.16666666667 0.6398352023 1.49301347422 0.628149779483 -0.0219625336457 -0.951663426908 0.0467504347456 0.302768502082
6.2 0.70160611674 1.53596961682 0.594562564493 -0.0197756197965 -0.947897186983 0.0554226267356 0.313094522814
6.23333333333 0.646732061181 1.50445154611 0.60980166829 -0.019206345199 -0.952094155366 0.049835070166 0.301105133473
6.26666666667 0.649062958064 1.50795079059 0.602694965477 -0.0186960453186 -0.952241040461 0.0514236376838 0.300404840571
6.3 0.651845730406 1.51076675117 0.595869932663 -0.0181609891051 -0.952440430917 0.0525931911502 0.299602003121
6.33333333333 0.652784550509 1.52201269587 0.584792649636 -0.018637978032 -0.952574177364 0.0553470347946 0.29864990898
6.36666666667 0.653163817707 1.52521207565 0.577027207185 -0.0177611833033 -0.952735740306 0.0566099100234 0.297950444869
6.4 0.6528446073 1.52669679027 0.568940358155 -0.0172705889892 -0.952814661234 0.0578106581952 0.297496009877
6.43333333333 0.657791602523 1.5323004196 0.552284680595 -0.0162393228167 -0.952587632546 0.0616895142787 0.297502084939
6.46666666667 0.662295768471 1.53636095646 0.542336686727 -0.0159316221534 -0.952387477625 0.0631984143931 0.297842636801
6.5 0.660110624736 1.54183752615 0.527117962572 -0.0158417059034 -0.95233113038 0.0663867962188 0.297333569836
6.53333333333 0.658012688209 1.54275492383 0.519504852014 -0.0150739562941 -0.952309507819 0.0673117835737 0.297234757307
6.56666666667 0.666422112398 1.55413597067 0.503882709159 -0.0155034113778 -0.951503441554 0.0696606740682 0.299246111811
6.6 0.660546476931 1.54955907688 0.49551314111 -0.0156338110603 -0.951842936876 0.0694168847029 0.298214526122
6.63333333333 0.661610384082 1.55174234273 0.484896834473 -0.0149785658393 -0.951570301058 0.0705786842615 0.298844866171
6.66666666667 0.661308825853 1.5533813437 0.474172922672 -0.0144243290772 -0.951319511044 0.0710228880446 0.29956447722
6.7 0.662559760823 1.55693348211 0.461617668555 -0.0142085177354 -0.950648450672 0.0727118503448 0.301294918771
6.73333333333 0.649082944379 1.54230193622 0.454315663144 -0.0144481219311 -0.950987941991 0.0708298930633 0.300659794801
6.76666666667 0.655951314782 1.54575620929 0.440750799704 -0.014048011577 -0.949788054318 0.0722930351153 0.304103637465
6.8 0.655193644881 1.54432468088 0.430089660792 -0.0145799150783 -0.949239200977 0.0721557256232 0.30582007237
6.83333333333 0.655845913071 1.54360565872 0.418187810799 -0.0160920429726 -0.948590896293 0.0722188691599 0.307734938802
6.86666666667 0.655118501461 1.53958886931 0.4057417135 -0.018025212493 -0.94802639701 0.0717091166952 0.309481574362
6.9 0.648951343872 1.53798182545 0.39531839208 -0.018819103576 -0.947891702017 0.0723390776426 0.309700210581
6.93333333333 0.651231785446 1.53040206931 0.38547738471 -0.020198435846 -0.94740530234 0.0722803315871 0.311112150122
6.96666666667 0.65096286288 1.52829483385 0.3740270593 -0.0208843946971 -0.947160365122 0.0733035839349 0.311572895775
7.0 0.637761483743 1.53045000073 0.364008468048 -0.0211826330607 -0.947696860349 0.0746258592143 0.309601256582
7.03333333333 0.634802916866 1.52124096097 0.352061136052 -0.0219751452158 -0.947399393717 0.0741902815146 0.310559630193
7.06666666667 0.642845416261 1.51546862408 0.33735527089 -0.0226639098387 -0.946137714994 0.0747055272224 0.314211482381
7.1 0.64021152626 1.52937202094 0.327216834957 -0.0231489025192 -0.945364016366 0.0793232741078 0.315370929315
7.13333333333 0.641023645162 1.52482355689 0.316624772101 -0.0241483811136 -0.944657456134 0.0795320334891 0.31735437906
7.16666666667 0.637022386982 1.51698529824 0.305437176016 -0.0245523357363 -0.944363868575 0.0787992780098 0.318378297509
7.2 0.634751811312 1.51391468691 0.294237404929 -0.0240333613861 -0.943903470152 0.0797466490725 0.319545158837
7.23333333333 0.634125448453 1.51072673745 0.284176850348 -0.0230183215371 -0.943179805864 0.0809823757387 0.321440298505
7.26666666667 0.633734535602 1.50822220315 0.27383692331 -0.0223525904195 -0.942371328373 0.0818925876585 0.323620526617
7.3 0.635550625992 1.50730597513 0.263283329894 -0.0217780099766 -0.941453176518 0.082876525714 0.326072256089
7.33333333333 0.637389440564 1.50604807868 0.25388383026 -0.0216792611617 -0.940769046724 0.0828624981539 0.328050936229
7.36666666667 0.634398694533 1.5027133005 0.243026531935 -0.0219709683011 -0.940533673019 0.0821225260297 0.328891436782
7.4 0.631727208597 1.49858107061 0.233147128465 -0.0214756934483 -0.940379413341 0.0821247936229 0.329364345107
7.43333333333 0.632786406432 1.5002552665 0.223699213645 -0.0211516494708 -0.940017252051 0.0829903073172 0.330201124259
7.46666666667 0.631891561847 1.49819970761 0.21359195691 -0.0215548797691 -0.939997035575 0.0821055856843 0.330453677642
7.5 0.631210080891 1.49531988777 0.202434858489 -0.0221832786099 -0.940162592258 0.0812242002433 0.330158797495
7.53333333333 0.626417022658 1.49084141819 0.182235927318 -0.022337723352 -0.94083068113 0.0808133465765 0.328341070496
7.56666666667 0.625023786121 1.48805356113 0.172311730848 -0.0222261073125 -0.940808646586 0.0812526288328 0.328303367286
7.6 0.624141136123 1.48879982178 0.165203560003 -0.0224265040967 -0.940766813017 0.0822849210379 0.32815247555
7.63333333333 0.620889782153 1.48452527589 0.155641333298 -0.0239593369705 -0.941062512869 0.0818106129977 0.327313795378
7.66666666667 0.61726529332 1.48236202886 0.146651516063 -0.024507741504 -0.941446889754 0.0825594740227 0.325977081446
7.7 0.609569669076 1.47411357745 0.131596049335 -0.0234307629946 -0.94231096916 0.0802572450726 0.324129312712
7.73333333333 0.609939641383 1.4706429282 0.119267698968 -0.023219989181 -0.9424205753 0.0794973058001 0.324013070297
7.76666666667 0.606457430977 1.46620720353 0.10901277074 -0.021922631055 -0.94309053081 0.0799046526622 0.322047970692
7.8 0.605619577028 1.45219999626 0.0982975161252 -0.0203925825703 -0.943756938025 0.0787154580986 0.320485352493
7.83333333333 0.600393189701 1.45866301611 0.0885532457976 -0.019085013701 -0.944513627936 0.0829856465341 0.31724304778
7.86666666667 0.597367443332 1.45561396851 0.0797732465944 -0.0182879295193 -0.945131547274 0.0846976111192 0.314989245297
7.9 0.594033128696 1.45152150089 0.0701695981214 -0.0165585691824 -0.945556649287 0.0853901363007 0.313619134299
7.93333333333 0.591046274291 1.44868492018 0.0605815744513 -0.0156234509172 -0.945837478305 0.0861118652605 0.312621366956
7.96666666667 0.585160065058 1.4454930754 0.0534883081192 -0.0141178174248 -0.946344494211 0.0862087176456 0.311128337684
8.0 0.582338992671 1.44083966064 0.0448438000979 -0.0132908818359 -0.946452688092 0.0856452504181 0.31099124223
8.03333333333 0.582027481419 1.43911758933 0.0348271709567 -0.0132603103705 -0.946401410168 0.0846009451219 0.311434126398
8.06666666667 0.578743917536 1.42869311906 0.022528427976 -0.0150205853355 -0.946829580918 0.0808694258743 0.311043827576
8.1 0.572602245172 1.42543203537 0.0108203210158 -0.0153057557657 -0.94739792238 0.0795550925288 0.309635104217
8.13333333333 0.566029841194 1.42623461732 0.00253100405986 -0.0146240060122 -0.948005338693 0.0805805306694 0.307536655271
8.16666666667 0.566097325226 1.41771932348 -0.00846659254522 -0.014317770604 -0.948207590338 0.0790816741875 0.307316540195
8.2 0.56167108493 1.41218487774 -0.0183258647175 -0.0144249786442 -0.948693798342 0.0779824328769 0.306089426707
8.23333333333 0.558102615959 1.40896494244 -0.0282062482531 -0.0143381778426 -0.949012697206 0.0784130326442 0.304992972884
8.26666666667 0.556268987272 1.40997106973 -0.0344567234753 -0.0143471699434 -0.949373069984 0.0798296401845 0.303499853793
8.3 0.550075692105 1.40735271002 -0.0427335891173 -0.0140889197449 -0.949985115664 0.0799169862305 0.301567666816
8.33333333333 0.547975699137 1.40545808784 -0.0525275859463 -0.0137304964165 -0.95008412049 0.0808858307878 0.301013487803
8.36666666667 0.546804516681 1.40296871621 -0.0604181011074 -0.0130636799793 -0.950450180848 0.0818075498884 0.299635309623
8.4 0.543911218998 1.3989988235 -0.0687752730913 -0.0128551051289 -0.951064776453 0.0820069222265 0.29763299879
8.43333333333 0.544359983561 1.39648700249 -0.0785194473406 -0.0123486892634 -0.951317206937 0.0827618465866 0.296637081985
8.46666666667 0.541041063027 1.39372694891 -0.0863204528594 -0.0125716716599 -0.951982193293 0.0836530267226 0.294234647595
8.5 0.539720598688 1.39123737866 -0.0946345696034 -0.0121261923699 -0.952478420665 0.0840531907189 0.292528417007
8.53333333333 0.539160037752 1.38936728608 -0.101691370692 -0.0109363969481 -0.953029081444 0.0835295306309 0.290927452566
8.56666666667 0.539328480101 1.38622167175 -0.109883109184 -0.00974295063531 -0.953572599315 0.0816720592597 0.289713733682
8.6 0.537074032981 1.38320705925 -0.118431863717 -0.00857446184042 -0.954245030344 0.0801853916797 0.287946529116
8.63333333333 0.533215408739 1.38115568141 -0.124889802029 -0.00640166948483 -0.954975317238 0.079310796931 0.285816303916
8.66666666667 0.534940919951 1.38070082401 -0.133036321044 -0.00498431402921 -0.955300012316 0.078140231389 0.285080948717
8.7 0.535057299119 1.37881055274 -0.142477227702 -0.00470961576322 -0.955841751579 0.0766591363308 0.283668366715
8.73333333333 0.531972318468 1.37548850005 -0.150494399272 -0.00471565310502 -0.956677250616 0.0753579689904 0.28118957534
8.76666666667 0.529621313834 1.37669371476 -0.158958144379 -0.00413221922054 -0.957253630287 0.0757881410306 0.279113901026
8.8 0.529482967903 1.37363618183 -0.166658392837 -0.00345685933678 -0.957967996253 0.0752373847468 0.276811676442
8.83333333333 0.529215801224 1.37100897288 -0.173642620672 -0.00291271003402 -0.958727985597 0.0742987239892 0.27443007373
8.86666666667 0.526920906462 1.36875337482 -0.181361774863 -0.00271643236875 -0.959419920196 0.0733222551283 0.272268038207
8.9 0.525984985821 1.36674955593 -0.189265950802 -0.0020610494443 -0.959858540267 0.0724044068165 0.270970361155
8.93333333333 0.524842643242 1.36364040059 -0.197653829202 -0.00133737838563 -0.96034847791 0.0712779198426 0.269533802218
8.96666666667 0.524249567116 1.36183659524 -0.206422845583 -0.000320115703948 -0.960723729215 0.0709508052264 0.26828305367
9.0 0.523701782778 1.35884210974 -0.214743890172 0.000498589062616 -0.961059098236 0.0702717843063 0.267258372062
9.03333333333 0.524408569502 1.3556850044 -0.22431895413 0.000893742214865 -0.96130210867 0.0698230728936 0.266499897904
9.06666666667 0.524796969611 1.35315460179 -0.232888911216 0.00119943584075 -0.961598414295 0.0701922927125 0.265330158523
9.1 0.523509378067 1.35077457833 -0.241481309253 0.00187482088616 -0.962001413157 0.0705767213678 0.263758777164
9.13333333333 0.524188686383 1.34853492006 -0.251597088165 0.00158324116792 -0.962099286724 0.0712659484851 0.26321781934
9.16666666667 0.526425005616 1.34666787576 -0.260587960741 0.00102251031636 -0.961973760518 0.0729132462952 0.263228222391
9.2 0.524187909425 1.34336171687 -0.267339873277 0.000240244244856 -0.962273140052 0.0727640390422 0.26217501948
9.23333333333 0.521587205466 1.34033257546 -0.277345325637 -0.000282860997048 -0.962335362127 0.0729698343606 0.261889240067
9.26666666667 0.521687782558 1.33488085545 -0.285970388908 -0.000204205152378 -0.962267082668 0.0731461788756 0.262090931604
9.3 0.521777068077 1.33335212994 -0.295487971822 0.000298168152167 -0.962375156578 0.0730446375137 0.261722085479
9.33333333333 0.522055400845 1.33178608388 -0.304456002431 0.000140585863049 -0.962355966469 0.0730999823259 0.261777322587
9.36666666667 0.521777494424 1.3270614839 -0.312842408739 -5.85319251364e-05 -0.962449058014 0.0724871506696 0.261605466859
9.4 0.523247620662 1.32399974776 -0.321331649712 -0.000197622768828 -0.962294520485 0.0722644010076 0.262234767216
9.43333333333 0.524300546275 1.31877257728 -0.329689217401 -0.000879823719062 -0.962241518767 0.0709608746493 0.262783256202
9.46666666667 0.515431376306 1.3101999634 -0.334619089635 -0.00139929336962 -0.963250873805 0.0691611424225 0.259542929919
9.5 0.526350145767 1.3117612228 -0.348225952649 -0.00158775095219 -0.962373783359 0.0707692630078 0.262346891659
9.53333333333 0.522658506021 1.30776687638 -0.357150464116 -0.002691389515 -0.962655095707 0.071206806301 0.261184827026
9.56666666667 0.525262801443 1.30318680855 -0.365990362994 -0.00314817914982 -0.962159063118 0.0739227326915 0.262250749892
9.6 0.528478376317 1.30124017231 -0.372078412889 -0.00298018164587 -0.961852903948 0.0760066377824 0.262779566743
9.63333333333 0.530823987827 1.30060933717 -0.379359343171 -0.00332270122753 -0.961848062323 0.0766667839727 0.262601349764
9.66666666667 0.531302892441 1.29828510531 -0.387772172655 -0.00296069208941 -0.962050430592 0.0757333206422 0.262134826844
9.7 0.531599096793 1.2955169677 -0.395432308052 -0.00259290636967 -0.962232942379 0.0754544357925 0.261548598844
9.73333333333 0.532078947334 1.29543163592 -0.402461645821 -0.00194579643222 -0.96233282766 0.0762612952696 0.260952021504
9.76666666667 0.528880497234 1.28822756027 -0.406676334899 -0.00235308812235 -0.962930771732 0.0745320390338 0.259236893565
9.8 0.531515911355 1.28910025012 -0.413743494489 -0.00130420249555 -0.962886362095 0.074570368753 0.259398174342
9.83333333333 0.530735552143 1.28835563756 -0.420183116071 -0.000111272457273 -0.963297729978 0.0733138809782 0.258229637906
9.86666666667 0.529431720877 1.28815517409 -0.426657575647 0.00219990551069 -0.963791416972 0.0724570063652 0.25661497855
9.9 0.531705882844 1.28617255243 -0.43415625274 0.0042108461778 -0.964098804851 0.0704749072024 0.255986426816
9.93333333333 0.531113523386 1.2857506058 -0.441905101237 0.00606040921336 -0.964862226852 0.068445498135 0.253612634582
9.96666666667 0.541198412129 1.29085434966 -0.45590116323 0.00776480102613 -0.964448477063 0.0683787631347 0.255153263174
10.0 0.54266467922 1.2894308963 -0.464733055728 0.00846674870999 -0.96505796999 0.0660859307279 0.253424699833
10.0333333333 0.544642053037 1.28967836062 -0.476092675731 0.00932276658654 -0.965496645775 0.0643318801819 0.252172009178
10.0666666667 0.541470021937 1.28714622117 -0.482710805362 0.00976826752886 -0.966477359054 0.0625786244348 0.248817224383
10.1 0.545955315279 1.2878556813 -0.492231935041 0.0102635085424 -0.966737567452 0.0616979806282 0.248005030707
10.1333333333 0.547057690798 1.2856845773 -0.501868329303 0.0106205917846 -0.967421238402 0.0593752006347 0.245881955556
10.1666666667 0.545277649099 1.28444512667 -0.510656842878 0.0108678853132 -0.968199074408 0.0589337192427 0.242897628892
10.2 0.545999107815 1.28215904364 -0.519183821824 0.011191969516 -0.968970245786 0.0580524849698 0.240002732462
10.2333333333 0.546642180072 1.2789728478 -0.528518847114 0.0117908458841 -0.969867359166 0.0569290451982 0.236595362149
10.2666666667 0.546099956284 1.27873216503 -0.537543219493 0.0133405758752 -0.970713029902 0.0572291058553 0.232944353991
10.3 0.545582778979 1.27435046825 -0.546501172314 0.0143194430169 -0.971605632256 0.0561814216674 0.229392887378
10.3333333333 0.545021244784 1.27037983005 -0.55568735547 0.0161462726263 -0.972354475382 0.0558002114058 0.22616898216
10.3666666667 0.544443829308 1.26664926032 -0.565248671665 0.0184768546228 -0.972938680332 0.056447223319 0.223299442759
10.4 0.543688903034 1.26674836709 -0.572750309172 0.0204087760103 -0.973526788984 0.0580352023989 0.220138566079
10.4333333333 0.543458799754 1.26359542046 -0.582143739502 0.0217425019321 -0.974207978713 0.057628796116 0.217082932726
10.4666666667 0.543047125977 1.26195830835 -0.590734711532 0.0231440457542 -0.974840639675 0.0584347443219 0.213858507056
10.5 0.54256578104 1.26005451855 -0.598484948677 0.0240608157556 -0.975518942783 0.0580815750654 0.210737751851
10.5333333333 0.53990301074 1.25957231813 -0.605819719033 0.0241294631496 -0.976217590884 0.0577228529703 0.207569401653
10.5666666667 0.538833339857 1.25668860796 -0.614248177055 0.0238994534384 -0.976705566079 0.0560036361912 0.205763568322
10.6 0.539502490265 1.2559532104 -0.622662509131 0.023484897538 -0.976894325113 0.0552131535035 0.205127874336
10.6333333333 0.54007520195 1.2517768632 -0.632643386963 0.0240871146129 -0.977133088294 0.0541232608495 0.204209234136
10.6666666667 0.539064630679 1.25057844614 -0.640307945227 0.0252414624481 -0.977649856978 0.0550473591586 0.201329118543
10.7 0.539187407332 1.24683383734 -0.649108977072 0.0271923191821 -0.978281168079 0.0549893111752 0.197996741426
10.7333333333 0.538609583859 1.24359343239 -0.657203007525 0.0290360052881 -0.979012862682 0.0555201929471 0.193928423073
10.7666666667 0.538222213677 1.24112764756 -0.664584645128 0.0313438922822 -0.979705640783 0.0562602270389 0.189813605121
10.8 0.538113322063 1.23995191854 -0.671273685255 0.0334340990589 -0.980360338828 0.0569393573082 0.185832388625
10.8333333333 0.537088077246 1.23882140861 -0.678001593239 0.0355258206925 -0.981041766719 0.0567143025901 0.181874835804
10.8666666667 0.536952224438 1.23853430292 -0.685197075593 0.0376388851462 -0.981677148078 0.0563257341461 0.178103068303
10.9 0.537339179665 1.23063954587 -0.70365529578 0.0425213320885 -0.983059612578 0.054517331286 0.169745677485
10.9333333333 0.537478069449 1.2286713149 -0.711185396291 0.0451555755393 -0.983772658106 0.0550094394 0.164700615477
10.9666666667 0.538048467074 1.22653634766 -0.718905468676 0.0470378949909 -0.984470734526 0.0556584999064 0.159708924873
11.0 0.53841290463 1.2251878123 -0.726065740955 0.0484991168846 -0.985167045565 0.0564209454806 0.154629896543
11.0333333333 0.538267808111 1.22556600168 -0.73256970733 0.0502879842844 -0.985834678591 0.0575348672794 0.149301186104
11.0666666667 0.537506728146 1.22230093271 -0.739690515693 0.0513404727243 -0.986646218009 0.0571840652931 0.143608422543
11.1 0.536966048712 1.21976593735 -0.746637329171 0.0525866293922 -0.987340147251 0.0574044254349 0.138198451428
11.1333333333 0.536482411853 1.21867399129 -0.752472304366 0.0541517604928 -0.987927522874 0.058009767503 0.133047597715
11.1666666667 0.536966730478 1.21468745624 -0.760609167173 0.0561886112757 -0.988524158212 0.0575553213158 0.127867953696
11.2 0.538582704868 1.21295471711 -0.767218917906 0.0582021257133 -0.98892635552 0.0589303220736 0.123143790181
11.2333333333 0.539080775377 1.21282430189 -0.772388317632 0.0608297967319 -0.98932583407 0.0599323035181 0.118077300383
11.2666666667 0.541688241191 1.21211578525 -0.778633463955 0.0635019450191 -0.9896546613 0.0598462104737 0.113884087731
11.3 0.542377546724 1.20934777538 -0.786024597709 0.06585008218 -0.990062218229 0.0588421246507 0.109444849489
11.3333333333 0.545547879652 1.20850192903 -0.792234223736 0.0682960855643 -0.990320101653 0.0586350604824 0.105658272945
11.3666666667 0.548056300729 1.20618595643 -0.799808630757 0.070484262065 -0.990635121551 0.0575026242934 0.101820788396
11.4 0.55022822737 1.20285745036 -0.807982257807 0.0722518097273 -0.990963816156 0.0569129979123 0.0976283858824
11.4333333333 0.553015463957 1.19814307381 -0.81623780385 0.0745421039251 -0.991233250451 0.056855892029 0.0930995461046
11.4666666667 0.555684225924 1.19551207078 -0.822234284616 0.0764343929527 -0.991480201997 0.058398330856 0.0878318141408
11.5 0.556692083198 1.19556081007 -0.827289751099 0.0782048463233 -0.991654851196 0.0602073707291 0.0829441415721
11.5333333333 0.558313850766 1.19467461561 -0.831522640044 0.0797376247379 -0.991820516473 0.0606301955222 0.0791072291011
11.5666666667 0.560964936425 1.19439807961 -0.837954073834 0.0815480070294 -0.991985920017 0.0597688714608 0.0757729439967
11.6 0.564199910642 1.19291514121 -0.845217802733 0.0835637096487 -0.992140948928 0.0584470266378 0.0725078545255
11.6333333333 0.569000565576 1.19166330636 -0.853339187293 0.0852466888561 -0.992271326138 0.0576407179675 0.06934093304
11.6666666667 0.573742759147 1.18903932504 -0.862107254143 0.0873190189828 -0.992321426381 0.0574113904887 0.0661627380799
11.7 0.577923952501 1.18675677452 -0.869109670071 0.0888421505248 -0.992344541929 0.0582524914107 0.0629764212903
11.7333333333 0.582465783091 1.18671573719 -0.873802375458 0.0903613978856 -0.992344945616 0.0596123142726 0.0594365095646
11.7666666667 0.58573007973 1.18692257047 -0.880027775179 0.0915471472815 -0.992468692222 0.0599245274829 0.0550823546089
11.8 0.589697217901 1.1834110976 -0.889480383092 0.0930569901108 -0.992585136449 0.0595680060463 0.0506635583734
11.8333333333 0.59452042253 1.18200192111 -0.895233714495 0.0941526672105 -0.992575394678 0.0610210096356 0.0469659187134
11.8666666667 0.599661663041 1.18144563388 -0.900768168771 0.0951528004845 -0.992596744033 0.062060322279 0.0429670186728
11.9 0.605884075352 1.17949771481 -0.908273528626 0.0961826746787 -0.992615334432 0.0623731823187 0.0396645568391
11.9333333333 0.610043295647 1.17865619815 -0.91462363038 0.0961213210158 -0.99271459576 0.0627852163667 0.0365573469598
11.9666666667 0.617789962419 1.1742343524 -0.922958421421 0.0962903165052 -0.992795812539 0.0618297084129 0.0355209334174
12.0 0.630814182839 1.16987355983 -0.93671787369 0.0977092614964 -0.992741147688 0.0627028200785 0.0314049400508
12.0333333333 0.638998289218 1.16382943738 -0.946388921492 0.0983991111811 -0.992753588406 0.0625891551352 0.0289918141208
12.0666666667 0.654055430324 1.163864346 -0.955672537725 0.0994199630394 -0.992422282952 0.0679558237946 0.0244067462585
12.1 0.65877575563 1.16460894017 -0.960865385238 0.0998475215948 -0.992400370641 0.0683797625777 0.0222752071152
12.1333333333 0.665064332052 1.16333642632 -0.968093943133 0.0997330881789 -0.992493348989 0.0675235126058 0.0212329597679
12.1666666667 0.672073179578 1.16254176563 -0.974643629654 0.0997801346915 -0.992536462114 0.0672558368109 0.0197976895304
12.2 0.685471392267 1.15441721419 -0.990804494061 0.0997027153098 -0.992722519548 0.0654075994829 0.0168289533828
12.2333333333 0.694070587386 1.15007653532 -0.997317964538 0.100432420515 -0.992584572193 0.0668482780753 0.014849366055
12.2666666667 0.702057015205 1.14898033963 -1.00263542382 0.100774644328 -0.992401633592 0.0695369447116 0.0121688958143
12.3 0.710392435658 1.15129995041 -1.0052487263 0.100810838307 -0.992165936192 0.0730582689582 0.0103159719587
12.3333333333 0.717243413114 1.15214447099 -1.00914910652 0.10097924888 -0.992121005197 0.0737492840107 0.00775534973633
12.3666666667 0.725131603812 1.14913529727 -1.01698894178 0.101390167716 -0.992195979834 0.072327316065 0.00599423414789
12.4 0.732399416659 1.14705819945 -1.02324557359 0.10244360119 -0.992087682898 0.0724471206824 0.00433044125842
12.4333333333 0.741216082569 1.14538420811 -1.02913465338 0.103303220717 -0.991978969432 0.0727732737788 0.00319678244852
12.4666666667 0.751667531911 1.14398667517 -1.03427089605 0.104728014958 -0.991792032335 0.0733246765516 0.00202467005878
12.5 0.761180003591 1.14363852489 -1.03810061234 0.104860050557 -0.991810401086 0.0729142538971 9.83576226001e-05
12.5333333333 0.769218367557 1.14413306892 -1.0448815553 -0.105241779701 0.991736493457 -0.0733487853277 0.00168850280067
12.5666666667 0.78787582181 1.14223197464 -1.05591425063 -0.104657715843 0.991832519556 -0.0725794062536 0.00687353279226
12.6 0.7956677617 1.14131978275 -1.06145762429 -0.104571148116 0.991811323191 -0.0726441339346 0.00989969581707
12.6333333333 0.802336023806 1.14164329855 -1.06539352766 -0.104667115805 0.991772178732 -0.0725435146045 0.0130452616547
12.6666666667 0.808269250406 1.14246642284 -1.07078809879 -0.105748162235 0.991630179963 -0.0722591293967 0.0162951093426
12.7 0.814923958743 1.14056975098 -1.07767526173 -0.107349396336 0.991459398273 -0.0714284599506 0.0195536132731
12.7333333333 0.824422968853 1.14120435115 -1.08043016308 -0.109128778965 0.99116362072 -0.0721600303052 0.0218750220446
12.7666666667 0.83196736943 1.14118806238 -1.08459667241 -0.110934280172 0.990928360482 -0.0713240404666 0.0258350755152
12.8 0.839098958126 1.13948563639 -1.09100831564 -0.112768054792 0.990664190265 -0.0703431399935 0.0303260713156
12.8333333333 0.846100004145 1.13929048252 -1.0951133242 -0.114049354215 0.990337795777 -0.0709396194977 0.0345161620759
12.8666666667 0.852438632621 1.13892566061 -1.09939443841 -0.114950434557 0.990081693585 -0.0709684515451 0.0385761131789
12.9 0.85771291689 1.13780369912 -1.10417346556 -0.116381505599 0.98975928684 -0.0706982103755 0.0428212834607
12.9333333333 0.862983567133 1.13648026061 -1.10868780706 -0.117500024707 0.989472863425 -0.0699997025178 0.0472994543931
12.9666666667 0.869957053993 1.13486441931 -1.11387753217 -0.118733871111 0.989190518416 -0.0693251851888 0.050974550757
13.0 0.877143524587 1.1342341065 -1.11817636836 -0.120393842105 0.988776689125 -0.0692141772073 0.0550942782843
13.0333333333 0.882995194147 1.13346758976 -1.12162253615 -0.121128166445 0.988478491097 -0.0685198904054 0.0595253269687
13.0666666667 0.888702517273 1.13237555724 -1.12721181139 -0.122783967029 0.98799826282 -0.0683226821021 0.0641524840932
13.1 0.894344746344 1.13239145701 -1.13152707106 -0.123264941674 0.98758540185 -0.0688857157731 0.0688155968409
13.1333333333 0.899924108553 1.13181530317 -1.13583111276 -0.123845277267 0.987235385808 -0.0679953722666 0.0735205390217
13.1666666667 0.904681154492 1.13031913724 -1.14299120729 -0.125022124351 0.986742512038 -0.0670511470946 0.0788214883947
13.2 0.910614688565 1.12818173209 -1.14891488889 -0.125811849165 0.986269875587 -0.0669932926825 0.0833967017033
13.2333333333 0.91608765706 1.12872815194 -1.15237986039 -0.126357019396 0.985842740219 -0.0677980279844 0.0868989217904
13.2666666667 0.919215288411 1.12744291036 -1.15982820714 -0.12705888889 0.985349789277 -0.0674566945938 0.0916047263019
13.3 0.926296474116 1.12528709685 -1.16460426487 -0.128500580341 0.984863330968 -0.0674947606364 0.094743218506
13.3333333333 0.930515913826 1.12610301074 -1.16899875544 -0.129300810514 0.984282853786 -0.068199845391 0.0990825172862
13.3666666667 0.935738257832 1.12564332377 -1.17405768614 -0.129227046186 0.98403719199 -0.0665938448919 0.10264713896
13.4 0.93934814426 1.12434571543 -1.18181104052 -0.130264561502 0.983510151297 -0.0654086924932 0.107054328541
13.4333333333 0.943941159996 1.12315923546 -1.18878147751 -0.130926101523 0.983064978698 -0.0650902607116 0.110475615218
13.4666666667 0.949758964352 1.1218730805 -1.19396511042 -0.131209822536 0.982713943298 -0.0639518172584 0.113874725851
13.5 0.95421138553 1.12171049535 -1.19890566095 -0.131565502941 0.982311707064 -0.0629379396771 0.117443792305
13.5333333333 0.959417572884 1.11875023403 -1.20731166302 -0.132456029008 0.981933398216 -0.0601301832317 0.12102298506
13.5666666667 0.96705770928 1.11694482728 -1.2130646274 -0.133305253366 0.981619246426 -0.0604122138169 0.122489709332
13.6 0.971295260751 1.11583716802 -1.21837753502 -0.134829769121 0.980899299505 -0.0607640572768 0.126353579023
13.6333333333 0.976433219404 1.11450168631 -1.22646936629 -0.136407056128 0.980138373281 -0.0615797728221 0.130114625772
13.6666666667 0.980777753009 1.11349524941 -1.23105295592 -0.137047929751 0.979601284294 -0.0621581356185 0.133174903552
13.7 0.985590959095 1.1126282329 -1.2352773471 -0.137394021501 0.979235135563 -0.0614421147072 0.135817151623
13.7333333333 0.989912950379 1.11172543331 -1.24142861012 -0.138050649609 0.978732964679 -0.0596892938973 0.139502652978
13.7666666667 0.994658289979 1.10954492047 -1.24894351335 -0.139560047066 0.978093099412 -0.0581019426292 0.143112006514
13.8 0.99994610896 1.10745057595 -1.25505622876 -0.141113853036 0.977390437893 -0.0575998389246 0.146550574727
13.8333333333 1.0047804184 1.10454231061 -1.2622662172 -0.143050560036 0.976465172473 -0.0572822636441 0.150900783602
13.8666666667 1.00885084318 1.10208302255 -1.26722354488 -0.144535242658 0.975507351743 -0.0571028787648 0.15567347739
13.9 1.01322030835 1.10189698753 -1.27202348558 -0.145657802694 0.974763833943 -0.0582042866145 0.158844369025
13.9333333333 1.02219634597 1.09903489115 -1.28226790554 -0.146795069563 0.973446292239 -0.0552294407785 0.166743013495
13.9666666667 1.02648717988 1.09629819771 -1.2892256334 -0.147836933257 0.972333768073 -0.0531087604537 0.17288939873
14.0 1.03076261253 1.09386251895 -1.29578535377 -0.149149352746 0.971079184196 -0.0525473576397 0.178881144346
14.0333333333 1.03246469178 1.09060032357 -1.30214404228 -0.150472043042 0.969139086555 -0.0506849678032 0.188569958405
14.0666666667 1.03815281087 1.09131321918 -1.30689115609 -0.151328825084 0.968366253262 -0.0522104619485 0.191416963473
14.1 1.04136115971 1.0913271418 -1.31340043249 -0.153503363376 0.966821731009 -0.0532877674008 0.197111318106
14.1333333333 1.05036693551 1.08842645295 -1.32418731313 -0.158140260197 0.964078817557 -0.0538327195567 0.206508425853
14.1666666667 1.05387017081 1.08725495323 -1.32808132288 -0.159858793451 0.962616871268 -0.0541361478795 0.211856561853
14.2 1.05812489544 1.08527284796 -1.33372391569 -0.162107235396 0.960932132536 -0.0542943673504 0.217675911771
14.2333333333 1.06246394003 1.08279707364 -1.33854083462 -0.163897606072 0.959275663329 -0.0547377459043 0.223453699102
14.2666666667 1.06644482694 1.08054215675 -1.34276463641 -0.165493842549 0.957557794647 -0.0561155057978 0.229228942321
14.3 1.07075912345 1.08001411248 -1.34582405558 -0.16672732181 0.95587480325 -0.0574296605835 0.234962113456
14.3333333333 1.07449028321 1.07933350082 -1.34987378743 -0.167621139131 0.954112647111 -0.0577942572538 0.24131314545
14.3666666667 1.07807707088 1.07930681524 -1.35429440069 -0.168503570066 0.952382940221 -0.0582673063987 0.247342279151
14.4 1.08214905134 1.07824729286 -1.35939785859 -0.168787500644 0.950816672861 -0.0581290057078 0.253139196751
14.4333333333 1.08508531025 1.07646005178 -1.36345116868 -0.169078469172 0.949243219561 -0.0586197687218 0.258676446735
14.4666666667 1.08968456163 1.07518970854 -1.3665843014 -0.169881195975 0.947857386651 -0.0587346969935 0.263167226672
14.5 1.09392298528 1.0765719538 -1.36961431417 -0.170532506001 0.94620848272 -0.0598141963561 0.268384860864
14.5333333333 1.09806167156 1.07656709458 -1.37312239345 -0.17130726774 0.944678151873 -0.0590328240022 0.273408366886
14.5666666667 1.10331603032 1.07506596598 -1.3769635587 -0.171635804434 0.943289361287 -0.0581320007583 0.278149244125
14.6 1.10771425404 1.07607959171 -1.38021542059 -0.171409199074 0.941850112436 -0.058756599004 0.282992781271
14.6333333333 1.11184113406 1.07567295665 -1.38341341994 -0.171422328076 0.940402773356 -0.0575796574969 0.287995820012
14.6666666667 1.11607568486 1.07587417675 -1.38613707327 -0.172013175237 0.938973822867 -0.0570484033784 0.292378363064
14.7 1.12081388724 1.07582941856 -1.38870667406 -0.172499060528 0.937454242279 -0.0559504467915 0.297141658563
14.7333333333 1.12524915544 1.07728619378 -1.39090312353 -0.173156573354 0.935992412153 -0.055845155586 0.301357468954
14.7666666667 1.13023175885 1.0761833712 -1.3935910504 -0.173420681812 0.934761702073 -0.0540052433641 0.305334670724
14.8 1.13447619579 1.07640890215 -1.39687665316 -0.173771555912 0.933266766249 -0.0533455301523 0.309791613483
14.8333333333 1.13871242747 1.07647429333 -1.39935037568 -0.173890606825 0.932069672994 -0.0524658455825 0.313457360084
14.8666666667 1.14352327473 1.0772597722 -1.40198181587 -0.174588724187 0.930840255482 -0.0512360041437 0.316907033749
14.9 1.1480358215 1.07729445727 -1.40623314143 -0.175158331445 0.929417782784 -0.0501004975642 0.320923797986
14.9333333333 1.15375689013 1.07733788916 -1.40925051658 -0.175837930179 0.928026838167 -0.0498938425696 0.324588684994
14.9666666667 1.15841745706 1.07827291598 -1.41123935527 -0.175873908389 0.926636395714 -0.050617733256 0.328407069909
15.0 1.16293851697 1.07944560859 -1.41391527465 -0.175134895369 0.925508348984 -0.0507966574412 0.331936385439
