# Format: timestamp tx ty tz qx qy qz qw
# Where translations and quaternions are defined in world coordinates (=> inverse of pose)
0.0333333333333 1.153759027731561 1.304714433799791 0.9127053420314335 0.0002971667827904988 0.9999333029248882 -0.001036232624624661 -0.01149902673181115
0.0666666666667 1.153920713808902 1.301744637713707 0.9110774067939739 9.13470695042659e-05 0.9999290300979209 -0.001043465386535198 -0.01186750201407788
0.1 1.155854332757207 1.306881290916329 0.9110991523673764 -0.0002558455471875669 0.9999320871567008 -0.002999918169295807 -0.01125860149951157
0.133333333333 1.156771577055346 1.305445047328184 0.9121523061035444 0.0001744861292556429 0.9999467417607132 -0.001884716234279698 -0.01014549368367848
0.166666666667 1.154970245637875 1.300536249940528 0.9092359091767825 0.001257023359246535 0.9999570519814096 -0.001131288277924688 -0.009112314258612014
0.2 1.152135344906644 1.30889689335581 0.9102214160452762 0.0008011030508983399 0.9999613908967774 -0.003400174999928044 -0.008063111100799351
0.233333333333 1.151808483661882 1.317272450831679 0.9131499963971311 0.0003225519313847541 0.9999566317739095 -0.003960254210530204 -0.008422999360340718
0.266666666667 1.153466755066384 1.315713760982843 0.9140815489059251 0.0003867717491871241 0.9999552546334491 -0.001731744092513951 -0.009291942848103382
0.3 1.154403430634274 1.312426987270179 0.910991855865482 0.001570155553862382 0.9999529864162408 -0.0005652575779838077 -0.009551965852765264
0.333333333333 1.155950126132901 1.318550360429531 0.9126917427029219 0.001707671916879858 0.9999526490012197 -0.001578258347145315 -0.009449482085429742
0.366666666667 1.155934079697788 1.315545328173796 0.9140659255815361 0.002019975505084125 0.9999586844267011 3.130925754474831e-05 -0.008862739928865486
0.4 1.155409807524365 1.307545668403247 0.9113016189312823 0.002719135707497244 0.9999632121462033 0.001276386925851249 -0.008034394268570243
0.433333333333 1.153353654452388 1.309024702193923 0.9114277039070992 0.00258957915553912 0.9999694572904239 -0.0002606219777927254 -0.007369575462735006
0.466666666667 1.150933775034502 1.315360466936286 0.9142296649762985 0.002184095106248675 0.9999748952468107 -0.001832115537498252 -0.00648706077525044
0.5 1.148376029647908 1.314101122018777 0.9144725231909413 0.001740763969906036 0.9999799093604513 -0.0009621728207091369 -0.006018707423861013
0.533333333333 1.147183407272781 1.312669094082819 0.9141110636113259 0.00183386256280315 0.9999792509319271 -0.0007701194182796695 -0.006127117510624351
0.5666666666670001 1.147585733327172 1.315942382509445 0.9158222797214071 0.001595164791794036 0.9999810337859387 -0.001143928972670602 -0.005837717418698956
0.6 1.147985486763106 1.315081757422563 0.9172133108226569 0.001540152342924211 0.9999811207959741 -0.0004262933221652809 -0.005933317540420494
0.633333333333 1.147689386013078 1.311760117650845 0.9171123846214915 0.00222612318956255 0.999981307589756 0.0005354179267673763 -0.005669406795260573
0.666666666667 1.147774290993444 1.312690423466546 0.9195954998440478 0.003162739678366096 0.9999788596621972 8.854687174902651e-05 -0.005680621955162146
0.7 1.145809387286325 1.31007002286807 0.9193938931197538 0.004137702149326628 0.9999747565004823 -1.242814797255092e-05 -0.005776298898710927
0.733333333333 1.145490217370689 1.307785760669616 0.9191328682710646 0.004475408820545814 0.9999717217279211 -0.0001205329230933669 -0.006042510378473901
0.766666666667 1.143150333671648 1.313275960177932 0.9229798017172125 0.004997948625722398 0.9999528064455078 -0.002178929474244057 -0.008040998553156948
0.8 1.141442964101725 1.312241081072242 0.9228584312106196 0.005559174889332525 0.9999399290966091 -0.001796897860931382 -0.009273884339030494
0.833333333333 1.141156761478613 1.315044202748664 0.9260808893341356 0.005470472080293704 0.9999214667970648 -0.002563815815749325 -0.0109800282855496
0.866666666667 1.142483720728822 1.315166905231884 0.9268366715493418 0.0053561572978897 0.9999005640424832 -0.002724944296407509 -0.01275728357944968
0.9 1.141175094849744 1.31860288561839 0.9293186220151218 0.005602182061938352 0.9998790132014194 -0.003576751860598334 -0.01406347613675943
0.9333333333329999 1.141978855676845 1.320473486534908 0.9307086111279465 0.005400346350785043 0.9998515323979139 -0.003634268560036307 -0.01595435716948689
0.966666666667 1.141000953870335 1.322141913061906 0.9319095704048029 0.006022738346832501 0.9998112356137502 -0.003740168215407803 -0.01808952473948805
1 1.138369353704515 1.321561112166163 0.9323919183579371 0.00646327994506765 0.9997766783678208 -0.003446456774765294 -0.01982274804939523
1.03333333333 1.134140990725298 1.320726379385635 0.9338796870551361 0.007057182426632971 0.999735698954626 -0.003311946108896498 -0.02162774664657441
1.06666666667 1.133818930728698 1.318202729654855 0.9349571523757727 0.007778766489326512 0.9996701069921435 -0.002349952401058596 -0.02436484562101484
1.1 1.132296802853971 1.315311780201418 0.9351843090668246 0.008986261909614494 0.9995956345166611 -0.001612719782873506 -0.0269297918164045
1.13333333333 1.126587442772877 1.313095186668128 0.9368973959921365 0.01032803684441544 0.9994277642969394 -0.001196484474395579 -0.03218763788214189
1.16666666667 1.123273967445128 1.315880325468355 0.9430441361752797 0.009784833463465065 0.9993493527493124 -0.001742351607275341 -0.03467120424661012
1.2 1.123298800841722 1.315957784937596 0.9434852263534367 0.009641176522138091 0.9992214229177173 -0.001478608561558583 -0.03822838493919328
1.23333333333 1.123379088021271 1.316064394890469 0.9440114391710772 0.00988328283262296 0.999062998581175 -0.001084846413164542 -0.0421220689785631
1.26666666667 1.123476521038232 1.316082786788985 0.9443665698887878 0.009825136695044508 0.9989007842857872 -0.0009069707645041902 -0.04582430846050745
1.3 1.123547054800949 1.316151805232715 0.9447725449041228 0.01031025103075636 0.998725207904119 -0.001082435478086125 -0.04940127684041161
1.33333333333 1.119299746722391 1.315340199515996 0.946747637024588 0.01155172793209335 0.9985753093676495 -0.000876779141471714 -0.05208781394568844
1.36666666667 1.114553722390826 1.314059346412712 0.9474907270879811 0.01309659264120915 0.9981920320294065 0.000189806263871132 -0.05866097875093889
1.4 1.114244212703168 1.314064496394582 0.9487647657462536 0.01345526696729831 0.9979728848531825 0.0003830131545682538 -0.06220072498528684
1.43333333333 1.109140975126443 1.313540394043914 0.9516216505921687 0.01369032185389898 0.9978003707756641 0.0008692347789813389 -0.06485552866231156
1.46666666667 1.108600789209802 1.312935145707923 0.9515474047547102 0.01426099898494032 0.9975454658397995 0.001141960884570217 -0.06854460894874351
1.5 1.108876573608851 1.312997930102554 0.9521296940924764 0.01585342747574692 0.9972470745418107 0.001099815112182384 -0.07242742271539947
1.53333333333 1.108897357127698 1.312822195586428 0.9523600506350856 0.01705598990550849 0.9969597274519567 0.001308394139725707 -0.07601765026292238
1.56666666667 1.10833691922041 1.308915509768718 0.9517897639534505 0.01795900233261806 0.9966584621790394 0.002667165344678511 -0.07963837159472455
1.6 1.107729734695632 1.307951939065988 0.9515977052877671 0.01859472320897922 0.9963391735822467 0.00317222493924588 -0.08338119957840991
1.63333333333 1.107490455691507 1.308942502736157 0.9539421831567106 0.01954064015450692 0.9960179669425051 0.002811490497976075 -0.08693945266849619
1.66666666667 1.107954705772208 1.309483236558204 0.9561007109734452 0.01963178977221042 0.9957180049626702 0.003306518450926839 -0.09027355293511954
1.7 1.107983501745844 1.309109375865192 0.9558401909093088 0.02015931105049902 0.9953719841976751 0.003762582043837678 -0.09388321590366891
1.73333333333 1.108054410174591 1.309465419913787 0.9563907926277764 0.02061524335876123 0.9950152339532784 0.003163406560548724 -0.09751763328760341
1.76666666667 1.108164809941538 1.310160937788856 0.9575816608254518 0.02101874898010054 0.9946576618559307 0.002986698973660841 -0.1010219160955751
1.8 1.107963841389045 1.31001596310045 0.9576327751850831 0.02179956156816344 0.9942352230788267 0.003586875612280485 -0.1049201345201714
1.83333333333 1.104682720701274 1.307959511819696 0.958588011350374 0.0221047029832842 0.9938823529622616 0.004093322896795668 -0.1081318421345196
1.86666666667 1.103605552421387 1.308513176908029 0.9593278289808688 0.02290333287861936 0.993480795319914 0.003812881672434703 -0.1116100739482818
1.9 1.103530594973558 1.310657834568275 0.9614275487934106 0.02375211696752251 0.9930456457453565 0.003670359016198821 -0.1152506436906453
1.93333333333 1.096888123225636 1.309028037634887 0.9624172993379759 0.02496621556427762 0.9926711537889531 0.004788870628058792 -0.1181428594289727
1.96666666667 1.094189351937185 1.306670864153471 0.9625047254899882 0.02662761465051535 0.9921814728181055 0.005244033745091196 -0.1218170564636628
2 1.092218304986478 1.31072296507935 0.9646300009412976 0.02785967133063845 0.9916659110353968 0.004351646936908074 -0.1257124606866367
2.03333333333 1.092914936793402 1.312379327174326 0.9658148715672289 0.0285083662325657 0.9910636322446875 0.004439940421217465 -0.130232241884843
2.06666666667 1.090768997644976 1.312596623009652 0.9655778848235039 0.02953057244871592 0.9905089071294606 0.004730159017963076 -0.134155416527361
2.1 1.089459496872126 1.311411585960017 0.9631781754980497 0.03113385604993944 0.989908519554257 0.004692114719786374 -0.1381658061169472
2.13333333333 1.084748549582911 1.312558351907887 0.9675490079719334 0.03133464327693544 0.9894420353391264 0.004430902373581252 -0.1414318420233774
2.16666666667 1.082114206048143 1.312060950880199 0.9682004920604612 0.03178127503174133 0.9888565147622508 0.005132940904383532 -0.1453492232070984
2.2 1.084349212298172 1.315501034065588 0.9699414767047183 0.03172319619086208 0.9882345124108576 0.004819269967970025 -0.1495425088073951
2.23333333333 1.084373563160282 1.316653978506911 0.9718526416181565 0.0326686285379312 0.9876428881967295 0.00589059594320245 -0.1531652277209694
2.26666666667 1.084489047966734 1.314414858606463 0.9687783969131054 0.03422176314065331 0.9868993397826645 0.007577225193789782 -0.1574838078084062
2.3 1.073319171163821 1.317568067923647 0.9750169817167835 0.03420632606350933 0.9865806723295271 0.008002826857829626 -0.1594504907657161
2.33333333333 1.071842858085671 1.316679072745896 0.9753797124157261 0.03556868616262048 0.9859405007592364 0.00881073624720724 -0.1630293484428794
2.36666666667 1.068061948278909 1.316734859911196 0.9774169247748871 0.03661411962729115 0.985425527097563 0.009493942380073844 -0.1658487318230713
2.4 1.066959412220923 1.316269423265054 0.9777282869834966 0.03763974670146982 0.9847992092025885 0.009993024355931836 -0.1692746480903058
2.43333333333 1.063955616388313 1.315723784257747 0.980196895717756 0.03892301913568168 0.9842170797320173 0.01005896034965039 -0.1723384921094414
2.46666666667 1.062794606257428 1.316550419198418 0.9831168937676104 0.04056783495531946 0.9835079746304747 0.01006224944275041 -0.1759689340219988
2.5 1.058103399599175 1.318553692551157 0.9872018999215169 0.04174333238313645 0.982895115412293 0.01043695332461141 -0.1790691383368128
2.53333333333 1.0555599927464 1.31891874646881 0.9901181749441244 0.04243784493341663 0.9821485804819171 0.01086922586450065 -0.1829345650873859
2.56666666667 1.050924832269397 1.320719983125712 0.9984189343806645 0.04270835253025827 0.9814819276498259 0.01099188526852975 -0.1864092293307306
2.6 1.050206705579419 1.320720675567686 0.9972281409115713 0.04323963237725911 0.9806292231042437 0.01066473710927652 -0.1907430847195123
2.63333333333 1.048778158359539 1.320879691357431 0.9951232461268992 0.04454844226407383 0.9797114548259388 0.01071502730630332 -0.1951053299218129
2.66666666667 1.048058305627076 1.32104499340925 0.9933098094592422 0.04527427487987436 0.9787810718577792 0.01067337152972464 -0.1995593459274836
2.7 1.047492113423337 1.321167285167393 0.9930872218514 0.04580523756888844 0.9777387880672571 0.01103324810210109 -0.2044676256907955
2.73333333333 1.046203711571641 1.320566745261597 0.9935200770847539 0.04609602731656676 0.9767245816970686 0.01164606033856834 -0.2091617007295807
2.76666666667 1.045748046022335 1.32059928565553 0.9939721221382742 0.04647856384301843 0.9757090812503083 0.0125375339899543 -0.2137155635676158
2.8 1.044011804102988 1.320091721802573 0.9939277440944335 0.04660349072262684 0.9748217173851628 0.01399993552206258 -0.2176114330005389
2.83333333333 1.041174257053955 1.318663789200332 0.9928931047567895 0.04655341286218506 0.9739599222811898 0.01510369115782506 -0.2213746328133591
2.86666666667 1.040923612978917 1.31850914049519 0.9925649327739042 0.04566578161014372 0.9730939354341324 0.01464045916381514 -0.2253630097577712
2.9 1.041074587867919 1.31904801958788 0.9937168607701604 0.04498461583855228 0.9722493735075083 0.01416201049287407 -0.2291440104199432
2.93333333333 1.041176711056437 1.319368550599263 0.9942619315437826 0.04485154665465189 0.9713343309329258 0.01384125310705035 -0.2330372846251548
2.96666666667 1.040937135431561 1.319155365974302 0.993899129587134 0.04551731671600995 0.9703165713150882 0.0132254175549845 -0.2371476621030251
3 1.041023771603195 1.31925763794737 0.9942378805082904 0.04603328390807711 0.9693722150377981 0.01306580370608748 -0.2408894565130115
3.03333333333 1.040358939517022 1.31924964714152 0.9948906405711533 0.04715343812679499 0.9684152372621246 0.01302071115135339 -0.2444973263511416
3.06666666667 1.039736797421222 1.319047139440314 0.9945969177753413 0.04917545243913726 0.9674362142702686 0.01262605339991128 -0.2479708228232186
3.1 1.035775347501364 1.318123478394373 0.993320102573956 0.04946180166524724 0.9667167491599914 0.01198866107983645 -0.2507359748323122
3.13333333333 1.033432569621278 1.318429212134688 0.9945151919351439 0.04842416722108556 0.9659032121247192 0.01108063475647524 -0.254093101773942
3.16666666667 1.032503605620454 1.318012266584012 0.9948252286085295 0.04849185898740138 0.9647277912612605 0.01037470643063195 -0.2585366392734574
3.2 1.031430350378744 1.317315815865388 0.9937798971534993 0.04813555441066513 0.9635503343164642 0.01008492370239581 -0.2629677089562857
3.23333333333 1.03094474395652 1.317431040227172 0.9939429690193226 0.0486451464273531 0.9624542455391798 0.01029683420307994 -0.2668509887156392
3.26666666667 1.029269537810993 1.316969176294238 0.9925016874099514 0.04823833493360884 0.9614940044832638 0.01057416448712834 -0.2703526020429364
3.3 1.027396060231403 1.316456217010533 0.9915738422659163 0.04673199757093984 0.9606587630964323 0.01047947306330423 -0.2735709084178481
3.33333333333 1.026252359069162 1.316114061245497 0.9910632973238922 0.04650422984312592 0.9596632291109308 0.01069030538823634 -0.2770732045319383
3.36666666667 1.025615097749579 1.315915075239928 0.9907769440868341 0.04622463911279747 0.9588176172862196 0.01072473367831104 -0.2800304262196581
3.4 1.024747175920306 1.315667906184071 0.9903803532821713 0.04518470627682071 0.9581383568833775 0.01052109017221141 -0.2825217479228737
3.43333333333 1.023693777248387 1.315348147928645 0.9898370171179456 0.04507580898546266 0.9575365102546967 0.01085693339443824 -0.2845595367755948
3.46666666667 1.020368328654194 1.314153050406093 0.9883027335342124 0.0444098084790909 0.957216754949432 0.01097280277260035 -0.2857331807027995
3.5 1.019248895808888 1.313857107030085 0.9876602738761315 0.0436255610882558 0.9567282687553417 0.01058093159223188 -0.2874993462090031
3.53333333333 1.01798860433623 1.313674471122005 0.9872281731183611 0.04255918002842768 0.9563678631552992 0.0103907122019885 -0.2888620079198072
3.56666666667 1.017010403896314 1.313339193918398 0.9865297100515327 0.04251359240261898 0.9558459310481383 0.01061490309802681 -0.2905829905398362
3.6 1.015566232133539 1.312903468819533 0.9858307480889353 0.04214143313420423 0.9554578661596193 0.01060299322182917 -0.2919108462233124
3.63333333333 1.012339239670168 1.312596146986883 0.9842884505178532 0.0423136714684353 0.9547513246887147 0.01179896258009905 -0.2941432400959907
3.66666666667 1.009951923388198 1.312364571875229 0.9828903202943976 0.04301832263542701 0.954490661622965 0.01231508126433676 -0.2948649514013542
3.7 1.007906519059314 1.312394855523277 0.9818941841446532 0.04263043222426604 0.954136631369689 0.01195462067674292 -0.2960794183504726
3.73333333333 1.007571079788407 1.312560011825125 0.9818336895849904 0.04324903062377074 0.9536771824590137 0.01201474228720552 -0.29746428184655
3.76666666667 1.005131221146396 1.312732953925215 0.9809593510683158 0.04239850657021176 0.9534875874276735 0.01305908860988283 -0.2981497064669461
3.8 0.9969111727655986 1.315372940240533 0.9818988003258853 0.042718378426244 0.9533693004004187 0.01358327013409063 -0.2984587274179545
3.83333333333 0.9878710087610082 1.317364566449753 0.9833879712162282 0.04291091081886655 0.953162618722627 0.0141369343689943 -0.2990649145081756
3.86666666667 0.9773129332795887 1.319165285055585 0.9860884102235287 0.04314218554116785 0.952877019006073 0.01485385433189735 -0.299905821031174
3.9 0.9714481907945468 1.319847669764033 0.9863816746054316 0.04417486467227895 0.9522619040525051 0.01632440124747549 -0.3016278524045526
3.93333333333 0.9617796847254858 1.319055329024489 0.9869183605054094 0.04551256875303616 0.9518075382541239 0.01881139719822373 -0.3027162822568187
3.96666666667 0.9498350263965331 1.317795077674443 0.9848599866677796 0.0472323007104078 0.9513468650692388 0.02067356940460964 -0.303777641737742
4 0.9274673070804702 1.314892292526435 0.9861381830351007 0.04691857907316248 0.9515418007874583 0.02176014177239607 -0.3031391504278797
4.03333333333 0.9122669939900857 1.317053267815318 0.9909915592491561 0.04532076795523034 0.9514113156962788 0.02174007745637243 -0.3037925367570697
4.06666666667 0.9083183936396543 1.314700280364914 0.9883457465616335 0.04489997080995645 0.9503213521493576 0.02313163820038671 -0.3071453199780754
4.1 0.9018635000051183 1.315570680745901 0.9854302653294067 0.04518698202711183 0.9493234659500076 0.02365566383587573 -0.3101346533705686
4.13333333333 0.8963525775535093 1.315565541667761 0.982348103528064 0.04496950645354838 0.9482787828375098 0.02312488705028807 -0.3133852790226933
4.16666666667 0.8987064833002012 1.319567703418086 0.9801210464412868 0.04430316853320639 0.9469724798662952 0.02193716232737539 -0.3174887597115175
4.2 0.8892192479438877 1.314009900582869 0.9776946682406604 0.04509749687292582 0.9463386253529223 0.02370182781576262 -0.3191357787816957
4.23333333333 0.8826679043438245 1.310221501020567 0.9732040343549808 0.04587807189658749 0.9455571569683915 0.02483304490682779 -0.3212478564993479
4.26666666667 0.8757970423144504 1.312948166909463 0.9700535585027001 0.04657015273453769 0.9447987750425231 0.02456069261143384 -0.3233933640794671
4.3 0.8692061228811693 1.314390063012257 0.9664298761943869 0.04723790802201763 0.9439830876181684 0.02320037013860092 -0.3257702459731077
4.33333333333 0.8656941536138256 1.317120884312593 0.9648020316570906 0.04684284296552522 0.9431476884962103 0.0214093434844151 -0.3283592936986934
4.36666666667 0.8599553613160162 1.317971553228107 0.9616440114142416 0.04531641140615136 0.9425354401739255 0.0205927188669653 -0.3303775216373738
4.4 0.8481138657652193 1.313876360613508 0.9581397588953197 0.04470516530249807 0.9421993909345319 0.02123194437388191 -0.3313773686546468
4.43333333333 0.8404866666872257 1.312367587343391 0.9533079935792143 0.04480018058514731 0.9416674755639831 0.0207629523406012 -0.3329027021430618
4.46666666667 0.8349769446505061 1.310863554231516 0.950571125836741 0.04350889829702012 0.9411006251686801 0.02064995799925315 -0.3346792020882467
4.5 0.82995351266159 1.310198059811187 0.9467763824344048 0.04244859488821401 0.9403314856038821 0.02194616094521872 -0.336887488627676
4.53333333333 0.8225096567144153 1.304922480207607 0.9392777863979058 0.04432483905485625 0.9395974592164001 0.02270333568412511 -0.3386391616829748
4.56666666667 0.80326662553214 1.303920405954834 0.9420600076162822 0.04233616728311039 0.9402593548122383 0.02040270730079052 -0.3371998282370638
4.6 0.7990889916032379 1.304251540017045 0.9405748096389422 0.04026401550107978 0.9402589388189093 0.01920398810963829 -0.337525027024559
4.63333333333 0.7955515890620625 1.302731303740798 0.9345294210604272 0.04050207393749802 0.9400989661755623 0.0194266142771896 -0.3379291678148383
4.66666666667 0.7883599800829469 1.300766237716832 0.9299962738648646 0.04093057757463255 0.940130243842049 0.01931783372939693 -0.3377967343440517
4.7 0.7821228990139611 1.299282037399224 0.9252457897177903 0.04094087920619138 0.9402068635778026 0.01904855515434815 -0.3375974683530782
4.73333333333 0.7732703899846859 1.297943362020165 0.9201441393313532 0.04067844491696423 0.9403740852223081 0.01866502386707326 -0.3371846094420829
4.76666666667 0.7654712494623288 1.296751153656284 0.9158783012501672 0.0399155995573998 0.9403552470278366 0.01813513686230056 -0.3373571862436037
4.8 0.7604648242245159 1.296721380928974 0.9119271883311619 0.03857370514194634 0.9402655167745047 0.01774170066701406 -0.3377840423901449
4.83333333333 0.754504720934164 1.295692655971013 0.9066830405749741 0.03826993337623605 0.9401915969340598 0.01851585176291418 -0.3379827458439714
4.86666666667 0.7480359117138853 1.293685409686828 0.9004423005270712 0.03890291955460574 0.9400312160935753 0.01902894132342072 -0.3383279104842601
4.9 0.7412017050111466 1.290079976010146 0.8945379937786461 0.03904871325446974 0.9401347674588828 0.01877931259737857 -0.338037208642294
4.93333333333 0.7381146014287584 1.289542321363061 0.8904554275632135 0.0376771322330487 0.9401002105128692 0.01798024910225758 -0.3383322901276292
4.96666666667 0.7340073619187482 1.289457048225548 0.8862991368609183 0.0374469720106696 0.9401670484311125 0.01818886038347887 -0.3381609242495222
5 0.7271461612483344 1.287840534246576 0.8813182971338462 0.03852765691869875 0.9404901115109403 0.01899173264465901 -0.337095363203488
5.03333333333 0.722085772319063 1.284817059451853 0.8757254672821826 0.03976656968460031 0.9407088086852733 0.01935357887325601 -0.3363197826194221
5.06666666667 0.7121003908478942 1.282148966598223 0.8673734135676573 0.04133775984043843 0.9408739852302098 0.01969951604638965 -0.3356475273191172
5.1 0.7057396388722869 1.28100648384365 0.8625190324967862 0.04280207033048947 0.9409295981500509 0.01924258353725105 -0.3353344555511676
5.13333333333 0.7009036552769051 1.27916481140051 0.8577546315258019 0.04274403306183599 0.9408241986729478 0.0187031166164796 -0.3356679434467701
5.16666666667 0.6973111120833668 1.277925594403065 0.8539896875699263 0.04183095080337233 0.9408582724829202 0.01856567603831358 -0.3356950972666435
5.2 0.690052576388035 1.276900394669275 0.8493951637789287 0.04052678716660258 0.9412175449361885 0.01907255819842851 -0.3348183838294059
5.23333333333 0.6814215247171608 1.276330401844254 0.84606182690922 0.03901898783524265 0.9414650883803745 0.01860682269618584 -0.3343273726437342
5.26666666667 0.6773149566227114 1.274488565805659 0.8411563187586947 0.03794388354374695 0.9415672442757183 0.01831599913417434 -0.3341794583532903
5.3 0.6655706484575776 1.277679769289845 0.8374688035624176 0.0352243174096576 0.9423714841469811 0.01745371911603754 -0.3322508104116949
5.33333333333 0.6513961254125107 1.271383843582886 0.826238406024751 0.03343589040077048 0.9430829306905005 0.01686582281327921 -0.330442386952175
5.36666666667 0.6502552479392603 1.26991004124893 0.8194524715459224 0.03193358240712718 0.9431942397835937 0.016010209605834 -0.3303158269618635
5.4 0.6426535626081571 1.268082593502137 0.8138911205394217 0.03107121245808639 0.943950116584497 0.01547651272021262 -0.3282578783680951
5.43333333333 0.638008634332573 1.266641602474776 0.8070962022619282 0.02997323956244416 0.9447046518067141 0.01492225536826353 -0.3262086020627843
5.46666666667 0.6306234133718004 1.265610327777775 0.800845516397611 0.02882695360919942 0.9455592919149668 0.01458993033346312 -0.3238421932839535
5.5 0.6215130039335311 1.263945689821598 0.7942760495571832 0.02745721301739389 0.9463756231738212 0.01417092867583987 -0.3215874159480511
5.53333333333 0.61407330840648 1.26185617294903 0.7862972962327971 0.025672656994225 0.9471023849037421 0.01345008938765934 -0.3196202157056285
5.56666666667 0.6111649537108701 1.261049924675124 0.7790904169875594 0.02340775445742791 0.9477380791911012 0.01199118355788541 -0.3179635542005526
5.6 0.6047529851306072 1.256872292314038 0.7714157233738549 0.02265639300915101 0.9485919085442144 0.01194657959061977 -0.3154637192065671
5.63333333333 0.5971301827108821 1.254225918877665 0.7621282031662426 0.02169593791011454 0.9494723152048979 0.01154069781787561 -0.3128872340505915
5.66666666667 0.5931544309302434 1.252775471814286 0.7546136615708944 0.02037858654814626 0.9501931844371124 0.01071611195682016 -0.3108098943153453
5.7 0.5784264029724386 1.264225289511028 0.7472326297683888 0.02056018324103085 0.9513385591673845 0.00833413097094382 -0.3073479574788279
5.73333333333 0.5716049546134855 1.261461631573242 0.7375592913074174 0.02055101913917967 0.9518672113799447 0.007062587621701534 -0.3057394108856394
5.76666666667 0.5585620685771407 1.34702823201982 0.7502832263208269 0.01815397883917942 0.9534001662976792 -0.01158700362617335 -0.3009390258890421
5.8 0.5475204428868125 1.343740341826278 0.7413734471124687 0.01882655861229769 0.9542145863309576 -0.01132109543726738 -0.2983151298904627
5.83333333333 0.5366777342313866 1.34058451109032 0.7320058727848183 0.01958284849121786 0.9549065189228909 -0.01146272317690226 -0.2960382714134929
5.86666666667 0.5274188754380369 1.33731155431049 0.7235284126422916 0.01945544047084061 0.9554411694604202 -0.01260522521688321 -0.2942698860456684
5.9 0.5196564366558466 1.335225068627399 0.7161186658354919 0.01722504350634094 0.9560395329726588 -0.01398460355360119 -0.2923972300369241
5.93333333333 0.5136038065011955 1.332491439505803 0.708280880961105 0.01552028813012962 0.9565184749381573 -0.0138014982093323 -0.2909313431127167
5.96666666667 0.501700960813519 1.331927215153733 0.7021492264423483 0.01496882467719253 0.9574462955574621 -0.01337740490749301 -0.2879124353852156
6 0.4930328221898489 1.328957130923906 0.6936496858920995 0.01423557062638416 0.9583663275035548 -0.01321895719312922 -0.2848799571882836
6.03333333333 0.4848340695943506 1.325068508027953 0.6857281586656477 0.01371718354903553 0.9593161487711168 -0.01315979949600979 -0.281693424240229
6.06666666667 0.4770417772859491 1.322250436319986 0.6782349291476353 0.01351464592274213 0.9604067047574589 -0.01294985758812144 -0.2779723313409582
6.1 0.4678298436044403 1.319628328209774 0.6703375301042128 0.01309125654562314 0.9616098190154 -0.01297898674588208 -0.2738005129233936
6.13333333333 0.4543721839958053 1.319909930710583 0.6614441014766356 0.01227163548474147 0.9630042285204217 -0.01413949995284108 -0.2688351490333498
6.16666666667 0.4530467959941161 1.317433031934328 0.6556031281337402 0.01184409625794335 0.9636687257912704 -0.01403621629905633 -0.2664681762388868
6.2 0.4521306379387755 1.311551582784847 0.6440328915887237 0.0118829859362353 0.9641025655457505 -0.01266297020948857 -0.2649616706987237
6.23333333333 0.4494650448165604 1.307351322850843 0.6359007229406082 0.01112400226659485 0.9646285850708616 -0.01242020600038385 -0.2630849443081947
6.26666666667 0.44695017806499 1.303558947305044 0.6285518427563835 0.01106001846781443 0.9650611875843601 -0.01244747215924158 -0.2614950107494312
6.3 0.4448675804394193 1.300029846670602 0.6216009260463417 0.01090458302157294 0.9655284433628266 -0.01218186557673629 -0.2597835970159857
6.33333333333 0.4439686164879375 1.295761343742318 0.6133338763056491 0.01170347971639969 0.9659065088351733 -0.01175213458645356 -0.2583593081070786
6.36666666667 0.4419622129131869 1.291149232427512 0.6043508961295326 0.01121452048183556 0.9662230189770805 -0.01130808626573662 -0.2572147727351219
6.4 0.4391258709850588 1.287052802454882 0.5964314840932082 0.01114393839106961 0.9664963147137939 -0.01124380462928256 -0.2561918483067662
6.43333333333 0.4335774656625243 1.279627396756695 0.5823872324504844 0.01088658769948855 0.9670590427666123 -0.01214711912568871 -0.2540290091850791
6.46666666667 0.4310283186608477 1.275118766347856 0.5740985316969136 0.01101528161101251 0.9673483907909064 -0.01173217612187861 -0.2529389460888487
6.5 0.4238691364506698 1.265032907511278 0.5563681717489529 0.01101461675162534 0.9677650301121354 -0.01120842231194153 -0.2513640705827285
6.53333333333 0.4189890512991513 1.257868106057127 0.5456169943840472 0.009888999205164993 0.9679755778519781 -0.01023056737907751 -0.2506408264198615
6.56666666667 0.412951871100868 1.249562756598937 0.5270677411414816 0.009675687496900199 0.9681889748867664 -0.008439561101197894 -0.24989050359476
6.6 0.4247905963392027 1.259286475621047 0.5372204155232626 0.01052097047889306 0.9678659013173373 -0.01035447680384779 -0.2510332469170172
6.63333333333 0.4207734201157263 1.26148998575351 0.5175243322262116 0.009714756314521617 0.9679006580728635 -0.01202911260157923 -0.2508570111880257
6.66666666667 0.4225848890889254 1.255821539205015 0.5047462973845264 0.009884094653535378 0.9676017324553524 -0.010645676684979 -0.252063209512179
6.7 0.4207528317077851 1.251092910564031 0.493157630811869 0.009867439038741889 0.9673406376120999 -0.01026429514039772 -0.2530797674973871
6.73333333333 0.419324055104459 1.247150445334122 0.4835658312807465 0.009580667644593539 0.9669614576757593 -0.01017361077787718 -0.2545392854191098
6.76666666667 0.419650516293443 1.241983790036922 0.4716099315176188 0.009552618982584015 0.9664181708548542 -0.009517785407271209 -0.2566204946478889
6.8 0.422689656595079 1.236069794949731 0.4589610813332974 0.01073635669393802 0.9657247218982938 -0.007986264978813619 -0.259223285471589
6.83333333333 0.4259457093991689 1.228538567439898 0.445879918811429 0.01385125415742011 0.9649871445923518 -0.005810667839259405 -0.2618667402875259
6.86666666667 0.4269009566544031 1.221969261318415 0.431981690059499 0.01585632786561501 0.9643999261279771 -0.004247835797193377 -0.2639380897899239
6.9 0.4220559039841983 1.217534822956139 0.417938204566913 0.01576342034450187 0.9643046553625992 -0.004184752328101888 -0.2642925161129439
6.93333333333 0.4192087336962777 1.224080142795392 0.4094567949892785 0.0163341798739053 0.9642881596339338 -0.006964234046787598 -0.2642594164851457
6.96666666667 0.4172464655351497 1.220737152149491 0.3988637433795829 0.01704788583098182 0.9642970881095229 -0.007312753988831956 -0.2641723283782119
7 0.4177077282793136 1.215609163191172 0.3856579780932219 0.01769011139684018 0.9640551688408786 -0.006696656204891706 -0.2650280101909235
7.03333333333 0.4155221077163258 1.211645743556492 0.3746280610488583 0.01833700880924051 0.9637996140967291 -0.006883960078057407 -0.2659072565187525
7.06666666667 0.4128895727839114 1.206507049408701 0.3630653810000862 0.01880118004468471 0.9634605133777584 -0.006980863747000032 -0.2670985255150846
7.1 0.4101573260736766 1.201076252895946 0.3521984187527061 0.01910769877049914 0.9630977624468205 -0.006944291276708468 -0.2683828843964131
7.13333333333 0.4097259588493785 1.19665027604133 0.3409999891059826 0.01998658739311645 0.9626097992997117 -0.006779850195949057 -0.270068406609219
7.16666666667 0.4084016215009295 1.191370826456885 0.3289861301124816 0.02063076192846207 0.9622084135512604 -0.006078423366081818 -0.2714634290718666
7.2 0.4040321593522239 1.188009596387861 0.319453700701805 0.02017479861943956 0.9621290884481019 -0.006566716994782716 -0.2717673138757093
7.23333333333 0.4038823003336994 1.195696689287048 0.3106905068378505 0.01920383827786111 0.9617197879041225 -0.01041441807866739 -0.273162592689755
7.26666666667 0.4039810529489405 1.1941235890601 0.3006940748043511 0.01840114578110385 0.9611319939986707 -0.01125734824671224 -0.2752452725427061
7.3 0.4047490918389952 1.193044901326741 0.2908709634354477 0.01769263357182567 0.9605471333265636 -0.01197688289601039 -0.2772953833952295
7.33333333333 0.4060999124270461 1.192153560727963 0.2818819326268642 0.0171730062775521 0.96003843532653 -0.01184097589109034 -0.2790897379699186
7.36666666667 0.404008446715969 1.189313479837555 0.2710513212903743 0.0174555338787067 0.9598222987165403 -0.01076362515335228 -0.279858184794384
7.4 0.4038598792344623 1.188123327173135 0.2611878289139719 0.01695927524042156 0.9596033993403283 -0.01105991928391407 -0.2806267577110181
7.43333333333 0.4039643485428162 1.18711792377883 0.2520746913087175 0.01694817085852342 0.9594473791157627 -0.01102352154841115 -0.2811618185036036
7.46666666667 0.4040964675953649 1.187585311055385 0.2425416189925751 0.01706762856669751 0.9593765208251988 -0.01043327667582631 -0.281418787721156
7.5 0.4029089218786009 1.18580668468801 0.2321731994050828 0.01763337340055046 0.9595799339302049 -0.00939269997703474 -0.2807261863967893
7.53333333333 0.4061600483217322 1.18481670123567 0.2116995378140409 0.01853677110413016 0.9596788495721131 -0.00904310683156912 -0.2803410708751402
7.56666666667 0.4047707535211615 1.182597272844287 0.2020043669143446 0.01847185432295744 0.9597587102757965 -0.009247607101458924 -0.2800651538682263
7.6 0.4075163898638227 1.18188995061595 0.193791523802593 0.01879128129814491 0.9595606040081509 -0.009657094036508274 -0.2807081678857715
7.63333333333 0.4059219871284044 1.179940930434053 0.1837353992414355 0.02028180593101773 0.9597134262947243 -0.009257396726774602 -0.2800947845700184
7.66666666667 0.4043086863842514 1.178303576046417 0.1743804345691195 0.02122042359432966 0.9599814602723736 -0.009726719006801283 -0.2790890189411961
7.7 0.3982772309040614 1.178199344972931 0.1590895038265996 0.0199958234917398 0.9606253726117462 -0.009020117560955191 -0.2769795985557945
7.73333333333 0.3950263233010609 1.176086340200133 0.1480863965936237 0.01925342690746049 0.9610518195585582 -0.008090312442664702 -0.2755780334517565
7.76666666667 0.392655630727117 1.173987881792804 0.1371244918991246 0.01817188317643891 0.9616585446851044 -0.008728463167428122 -0.2735076599052131
7.8 0.3911123473779352 1.171891168915782 0.1276438857517139 0.01689961541695688 0.9623211828222479 -0.01016950713630598 -0.2711990509098237
7.83333333333 0.3894748514819752 1.170354572315752 0.1176021256007541 0.01581579488900069 0.963049225969966 -0.01210800897003958 -0.2685878722291349
7.86666666667 0.3871030838119237 1.169198788214861 0.1085331304576248 0.01501544501566854 0.9636844606313678 -0.01401770420859488 -0.2662523252816014
7.9 0.384896965673504 1.166875344765124 0.09829851267733214 0.01349246803385324 0.9640912232411248 -0.0148786424512724 -0.2648106730753911
7.93333333333 0.3825921078198936 1.165080164668998 0.08831895332474431 0.01248175094927483 0.9643977273607276 -0.01556659275717883 -0.2637023142586269
7.96666666667 0.379554910089142 1.163081216952645 0.07835457111413643 0.01113027410278458 0.9646961040841032 -0.01573282960666544 -0.2626595169341145
8 0.3778471534188726 1.161762471010835 0.06955738166824495 0.01016116030702438 0.9647806349248765 -0.01571991467057676 -0.262388950943608
8.033333333330001 0.3769214692736385 1.160079223697124 0.06066511423964813 0.00997494080244966 0.964825719669676 -0.01430126204504703 -0.2623114658646397
8.066666666670001 0.3743296437715237 1.157513901217162 0.04924666338769897 0.0113319210162832 0.9650284881727538 -0.01192610961001768 -0.2616283098016358
8.1 0.3703667134449414 1.155272366313895 0.03649238824638395 0.01169683980357959 0.9653545575547635 -0.01036591233660223 -0.2604732424049387
8.13333333333 0.3675975088302967 1.152416215961449 0.02550116315717173 0.01167363438480536 0.9656841882216213 -0.01011691518588227 -0.2592593738053929
8.16666666667 0.3658077942778696 1.15119711083431 0.01660356582688153 0.01112779121510068 0.9660388870149895 -0.01020980314435632 -0.2579550366982363
8.199999999999999 0.3628014682900464 1.148442297680612 0.005525276362613512 0.01106626543685822 0.966361935339168 -0.009371016409506265 -0.256776813104897
8.23333333333 0.360029077292393 1.146029772359519 -0.005417595585340828 0.01107603970772277 0.966649320039064 -0.009598986971185114 -0.2556839315657666
8.26666666667 0.3585994887448483 1.142170157497415 -0.01475595060465507 0.01176548332243866 0.9669449935373003 -0.009480182986365009 -0.2545369894632458
8.300000000000001 0.3555561862614551 1.141002674045811 -0.02459016991329079 0.01160640359679556 0.9673007296301797 -0.009597427735785055 -0.2531846741690142
8.33333333333 0.3532923770995305 1.139648786534605 -0.03427083224982595 0.01125289300090924 0.9675395076018051 -0.01038344204746595 -0.2522555405943939
8.36666666667 0.3526681838001285 1.138459438046426 -0.04287696364501026 0.01084861600529691 0.9678906183079843 -0.011385133010928 -0.2508793280998147
8.4 0.3506333557195705 1.13717128940128 -0.05162061876380608 0.01067839978784559 0.9684201291644311 -0.01196850340764194 -0.2488075162327365
8.433333333329999 0.349089919349788 1.135640717148795 -0.06014731579050842 0.01024913639850002 0.968899764986189 -0.01272957551349531 -0.2469132611246862
8.466666666669999 0.3471096399729963 1.133651902355832 -0.06866924586112985 0.01086011920901363 0.9694452484672154 -0.01345742241883035 -0.2446974985898243
8.5 0.345868857170323 1.131600574816344 -0.07691179738773857 0.01036401782047828 0.9699470595491171 -0.0135324950338086 -0.2427182736915484
8.533333333330001 0.3469542611684889 1.130998984518999 -0.08431336062039678 0.009359689148147445 0.9703060899702914 -0.01317170257632666 -0.2413399971745666
8.566666666670001 0.3467205652276405 1.129181862685738 -0.09250296838614967 0.007897843312434507 0.9707792051189079 -0.01145049196953954 -0.2395709607061866
8.6 0.3454737938963161 1.127165267402235 -0.1013186343283848 0.006922042853242191 0.9712604063199629 -0.009915902142192443 -0.2377119755563002
8.63333333333 0.3450196666028501 1.125943126263796 -0.1087367384064646 0.005352715793454923 0.9716410850610119 -0.009120695269649256 -0.236223968242278
8.66666666667 0.3460746884860619 1.124611878621162 -0.1158372355526485 0.004098672163488127 0.9719722944255811 -0.007457748974686822 -0.2349413580780876
8.699999999999999 0.3454845880375016 1.123117682304557 -0.1248333677487574 0.003693201763050256 0.9724612028499373 -0.005706166483371198 -0.2329656817574771
8.73333333333 0.3435562908413923 1.121602504502127 -0.1331096021246613 0.003773811773455498 0.9730589274057058 -0.004537670807864226 -0.2304810007031826
8.76666666667 0.3426780346338285 1.120228445593611 -0.1418746015494625 0.003770634573801065 0.973511886108623 -0.003845231812974269 -0.2285729732740878
8.800000000000001 0.3430075159826949 1.119754160456418 -0.1492030077852251 0.003077027979187801 0.9740895787057015 -0.003799800819583608 -0.2261096770793692
8.83333333333 0.3431355919799435 1.119407975677301 -0.1560187247161993 0.002613689351061591 0.9746825074269126 -0.003299740959187294 -0.2235537744100153
8.86666666667 0.3413844433237605 1.118197281886806 -0.1637133163379779 0.002463400839930327 0.9752165944740785 -0.002269250281730473 -0.2212269785149533
8.9 0.3409245858346135 1.116907291111971 -0.1715604311309242 0.001953949046716362 0.9755596282739087 -0.001224280550467711 -0.2197227682843503
8.933333333329999 0.339932785667656 1.114997685754617 -0.1800068736865452 0.001281994332679216 0.975954555020485 -0.0001279942025758946 -0.2179702884389498
8.966666666669999 0.3404522140323431 1.114251043201095 -0.1885555199827585 0.0004626322670126343 0.9762378473529608 0.0002010284505685923 -0.2167012020147821
9 0.3409391521853188 1.112086836676551 -0.196856909410293 -0.0001790815778176551 0.9764698578617319 0.001023311783984821 -0.2156514258017257
9.033333333330001 0.3413135994484319 1.110481967420143 -0.2060046113067424 -0.0006045713257496395 0.9767499782244933 0.001342383674459276 -0.2143765671365513
9.066666666670001 0.3415095777417219 1.110539127607264 -0.2136841570618052 -0.0009874573289489262 0.9771049232602953 0.0005402302876484682 -0.2127550281897428
9.1 0.3432476841272897 1.109966338210216 -0.2219449579128269 -0.0009477226397551731 0.9772814566847464 -6.978632348994466e-05 -0.211943509861916
9.13333333333 0.3434559872041062 1.107976536650554 -0.2317205871560708 -0.0005853154112061234 0.9774963829236993 -0.0003978811659124906 -0.2109509906773579
9.16666666667 0.3439703445317555 1.10504879370291 -0.240495590077501 -0.000295024436866461 0.9776718118843132 -0.001284477610613013 -0.2101335083320079
9.199999999999999 0.345696851652926 1.104643601843324 -0.2481211426962135 0.0001235730051452219 0.9776994172592758 -0.001604072568026533 -0.2100030027703733
9.23333333333 0.345321997364867 1.102197607446407 -0.2585668414341595 0.0009119374717721269 0.9776602009361043 -0.001462340566767463 -0.2101845889576073
9.26666666667 0.3473789667335658 1.100668503792971 -0.2670324002596602 0.0006322537186721324 0.9775624836848873 -0.002461569694958178 -0.2106303193297948
9.300000000000001 0.3492597767776425 1.099590244504682 -0.2757936617510611 0.0001497745262076752 0.9776092806309965 -0.002134745160729737 -0.2104174775415142
9.33333333333 0.3499799201066188 1.097132203892979 -0.2858816920307881 3.329188307497397e-05 0.9776153962014054 -0.001477576789641201 -0.2103947546112808
9.36666666667 0.3505244324921373 1.093914666959442 -0.2946262925451075 0.0001289552970182519 0.9776573316577741 -0.0009152644507277827 -0.210202967431263
9.4 0.3519332368351571 1.092298935675916 -0.3028201063578561 0.0003291351326722773 0.9775811196846973 -0.0007440965657879863 -0.2105575750847472
9.433333333329999 0.3527597422800431 1.089083087367362 -0.3119007282515413 0.000634844941648145 0.9774882489477937 0.0004803466654417528 -0.2109883632067006
9.466666666669999 0.3545252448359271 1.086288779651152 -0.3221138257391183 0.0009276037191435241 0.9774710435160759 0.0009757380235633886 -0.2110652661466476
9.5 0.3563068277567679 1.085152835596458 -0.330252642053479 0.001024489608338647 0.9776162548383895 0.0005479551081536434 -0.2103927480756199
9.533333333330001 0.3551292333386716 1.081923737193086 -0.340097615794643 0.002737104431912794 0.9777271906438044 0.0004632803057838159 -0.2098614645566035
9.566666666670001 0.3562016867035951 1.078066245825713 -0.3488201034353986 0.002962768462459968 0.9776029188541712 -0.001932577423294979 -0.2104281829857594
9.6 0.3610368184942995 1.076676215168177 -0.3555552204395948 0.002985285126503412 0.9773644866317099 -0.003952989473886606 -0.2115044260013716
9.63333333333 0.3647430512976706 1.078178310795749 -0.3622979905855527 0.003202891915203024 0.977356843653184 -0.004993845313829545 -0.2115145459673738
9.66666666667 0.3662448715209484 1.077612971587034 -0.3707449145097217 0.002851528594916939 0.9774616216746757 -0.004331824906283204 -0.2110494781562222
9.699999999999999 0.3678152910918937 1.075280583476096 -0.3789023285274347 0.002668167641694081 0.9775374009525526 -0.003834272113716902 -0.2107102488659171
9.73333333333 0.3701142431380322 1.074496342613332 -0.3864085939859747 0.002541119425824438 0.9775512450661764 -0.004144011352375567 -0.2106417175012311
9.76666666667 0.3708620013909679 1.072540713103042 -0.3925542062331933 0.002409445071848366 0.9776994852578105 -0.003660918508104885 -0.2099631128978544
9.800000000000001 0.373930283148298 1.073200247675486 -0.3989932064457529 0.001514347341515964 0.9776933486757632 -0.003431084145227606 -0.2100039294136839
9.83333333333 0.3743897090014636 1.072463619961938 -0.4063541795169859 0.0005215156471723908 0.9778981556305377 -0.001948709166982991 -0.2090720635786246
9.86666666667 0.375874591792193 1.072184161262733 -0.4137447538876687 -0.001385734083352626 0.978093792783669 -0.0008913364512162853 -0.2081581556847967
9.9 0.3791173240763936 1.07202564644729 -0.4208808293278632 -0.003543662357761177 0.9782374748331242 0.0007370191429396801 -0.207456843925989
9.933333333329999 0.380924320929554 1.072258936089715 -0.4293293651541462 -0.005139368310222436 0.9786277712212925 0.002857190569870689 -0.2055556098693659
9.966666666669999 0.3820044590641963 1.072386268360072 -0.4371168496697072 -0.006005279268631279 0.9791297201477391 0.004474527377888533 -0.2030982677132282
10 0.3828081079687325 1.07294836020754 -0.4442891875110632 -0.006949856762621652 0.9796372167909001 0.006446322281317975 -0.2005519082379405
10.0333333333 0.3826904840606558 1.072293100655094 -0.4532355102521738 -0.007595001143122201 0.9801440295629145 0.008934808698795926 -0.1979398051536565
10.0666666667 0.3822973411935838 1.072031909014692 -0.4611826122956062 -0.007938175995528205 0.9806701567122218 0.01028524873447366 -0.1952363766169191
10.1 0.3844301294180851 1.068073337070047 -0.469978837022527 -0.007913912912998073 0.980992389931875 0.01334597711542672 -0.1934248840563645
10.1333333333 0.3837555193959323 1.068423213295418 -0.4781806183195239 -0.008565567325434641 0.9815994168764878 0.01510322326025735 -0.1901607438248785
10.1666666667 0.382487610713467 1.06795766001843 -0.4862977831409833 -0.008591103200149079 0.9822245244616719 0.01579661441406188 -0.1868465773419574
10.2 0.3833085877982613 1.072842437325479 -0.4929310266818778 -0.009138594565808462 0.9829256954285526 0.01419790601425867 -0.1832265887399633
10.2333333333 0.3842458131035526 1.071094846112748 -0.50178360687636 -0.009667828808516962 0.983604121086753 0.01524848027679141 -0.1794350855235746
10.2666666667 0.3853339264212594 1.071761983233911 -0.5112158363868363 -0.01062253665488223 0.9842264225974665 0.01493823207791362 -0.1759612457296582
10.3 0.3869928952203891 1.070258449365489 -0.5207382610278923 -0.01121364646560382 0.9847735923117723 0.01529048682386702 -0.1728045920455288
10.3333333333 0.3859313815481133 1.065289205583665 -0.5298204865510571 -0.01299831307519441 0.9854119519391838 0.01660072029127997 -0.1688749386921196
10.3666666667 0.3858963675002028 1.063442867452027 -0.5391519819809294 -0.01514022065505314 0.9859556207821071 0.01563396494645109 -0.1655834131386661
10.4 0.3861222535869095 1.064392137624218 -0.546586936237736 -0.01666598678220692 0.9864895746915058 0.01400148157984703 -0.1623715566944824
10.4333333333 0.386032559861518 1.063515461431334 -0.5554731085788172 -0.01778742241590884 0.9870583989988038 0.01392588697644593 -0.158762068018622
10.4666666667 0.3865242430652042 1.062436435853058 -0.5640727153492825 -0.01882401851979537 0.9875778497594048 0.01329404971351099 -0.155431384326016
10.5 0.3868912866133007 1.061475436516712 -0.571649954163185 -0.0194777643039881 0.9880625100861931 0.01365948823646399 -0.1522054901801558
10.5333333333 0.3854030605912879 1.061856735114018 -0.5790305093643782 -0.01929950988976304 0.9885306037867283 0.01410846125291009 -0.1491164833839586
10.5666666667 0.3850010319895997 1.060735089808982 -0.5873244523523188 -0.01903971809802224 0.9888097561491128 0.01562572825502605 -0.1471346046828394
10.6 0.3845148056493206 1.05947421116841 -0.5955193885341837 -0.01836398922225697 0.9890054101627604 0.01707610632919669 -0.1457376724133526
10.6333333333 0.3856406006203868 1.056957445906853 -0.6053301473973717 -0.01897051248423745 0.9891593082903996 0.01800879879808756 -0.1444979779971224
10.6666666667 0.386833081253009 1.055958274708519 -0.6137971402304415 -0.02014276269870444 0.989509438459289 0.01748293008871751 -0.1419848142084944
10.7 0.3870497253821367 1.054376254172075 -0.6224082220205753 -0.02198981272078555 0.9900324043822772 0.01707212223655029 -0.1380609613619046
10.7333333333 0.3868830542466049 1.052121236029358 -0.6307682894636647 -0.02359561862571954 0.9906094503342069 0.01659147415072781 -0.1336446283057413
10.7666666667 0.3867999008488913 1.050867728864582 -0.638009812469271 -0.02559633493926059 0.9911838191085461 0.01564787670651788 -0.1290527346826275
10.8 0.386867644426928 1.050904507347833 -0.6444276118049712 -0.02743154327682713 0.9917165264477485 0.01468709239507011 -0.1246199459147036
10.8333333333 0.3868986968167972 1.050529632238032 -0.6512176468973228 -0.02918434952647594 0.9921544914929105 0.01489802872854205 -0.1206473683634728
10.8666666667 0.3875228426367677 1.050318198934482 -0.6588818950341299 -0.03079358757227586 0.9925362595018302 0.01556918910439924 -0.1169663579387502
10.9 0.3877314205309128 1.04614053931138 -0.6768917896519508 -0.03546152001641389 0.9934965146317607 0.01649420322640234 -0.1069350142480708
10.9333333333 0.3884171704316114 1.045541152021124 -0.6842239570349768 -0.03774920459583977 0.9939977554221469 0.01566710878152641 -0.1014790691286381
10.9666666667 0.3900308353354623 1.044552190532365 -0.6917539099810978 -0.0391718157361188 0.9944519356573872 0.01486934874421613 -0.09648740325278712
11 0.391048390426059 1.044362284600016 -0.6986264943894098 -0.04018958460769304 0.9949169440763713 0.01390588705446733 -0.09127813529950976
11.0333333333 0.394031446320498 1.041367709047578 -0.7069504731766837 -0.04093579677794697 0.9952185645356381 0.0149279137204365 -0.08741525460067408
11.0666666667 0.3922927655812046 1.041879350382225 -0.7128338117300188 -0.04194430662792602 0.9957812938299742 0.01372142645160994 -0.08044881886232044
11.1 0.3908306573158385 1.042255755903679 -0.7185903397926177 -0.04304968281594598 0.9962625865283129 0.01230198800156152 -0.0738663968620667
11.1333333333 0.3897752777858582 1.043868997747484 -0.72320317003283 -0.0443095093430811 0.9966594687359687 0.01044952538140724 -0.06780396876198064
11.1666666667 0.3912315531188588 1.040651525862181 -0.7314568047472298 -0.0458104968458691 0.9969356659644977 0.01100463938415437 -0.06244657091150966
11.2 0.3975294864094266 1.037665586180568 -0.7400804024069951 -0.04666790828806117 0.997042556546391 0.01084209546035541 -0.06008906504289825
11.2333333333 0.3964185309236091 1.038723913618973 -0.7438869708875784 -0.04925191799307013 0.9973098932782674 0.009268904763322447 -0.05349123992278595
11.2666666667 0.3985320537354907 1.039045661274271 -0.7488956834139665 -0.051723304820469 0.9974473488963639 0.009043418458651989 -0.04839114072166228
11.3 0.3992089626578871 1.037881579585774 -0.7558560644515451 -0.05395320223341349 0.997560587146905 0.009505841821194112 -0.04326159856527438
11.3333333333 0.4022545957298277 1.037962638865886 -0.7611823282533857 -0.05631413991513923 0.9976127605106457 0.009390957295894203 -0.03884980865447495
11.3666666667 0.4044221416229498 1.036846848196409 -0.7683682695793818 -0.05823602201826801 0.9976652508964312 0.01015582698095275 -0.03419754481542232
11.4 0.408189347326281 1.032867923866309 -0.7772427454807683 -0.05950884388878235 0.9976959653169208 0.01176431908813113 -0.03038188746221331
11.4333333333 0.4119325721585729 1.031460041112019 -0.7846265033839441 -0.06104763408713608 0.9977430294746656 0.01026805693312843 -0.02601154577573842
11.4666666667 0.4147820167968249 1.030483945657477 -0.7899237808103248 -0.06252430973096645 0.9978009441872838 0.007982500212200263 -0.02050039418938559
11.5 0.4169052385670605 1.030239760742712 -0.7942528542591568 -0.06347894306209113 0.9978363218730733 0.006548323417608693 -0.01581828055242017
11.5333333333 0.418271894391171 1.030756891644825 -0.7980282367366061 -0.06491778253355142 0.9978095970080892 0.005391724895837533 -0.01151602933014588
11.5666666667 0.4206245777038204 1.031752580699025 -0.8034921192435373 -0.06659938635428092 0.997736243922517 0.00561036996719667 -0.007445337459518623
11.6 0.4241948274373581 1.03168700950579 -0.8099841032393905 -0.0681816247893683 0.9976449458403055 0.00640351080455395 -0.003850081761482943
11.6333333333 0.4286838119938637 1.03071911059593 -0.8176331694298192 -0.07001099617912629 0.997518195933819 0.007477198499360133 2.642805414497284e-05
11.6666666667 0.4325719139362793 1.029913906986897 -0.8251501871806221 -0.07197168961203987 0.9973725385027579 0.006985673450116165 0.004392687330883827
11.7 0.4354984631839712 1.029221535741323 -0.8308728233605944 -0.07397698183562942 0.9972043959349373 0.005426421823627088 0.009019580479088773
11.7333333333 0.4380511146527477 1.028708891450492 -0.835218718863844 -0.0761731527335244 0.9969781988587627 0.004250416894511627 0.01463064455394019
11.7666666667 0.4411112800764812 1.027372198309672 -0.840883959708383 -0.07774990223228036 0.9967635271652002 0.005376086131548319 0.01971094401480594
11.8 0.4450338147755055 1.025393521878101 -0.8485733997332203 -0.07977284503375599 0.9964907531010642 0.005143003561355138 0.02481978430327753
11.8333333333 0.4520184709744903 1.022990800005411 -0.8554108100511791 -0.07931574468655744 0.9964647471649535 0.005189341578496307 0.02720461424496075
11.8666666667 0.4571206141636024 1.024886393626929 -0.8596563628302659 -0.07910725977326649 0.9963711113488766 0.002600072811669958 0.03130318741506623
11.9 0.4636675073186193 1.023821386198436 -0.8666086258325579 -0.07940747430911027 0.9962400876291314 0.00216975554041522 0.03457503414859669
11.9333333333 0.4668107019589652 1.024377069758594 -0.8713872366028645 -0.07929390952725883 0.996100074847599 0.001060918553156079 0.03867804611628009
11.9666666667 0.4736190180155901 1.02168715977312 -0.879179360539865 -0.07958664961660802 0.9959988003245958 0.001232094882122645 0.04063049220564963
12 0.4856693215594179 1.017917960310752 -0.8913226435861706 -0.08127945105125023 0.9956165938928442 0.0008607262728946162 0.04626562387012877
12.0333333333 0.4941593335510427 1.013979006861109 -0.899248244437577 -0.08159504075684476 0.9954785874015997 0.0002602795733010966 0.04862677865839407
12.0666666667 0.5075397906753537 1.015825279277633 -0.904698424617744 -0.08196225477605042 0.9951520703224549 -0.006323701953011458 0.0539866327714781
12.1 0.5132186864417787 1.017930674265546 -0.9086673146792915 -0.08206248958793579 0.9950608335959248 -0.007722834919780739 0.05531765600468484
12.1333333333 0.5188011698522583 1.017400293390816 -0.9145650065226935 -0.08231436518780903 0.9949392354362202 -0.007007778795844035 0.05719400414632679
12.1666666667 0.5253700514581657 1.017409166669831 -0.9197076622565953 -0.082369536950042 0.9948185550582661 -0.007024674595772007 0.05917732538964305
12.2 0.5389154742918207 1.00712355418923 -0.9324881286049247 -0.0818317308610674 0.9946549821755815 -0.0006152225230336324 0.0629655124615464
12.2333333333 0.5475232907610372 1.004479177879974 -0.9368741916631167 -0.08179896679463865 0.994553429890418 -0.002544439974960682 0.06454401559834727
12.2666666667 0.5546130817113307 1.006300842859992 -0.9411884546139826 -0.082551404080572 0.9942396955824081 -0.008290764232631066 0.06785246230855528
12.3 0.5613064043317505 1.008042646698466 -0.9429594458261132 -0.08282307752288441 0.9939383966787553 -0.01174812643440929 0.07133570608333883
12.3333333333 0.5675133323232072 1.009169023472244 -0.9449495209667746 -0.08258554075350066 0.9937257554247285 -0.01254967624156761 0.07437242156813222
12.3666666667 0.5752048759513249 1.007566115577118 -0.9507000500699722 -0.08330305376156383 0.9935252820679304 -0.01163349605532287 0.07637261875519626
12.4 0.5828039572138913 1.006485247088044 -0.9550561664884681 -0.08439172070764464 0.9933062750792333 -0.01211216835751195 0.07793572185551731
12.4333333333 0.5909007757709163 1.005733499779103 -0.9591806792553885 -0.08563971293280413 0.993034770554689 -0.01310794188218141 0.07984964556997079
12.4666666667 0.5997744808091395 1.004817249758422 -0.9625215788733738 -0.08723249857315486 0.9926449578509435 -0.01398577405247964 0.08277002458693442
12.5 0.6077639399260699 1.005321196316703 -0.9643024064398376 -0.08824530372243734 0.9922654731866171 -0.01464212212857509 0.08606744653217924
12.5333333333 0.6149563548967222 1.005739095915867 -0.9693285823768297 -0.08843735860966777 0.991957732856571 -0.01444194622113513 0.08938747125361747
