# Format: from_cam from_frame to_cam to_frame
# Newline means next odometry; Empty line means next step

































0 0 0 33




























0 33 0 61










0 61 0 71








0 71 0 79





0 79 0 84








0 84 0 92










0 92 0 102







0 102 0 109






0 109 0 115





0 115 0 120






0 120 0 126





0 126 0 131



0 131 0 134





0 134 0 139




0 139 0 143



0 143 0 146




0 146 0 150





0 150 0 155




0 155 0 159



0 159 0 162




0 162 0 166






0 166 0 172











0 172 0 183





0 183 0 188




0 188 0 192




0 192 0 196




0 196 0 200




0 200 0 204







0 204 0 211




0 211 0 215




0 215 0 219



0 219 0 222



0 222 0 225



0 225 0 228




0 228 0 232




0 232 0 236




0 236 0 240




0 240 0 244





0 244 0 249






0 249 0 255




0 255 0 259




0 259 0 263






0 263 0 269





0 269 0 274







0 274 0 281























0 281 0 304









0 304 0 313



0 313 0 316



0 316 0 319


0 319 0 321


0 321 0 323


0 323 0 325


0 325 0 327


0 327 0 329


0 329 0 331


0 331 0 333


0 333 0 335


0 335 0 337


0 337 0 339



0 339 0 342


0 342 0 344


0 344 0 346



0 346 0 349





0 349 0 354




0 354 0 358





0 358 0 363













0 363 0 376



0 376 0 379



0 379 0 382


0 382 0 384


0 384 0 386


0 386 0 388


0 388 0 390


0 390 0 392


0 392 0 394


0 394 0 396


0 396 0 398


0 398 0 400

0 400 0 401


0 401 0 403

0 403 0 404

0 404 0 405

0 405 0 406

0 406 0 407


0 407 0 409


0 409 0 411


0 411 0 413


0 413 0 415


0 415 0 417


0 417 0 419


0 419 0 421


0 421 0 423


0 423 0 425


0 425 0 427


0 427 0 429



0 429 0 432



0 432 0 435



0 435 0 438



0 438 0 441


0 441 0 443




0 443 0 447



0 447 0 450



0 450 0 453






0 453 0 459



0 459 0 462



0 462 0 465



0 465 0 468


0 468 0 470



0 470 0 473



0 473 0 476



0 476 0 479



0 479 0 482




0 482 0 486




0 486 0 490



0 490 0 493




0 493 0 497




0 497 0 501





0 501 0 506




0 506 0 510



0 510 0 513



0 513 0 516



0 516 0 519




0 519 0 523




0 523 0 527



0 527 0 530




0 530 0 534




0 534 0 538




0 538 0 542





0 542 0 547






0 547 0 553






0 553 0 559




0 559 0 563




0 563 0 567




0 567 0 571





0 571 0 576







0 576 0 583






0 583 0 589





0 589 0 594





0 594 0 599





0 599 0 604







0 604 0 611







0 611 0 618




0 618 0 622




0 622 0 626




0 626 0 630



0 630 0 633



0 633 0 636



0 636 0 639





0 639 0 644





0 644 0 649




0 649 0 653




0 653 0 657



0 657 0 660



0 660 0 663




0 663 0 667



0 667 0 670




0 670 0 674



0 674 0 677



0 677 0 680



0 680 0 683




0 683 0 687



0 687 0 690



0 690 0 693



0 693 0 696



0 696 0 699



0 699 0 702



0 702 0 705



0 705 0 708





0 708 0 713




0 713 0 717



0 717 0 720




0 720 0 724



0 724 0 727



0 727 0 730


0 730 0 732


0 732 0 734


0 734 0 736


0 736 0 738


0 738 0 740


0 740 0 742



0 742 0 745



0 745 0 748



0 748 0 751




0 751 0 755




0 755 0 759



0 759 0 762





0 762 0 767




0 767 0 771





0 771 0 776





0 776 0 781






0 781 0 787




0 787 0 791





0 791 0 796




0 796 0 800





0 800 0 805




0 805 0 809






0 809 0 815






0 815 0 821




0 821 0 825




0 825 0 829



0 829 0 832




0 832 0 836



0 836 0 839




0 839 0 843




0 843 0 847






0 847 0 853







0 853 0 860









0 860 0 869











