# Format: tx ty tz qx qy qz qw
# Newline means next odometry; Empty line means next step

































-1.1545476517699692e-01 9.3569066870293632e-04 -1.1438859725766498e-02 -4.6124573675168775e-03 2.9560945699762371e-02 -9.7215560365976935e-04 9.9955186490739478e-01




























-2.2558379109209181e-01 7.3338203390574744e-03 2.2032660492855925e-02 -3.6115044535161836e-03 4.2909933710423287e-02 1.0250797513841681e-03 9.9907189122507722e-01










-1.1144575638016981e-01 -1.1243316976585203e-02 1.0396129096803871e-03 -9.3756743084575395e-03 3.3360047313917521e-02 3.0185672598350656e-03 9.9939486301770275e-01








-1.2966626441987802e-02 -1.9177850641827348e-02 -3.6266541088722994e-02 8.2722121442912883e-03 1.5512264245910554e-02 -5.2818351606841452e-03 9.9983150699582390e-01





-4.8489825942738755e-02 -8.0359827216610665e-03 -1.4102229165831804e-02 -6.8961826312266181e-04 2.3232138225525650e-02 3.8160546007168080e-03 9.9972257647179574e-01








-7.4335825601780758e-02 1.2040799547449947e-03 -1.6856339365350883e-02 -5.7154615107271427e-03 2.8511955331172890e-02 1.2137059197016129e-02 9.9950342355439725e-01










-9.3206899809951574e-02 8.5923248844455308e-03 2.3328217020381153e-03 -4.4542945966693625e-03 2.7065813971092288e-02 1.0664105539777470e-03 9.9962316086726333e-01







-4.7646322162287931e-02 1.8523174826730788e-02 1.0559094997088085e-02 -1.5808283311452690e-03 1.9955596923447842e-02 4.8532473895337687e-03 9.9978783805515070e-01






-4.5303408169432818e-02 -7.5589575988949569e-03 2.6609891430564626e-02 -9.4240265521724730e-03 2.3523046242735334e-02 4.7556603020019886e-03 9.9966756360006903e-01





-2.0588278876878391e-02 -1.5355094177189037e-02 2.5124371885116566e-02 -1.6625042383969012e-03 1.5101507627310502e-02 -1.5632001921832188e-03 9.9988336167384984e-01






-1.8368958889957227e-02 -1.9148449932095455e-04 3.0894001816138748e-02 2.8992456501720663e-03 1.6767564424785605e-02 2.4224315987788681e-03 9.9985227658043063e-01





-1.1691826099557765e-02 -2.3140160175938130e-03 1.7531302750925012e-02 -2.0358054216600770e-03 1.5990072289958593e-02 2.5147296291130536e-03 9.9986691575396147e-01



-6.2220763617016148e-03 -2.0867460578325109e-03 2.0073886139219978e-02 -5.6047422710647202e-04 1.3941411530578398e-02 2.7485071204171444e-03 9.9989887919818410e-01





-1.9485905849948096e-02 1.8570842740576383e-04 1.7894715200338904e-02 -1.6422782816448767e-03 2.1425325544941597e-02 7.2128765146851018e-03 9.9974308337678575e-01




-1.4501806024433451e-02 -1.1626574202713152e-03 1.3597329374244444e-02 -3.4834030285569918e-03 1.7547973437307043e-02 4.5572444906852409e-03 9.9982956850367066e-01



-1.2895367357956313e-02 4.7342538629200218e-03 1.4918933400136881e-02 2.4225756689847549e-03 1.2657798105403175e-02 2.6916639659408893e-03 9.9991332935377220e-01




-3.8821809285830455e-02 -1.0147351516081772e-02 2.2288280122981265e-02 -3.2080690492087140e-03 1.7889905485463806e-02 -2.2292709929994309e-04 9.9983479129214392e-01





-4.4313233750041543e-02 -8.7245956121270313e-03 3.2094115224818948e-02 -5.2638622557640499e-03 2.0332661340255586e-02 4.4287993406042243e-03 9.9976960364544765e-01




-4.2816074157885110e-02 -2.6778850747854375e-03 3.6839191630258214e-02 -1.8807200753694232e-03 1.9349834633195281e-02 6.7001007016464827e-03 9.9978855536671052e-01



-2.7910125155298837e-02 -4.5161145401834153e-03 2.6859974322804094e-02 6.7715728487161887e-04 1.6114670608206309e-02 1.0584919210696927e-03 9.9986936068871202e-01




-4.2183146267224324e-02 -7.2129249077526004e-03 3.9243767093897777e-02 3.3403310955030957e-03 1.7416985204120345e-02 -2.3224879360501959e-03 9.9984003563788082e-01






-7.1009080632439436e-02 -2.2806141112417019e-02 6.1267998236975589e-02 -2.7250753892956499e-04 1.9874334716054768e-02 1.6945299099954754e-04 9.9980243440637773e-01











-1.0300740573394637e-01 -1.3738451403893187e-02 8.9237619182394645e-02 -3.3660356990344790e-03 1.9388674680068385e-02 -4.8000273010816684e-03 9.9979483337119335e-01





-6.3409614545349741e-02 -9.6996109372662238e-03 5.2541225255295816e-02 -3.5784868733971685e-03 2.3704689346347733e-02 9.4563064388244306e-04 9.9971215253060486e-01




-5.1058322326722853e-02 -9.1888676059753444e-03 3.9760440923638930e-02 5.5536259318505060e-03 2.0020289297107190e-02 2.9568268248893795e-03 9.9977977696620612e-01




-4.6684402507048132e-02 -6.3330966797280792e-03 2.9197869768098524e-02 -4.2181347176687327e-03 2.0981286082998523e-02 9.9321111548323314e-04 9.9977047691231968e-01




-5.6130772373389405e-02 1.9563360974819994e-03 2.6913293596142585e-02 2.7482469560323390e-03 2.1089570726259489e-02 6.0689281847745658e-03 9.9975539271160663e-01




-6.5697806297673217e-02 -1.0419698398557877e-02 3.3583215239070936e-02 -1.3318273896059908e-03 1.8317522502041782e-02 4.6970475651174530e-03 9.9982030002864142e-01







2.5162923421805431e-02 -5.4752504366050465e-03 9.7216834198888321e-03 2.8544590924699425e-03 1.1926515098808028e-02 -3.8376470415940407e-03 9.9991743797479171e-01




8.6239372858245601e-04 4.4989374156309391e-03 3.0678127274402153e-02 1.0690923396542734e-02 7.3776248669860092e-03 7.2089230179802157e-04 9.9991537398048869e-01




-2.5190542043405013e-03 1.0356374511030150e-03 3.3703714337514859e-02 1.2472840866403934e-02 6.7752633572631706e-03 7.4165642790158075e-04 9.9989898189412318e-01



7.9066333184546703e-03 1.6705858135794820e-02 2.7267727753958481e-02 1.0148157473762501e-02 6.7453083099375038e-03 2.6514757940136985e-04 9.9992571994746327e-01



-3.2892814237536885e-02 -2.4917596991937518e-02 3.5201886963064997e-02 5.4100935703096055e-03 1.0743605752846833e-02 1.5355628947627876e-03 9.9992647123155221e-01



-2.7163810561380085e-02 -1.7843983364746657e-02 4.2124277209682301e-02 1.0936423648135143e-02 3.9281770850278144e-03 2.7920455513106728e-03 9.9992858172182308e-01




-5.3543474688334765e-02 -3.1160439375183230e-02 7.0114740920927524e-02 1.5081333658890245e-02 6.3776136523891929e-03 -4.7510094164256323e-03 9.9985464310003336e-01




-3.0549985304212941e-02 -1.9393765894725357e-02 5.3604038943830513e-02 1.0709054804057913e-02 5.8391751785804111e-03 -5.2678927604218441e-03 9.9991173084642937e-01




-3.4467352127831294e-02 -1.3965040137405290e-02 4.9618120129540519e-02 1.3852380822866385e-02 4.9080353113218570e-03 -1.2524037659152438e-03 9.9989122119344975e-01




-3.5065764475359848e-02 -1.2835729586100953e-02 5.4087909158980561e-02 1.2506252822669726e-02 1.1401274426043989e-02 -2.1444843683126945e-03 9.9985449229805012e-01





-4.8917033727408889e-02 1.0140802026576802e-02 5.5090449188263217e-02 1.3172254690302357e-02 2.2750502036864774e-02 4.3521143790794950e-03 9.9964491969092495e-01






-7.3253798939816886e-02 -2.6734849434050982e-03 7.4099646938772745e-02 1.3632468329677521e-03 2.8025496866858152e-02 5.2176565166096806e-03 9.9959266160967430e-01




-4.7662970710072861e-02 -1.7197929074903059e-03 4.5797256724944287e-02 5.8316959565438446e-03 1.6810124811338117e-02 1.1243369575736140e-04 9.9984168666082418e-01




-3.7714388238326790e-02 8.1590537685884926e-03 4.8874235239707957e-02 2.8393250113830323e-03 1.4124190306669454e-02 -3.5276490564288090e-03 9.9988999453629668e-01






-5.6640664360623968e-02 1.0154959074353584e-02 1.0270049235711877e-01 3.3873416909667811e-03 1.2728938755102675e-02 -5.4362351654136838e-03 9.9989846853651287e-01





-3.4210645190718050e-02 5.1933243970205900e-03 8.0238218697372035e-02 1.2332482772421908e-02 6.3692080319031766e-03 -2.5206327140320475e-03 9.9990048978307600e-01







-5.2656134495307302e-02 7.7357227986652819e-03 1.1955321186015280e-01 1.0367975370817526e-02 8.6616513399682283e-03 -7.2598499821202589e-03 9.9988238081336944e-01























-3.7933010664142086e-01 1.1400902388485327e-01 1.3930577368727881e-01 -3.2118119421893883e-03 3.0407171978224876e-02 -4.7048602261176168e-03 9.9952136167597105e-01









-2.3817796300221472e-01 5.3417733958092746e-02 -3.7818294245261272e-02 -7.4558408292629517e-03 2.0124466948340951e-02 7.5557227200042402e-03 9.9974113015407751e-01



-8.9636052324780849e-02 5.8902699870609010e-03 -1.2009427122462227e-02 -1.8361794267383103e-03 -2.5803818285689011e-03 4.5731483434652224e-03 9.9998452807478988e-01



-4.6407843210432516e-02 1.5622698464794318e-02 -2.6411311589995642e-02 8.5397606118593349e-04 -1.3440170607864751e-02 -1.1474588823006182e-04 9.9990930557341029e-01


-2.8099286146819356e-02 1.1580647262541148e-02 -1.9971560454904842e-02 1.4340188374664673e-03 -1.2923916236159497e-02 -2.8240243739892780e-04 9.9991541453662858e-01


-2.7902093355482861e-02 3.7408701359830758e-03 -9.6527517186408614e-03 2.1135320166238343e-05 -1.5815966592362018e-02 -5.9311428421805756e-04 9.9987474364016882e-01


-3.1972895924748404e-02 -3.0558069318585932e-03 -1.0070138767401616e-02 -8.3039546963676399e-04 -1.7501549550176937e-02 4.0188380902772373e-04 9.9984641055319634e-01


-2.9107490319553845e-02 -2.8026746756700228e-03 -6.8838972735084424e-03 -8.1513191885215352e-04 -2.0244610033049549e-02 5.6418242232360359e-04 9.9979456540969402e-01


-3.1473755315689904e-02 -1.7880506747321290e-04 -8.3974520058216727e-03 -2.0881285999445196e-04 -1.8720936958247836e-02 1.3438075850227200e-04 9.9982471706715004e-01


-3.3218574032136974e-02 -1.1091663755706375e-03 -7.2483972768071902e-03 -1.4731302687634700e-03 -1.7468817787965399e-02 4.7748351165737484e-04 9.9984620932511326e-01


-3.1705663113134740e-02 1.8503377001902795e-03 -8.0701445374343345e-03 -2.6715033838109448e-04 -1.7394568753061734e-02 9.0672619894421782e-04 9.9984825621500784e-01


-3.0825128228251158e-02 -3.7357957394168759e-03 -5.1691013562319716e-03 4.4537550993519137e-04 -1.7127348695024677e-02 1.7469672701932999e-03 9.9985169083854186e-01


-2.6034960955658298e-02 -6.7678410799475036e-03 -3.5740378231067880e-03 3.1621111070499262e-03 -1.9498394101362358e-02 5.7163070702544226e-04 9.9980472439329338e-01


1.6785196802047368e-02 -3.9074937515021346e-03 -3.3799748992782437e-02 1.3322284667215030e-03 -2.3753394604474162e-02 -3.5223974122601696e-03 9.9971075523300568e-01



-6.4911105341654576e-02 -3.3558567902837726e-04 1.8514977617162025e-02 2.8582483311197049e-03 -1.9829910096656318e-02 4.5129709157834775e-03 9.9978909684770489e-01


-2.3537450520969984e-02 -9.7818298630752802e-04 9.1029601485388808e-04 2.5149633044233978e-03 -1.7015567629530725e-02 2.9489416353681614e-03 9.9984771298485919e-01


-1.9113879724810746e-02 2.0568789242897917e-03 -2.0834763273544551e-03 1.9835745138908610e-03 -1.6183048407598211e-02 1.4825427646285151e-03 9.9986597924088616e-01



-3.9913314840892375e-02 1.2503718503071524e-04 4.6423389961658835e-03 1.9376742780702065e-03 -2.1488586727473294e-02 2.2623151982162125e-03 9.9976465630106759e-01





-4.1364702695427101e-02 4.6454833372449687e-03 1.2243921285518655e-02 -3.9004360914029541e-04 -1.3682748713783534e-02 1.7934374837550051e-04 9.9990629465437331e-01




-3.7278007779925862e-02 7.5408711199268152e-03 1.3194907350198716e-02 -1.9575995346050477e-03 -8.7531797137466363e-03 -1.8271825170548996e-04 9.9995975732176412e-01





-5.9075333962152525e-02 5.5724644020701455e-03 2.2977338201335743e-02 -2.3717512653746221e-03 -2.9341242067391017e-03 7.6007774005046813e-04 9.9999259396902718e-01













-1.8090262830257001e-01 1.0642349114757430e-02 7.7282214174298605e-02 -1.6470376468533159e-02 5.5158434509431566e-02 -2.1948141707247939e-03 9.9833934941592362e-01



-2.7357108835332586e-02 8.9168476763249827e-04 1.9303910480359180e-02 -3.1467698742318833e-03 2.3454396091869927e-02 -3.5732568552543980e-03 9.9971356946816059e-01



-2.3457850113665635e-02 -3.2872507659419490e-03 1.9805220934396742e-02 -1.8557283375721465e-03 2.4671810109129024e-02 -1.2135642578900774e-03 9.9969314558021660e-01


-9.6308635684867871e-03 1.2208904548339813e-03 1.1562014855330734e-02 1.5961208455446203e-03 1.7647047144683684e-02 -1.8692411422427998e-04 9.9984298726584830e-01


-6.2826810340210655e-03 -3.4879980757827841e-03 1.3191567107926891e-02 3.3146241918110613e-03 2.0316043575824515e-02 -8.2555512782695633e-04 9.9978777252906192e-01


-2.6723779468700174e-03 -1.6235895095303885e-03 1.0187028539314651e-02 6.0043927488471691e-04 2.4234179462729870e-02 -1.4711406559113700e-03 9.9970504638298985e-01


-4.6206135971471772e-03 -5.1656086743256252e-03 1.3476285765602794e-02 5.3593233233032594e-04 2.2498529161814444e-02 -2.7062373547683026e-03 9.9974306961412329e-01


-2.2583110881057781e-03 3.6757981638976473e-03 8.8411446659808404e-03 -4.6199315147633718e-04 2.3252783893926897e-02 -1.9315802298645870e-03 9.9972764471196152e-01


-1.9281071149126886e-03 2.5846519264086107e-03 9.9490860141106217e-03 -1.5365880309398186e-03 2.5337278845845079e-02 -1.0026093408067199e-03 9.9967727591079147e-01


-9.2522421624298531e-04 3.6584909850529940e-03 1.1032409630876884e-02 -1.6733770300845761e-04 2.4086277401796280e-02 1.0615799999937818e-03 9.9970930589192797e-01


2.9203451964828001e-03 5.4874063653689528e-04 1.2555990404161535e-02 -1.6665935897196421e-03 2.3221328102731618e-02 -1.0314261475480647e-03 9.9972842739768786e-01


-5.4290172170548684e-03 -1.9277823152578099e-03 1.5778897509497708e-02 6.0763333617455564e-04 2.4587169408639632e-02 -1.8944297211764929e-03 9.9969571021297832e-01

-3.7194276009406830e-03 1.1104210288316720e-03 1.0050257898097862e-02 8.0213974462656906e-04 1.3008599635084054e-02 -1.2211562131887515e-04 9.9991505538977621e-01


-4.2244665263430408e-03 1.8322074915078021e-03 1.4350667617670673e-02 1.6948463193749134e-04 2.1861519365569217e-02 -2.8716102821842414e-03 9.9975686999408797e-01

-4.5499446823966628e-03 2.4265983077859853e-04 7.3580728859842445e-03 -9.9601944447944252e-04 1.1625005731648557e-02 -2.4842052756236213e-03 9.9992884542409011e-01

-6.6457726044584437e-03 -2.7383602531885036e-03 8.9628979210705905e-03 -1.0329336617430234e-03 1.2863513000191331e-02 -1.3558258838707155e-03 9.9991580886468490e-01

-4.9430805548777417e-03 3.2656338813646121e-04 5.2686176746976300e-03 -9.7255554820631937e-04 1.3382398019171194e-02 -9.8523887193187418e-04 9.9990949333593560e-01

-7.2213450594748856e-03 -1.8123310757344731e-03 8.7598279619001945e-03 -1.7671856480045629e-03 1.4287263196847633e-02 -1.1400670541186749e-03 9.9989572026903961e-01


-1.0691302304225041e-02 -6.8398912133176984e-03 1.2077063066176076e-02 -1.7323509639732310e-03 2.7324908049349370e-02 -2.8671180985064089e-03 9.9962099217355449e-01


-1.8125958017429514e-02 -1.1197835203475440e-03 4.6988664623464210e-03 -2.8985236700110740e-03 3.1517075384873978e-02 -8.7470957741134323e-04 9.9949862801450295e-01


-2.0568482753422164e-02 -3.4205950662967574e-04 5.6699387872914770e-03 -2.7617141050266434e-03 3.0309316978598622e-02 -6.4742282358438909e-04 9.9953654214499854e-01


-2.0142754155600549e-02 1.7744716270860932e-02 2.7912303636567454e-03 -4.7351419795636264e-03 2.7224945656149736e-02 2.2939017562575696e-04 9.9961809114511346e-01


-1.2423660486473215e-02 4.6473804288571291e-03 1.1029122159722588e-02 -5.1083175864066006e-03 2.3050585219244087e-02 -2.5771913788393240e-03 9.9971792706597173e-01


-2.4713963608255198e-02 -5.7767124428017100e-03 1.1638167211469277e-02 -4.3849463164082978e-03 2.4297276700765435e-02 -3.9299922560545632e-03 9.9968743602767962e-01


-1.8175689411989972e-02 1.9883883264005336e-02 1.1909139828523655e-02 -1.0424768194327702e-03 2.9505295018246686e-02 -4.5039556122742517e-03 9.9955393310806884e-01


-2.1926671934527329e-02 2.5882081851883020e-03 1.6829490571306747e-02 -2.5667225785051240e-03 1.8321058017533844e-02 -2.5556707792819566e-03 9.9982559444894736e-01


-1.8934458707440181e-02 6.5277788466812326e-04 2.4872682277268750e-02 -1.7587203074835682e-03 1.7482109448178365e-02 -2.8114601251961148e-03 9.9984167668890778e-01


-1.4396403951154289e-02 7.3923930093591633e-03 2.9521523559623310e-02 1.7459061865824363e-04 1.6274505234048827e-02 -2.0204892768953884e-03 9.9986550476580838e-01


-1.7915867602328394e-02 5.8192691304952381e-03 3.3773491222662939e-02 8.9855592417867661e-04 1.4633894073241166e-02 -1.1095986374321711e-03 9.9989189942331669e-01



-2.7898713889038480e-02 1.6906362004741642e-02 5.3108295104792237e-02 -1.0307989764484298e-03 2.0557130034744037e-02 4.2674910938694609e-04 9.9978805741187082e-01



-3.2519605458362973e-02 2.8982354896193285e-03 6.8268172354340476e-02 -2.0832344732895770e-03 1.9159383296528859e-02 4.9234869471652190e-03 9.9980214914857379e-01



-2.7340415465311456e-02 -8.7889945596658615e-04 7.7857730769682928e-02 1.2044833447518961e-02 1.1680112452674122e-02 4.5623972790541289e-03 9.9984882931940389e-01



-6.4082519081473180e-03 2.3053084667822212e-02 6.1706220964771664e-02 -1.4096848578355561e-03 1.3676521029245173e-02 2.7556607895769729e-03 9.9990168111407385e-01


3.6423683783621361e-02 2.0059798591233548e-02 4.2172467339876965e-02 8.2281299335739308e-05 1.1171063671184554e-02 -8.5132802167346287e-04 9.9993723593375683e-01




2.7177359730656450e-02 2.6059493864745206e-02 4.8678377421452479e-02 2.5225472623599992e-03 1.6936816519724607e-02 -1.5514361410275991e-03 9.9985217609774024e-01



1.7677739444481963e-02 1.7697552558233645e-02 3.3163950298543209e-02 -1.5445109740821117e-03 1.6770893986375587e-02 -6.3747350573204470e-05 9.9985816370974534e-01



-3.2418745927037542e-03 6.5962980678572689e-04 3.8867126288077286e-02 -2.7771130635304187e-03 1.4790285476879475e-02 -2.2280721908378271e-03 9.9988427870071905e-01






1.2956263399160653e-02 2.3449510660236244e-02 4.3959470945347127e-02 -2.8528987166623523e-03 1.9091492971219044e-02 2.4338358316831113e-03 9.9981070823840790e-01



-3.7190339553688006e-03 1.6811104976973853e-02 1.3567294158421239e-02 1.5219030839266649e-03 1.1685745221377403e-02 5.9443723911955801e-03 9.9991289200934852e-01



-1.3873318708649007e-02 1.4990617507671271e-02 1.7889504497719536e-02 -2.2175919583120071e-03 1.8269526706779685e-02 -9.5777182143480749e-04 9.9983018025710479e-01



-2.6729190834211193e-02 2.0449791066452432e-02 1.4750261509915083e-02 -4.0521126240054125e-03 2.1772523246670041e-02 1.3724545757084878e-04 9.9975472931036435e-01


-3.7787743390835106e-02 5.1417335818437195e-02 -1.0529540571028598e-03 -2.9096197241662600e-03 1.8441182420939305e-02 -4.0159647341293504e-04 9.9982563261013213e-01



-3.4372846574860061e-02 3.1594058203558505e-02 2.0606482602724258e-02 -4.3609717999382588e-03 2.1550742977743415e-02 -6.3811340262427056e-04 9.9975804083455755e-01



-7.9814364098414595e-02 2.1271523723228648e-02 2.9110296913589483e-02 -2.7565231023935085e-03 2.5203716384874179e-02 1.1233958154838102e-03 9.9967790424847269e-01



-7.8695638977171772e-02 1.7711413146137420e-04 -7.3079580578384431e-03 -3.6365791812008521e-03 2.4916834516026953e-02 -1.5905993580963001e-03 9.9968164764751077e-01



-5.7751923502813142e-02 1.7872602773604308e-03 9.2625792679436013e-03 -2.6314802287589053e-03 2.0325051878377704e-02 -1.1829729669100119e-03 9.9978926187117378e-01




-6.1809916079853679e-02 3.0702731478758128e-03 2.2739739940278648e-02 3.5803700410621947e-03 1.8815860120174686e-02 3.3497513578956899e-03 9.9981094389096747e-01




-5.1984454143970384e-02 1.2400913880612548e-02 5.0370291038203688e-02 2.0703333475667078e-03 2.4842406326315250e-02 2.1725042484947881e-03 9.9968687537300327e-01



-1.5212010942596150e-02 8.7363653248981200e-03 5.3206885440762262e-02 3.2675287534792213e-03 1.5017043285645971e-02 -4.1619702205644305e-03 9.9987323680088835e-01




-9.2226216846974969e-03 8.3846364351497730e-03 6.3316220516964603e-02 -1.3470731408046733e-03 1.5964488262589824e-02 -6.0043640963290826e-03 9.9985362334707062e-01




-1.9967663129708744e-02 9.7485073544046740e-03 5.6547123375148070e-02 6.6925263783853303e-04 2.0146134599592247e-02 1.9873973177996487e-03 9.9979484676282615e-01





-5.6108692341491524e-02 1.6691760025353952e-02 1.0845882526040601e-01 5.1630237017300103e-04 2.2676523857198181e-02 1.9551676325087731e-03 9.9974080941869392e-01




-3.2331052561199579e-02 -6.9346943513035079e-03 7.9190740427770939e-02 2.0542123734613640e-03 1.5661287281355424e-02 5.9632330402489466e-03 9.9985746191340852e-01



-2.8448799621315371e-02 3.1638536777636572e-03 6.2143184466654233e-02 5.2905011371783385e-03 1.5715342513802830e-02 2.8263516269220507e-03 9.9985851516295665e-01



-2.0210586781919601e-02 -8.7335970189961849e-04 4.0250661032735904e-02 5.6244247517551194e-03 1.5095625857288530e-02 2.6171527841133211e-04 9.9987020129179849e-01



-1.1093843567851229e-03 -1.0987983607206044e-02 2.7509868220530347e-02 2.9348205421463906e-03 1.3180971031119367e-02 -1.5048080432994351e-03 9.9990768793114848e-01




-3.0727103736244651e-02 1.3385455510443343e-02 4.9523437562115233e-02 3.5509014903754711e-03 1.7902445955528309e-02 -5.3574684683853771e-03 9.9981907916333812e-01




-4.3716770673564664e-02 3.7997040132958198e-03 4.3645532819754730e-02 -1.9925104295140197e-03 2.0112899728395105e-02 -2.6041742829638029e-03 9.9979233815978397e-01



-5.5192995380785578e-02 2.9547289116361708e-03 4.8486317396576328e-02 -1.5701242808990356e-03 1.8077315397389566e-02 -2.2270474199452385e-03 9.9983287885403882e-01




-5.4661206287435218e-02 -2.6095995337420148e-03 5.9479657053756761e-02 -3.5359843623781000e-03 1.9214729623786082e-02 -8.3790722079302811e-04 9.9980877616250352e-01




-5.4842419723308007e-02 2.4983771709098795e-03 5.5749265746919692e-02 -3.1588876394417632e-04 1.9405582962049545e-02 4.8682126347699323e-04 9.9981152552331043e-01




-4.9885929795803141e-02 -2.6346723596444178e-03 6.0574149954137603e-02 9.9847021364525882e-04 1.6811122712684409e-02 -1.4369013095305056e-03 9.9985715205973213e-01





-5.7815411294677509e-02 -4.3485289193805907e-03 5.9303326817971354e-02 -4.1425452861771324e-03 1.5168754482480366e-02 -7.9755097308455581e-03 9.9984455764410474e-01






-4.5167460468246656e-02 -1.7159825083419466e-02 5.1662570195855670e-02 1.1660067748658716e-04 2.2605995824460257e-02 1.7009276893662280e-03 9.9974299807603662e-01






-2.3301129420709912e-02 -1.1224551054325169e-02 5.2992461398240633e-02 4.1625927413192223e-04 2.1753585978118255e-02 6.3522592192148120e-03 9.9974309551410312e-01




-3.3554039213154911e-02 -2.6565372238947639e-04 3.6383054019074101e-02 1.8558122625519197e-03 1.9617445902001818e-02 2.2708143047911480e-03 9.9980325823609983e-01




-4.7496592494239695e-02 4.9645846152580036e-03 3.5572715576364711e-02 -2.2144998845360516e-03 2.3908898175006951e-02 -2.7410877777098435e-04 9.9971165114881821e-01




-4.5670869524085098e-02 -1.4779461195079916e-03 4.9318376025955027e-02 1.9397958675858477e-04 1.9064895156491925e-02 -1.2205952700157458e-03 9.9981748448993368e-01





-6.1555858900044107e-02 1.1261174693102908e-03 5.9589813052482968e-02 -1.6552588411521234e-03 1.9407141429888856e-02 -5.0231730460442202e-03 9.9979767488839388e-01







-6.4138927503778226e-02 -4.9930804874741296e-02 9.0642233480335552e-02 -9.2270464572661616e-03 1.9389282945454941e-02 3.7141618962761866e-03 9.9976253296567619e-01






-8.4197962212603214e-02 -4.2108255890771294e-02 1.0609740966232027e-01 -1.2862138913384568e-02 2.7850409299831409e-02 1.0875624308200703e-02 9.9947018008558486e-01





-6.4712969614551918e-02 -2.0922433589724516e-02 7.4913434566030390e-02 -4.3012516867165281e-03 1.9434608637198897e-02 3.1594561219790438e-03 9.9979688590136129e-01





-6.5609752166409935e-02 -2.5445392593719349e-02 7.7323932867732800e-02 -1.1315879403984491e-03 1.9082413320308477e-02 1.3848994075460336e-03 9.9981631466196685e-01





-6.0894274520511181e-02 -2.0489267480053808e-02 7.0096355460430443e-02 2.3195607803470045e-03 1.5259459385485494e-02 -3.8575222834073253e-03 9.9987343602022050e-01







-9.5376509284908900e-02 -1.5210075954894159e-02 8.4269643142888026e-02 -5.2446015412911523e-03 2.2489154295595271e-02 1.6345013168086321e-03 9.9973199433607574e-01







-1.0725113781897957e-01 -2.0294988535298646e-02 8.6850054883032796e-02 -1.3436415760932168e-02 2.4773924379474940e-02 6.9737057066295623e-03 9.9957845256440814e-01




-5.4390453754449959e-02 -1.3338324458915061e-02 4.6577424258106785e-02 -6.1941255608103738e-03 1.9439705919982016e-02 3.3927012239260688e-03 9.9978608723100704e-01




-7.1421060489757437e-02 3.2783483513517202e-03 3.8856914749130902e-02 -1.9846063584329009e-03 2.2739055933925393e-02 2.7246880015274489e-04 9.9973942726772003e-01




4.7300227679143540e-04 8.3735988176911705e-02 3.4875957580269144e-02 8.2757653749135889e-03 2.0394032214960937e-02 2.8948013401453336e-03 9.9975357727925918e-01



-3.7905824244476444e-02 7.9521472163340573e-02 4.0996052256676609e-02 9.9865571153556626e-03 1.8966883402884653e-02 3.3642979499828112e-03 9.9976457604291369e-01



-4.1005515739747193e-02 -7.2892376171646380e-04 3.2471375878703343e-02 2.9093113872185124e-03 1.8065591861223952e-02 2.3585484848821763e-03 9.9982978928765687e-01



9.1123040117716513e-03 -6.0460291745185156e-02 2.5832910248299517e-02 -6.1573586659963656e-03 1.2096661296999388e-02 -1.0429516311432408e-03 9.9990733069200921e-01





5.0787661052614362e-02 -6.6037670567153622e-02 5.8181195110129452e-02 -1.0284951087310527e-02 8.4488955818752872e-03 5.9842144323657453e-04 9.9991123497856271e-01





3.4075225194641415e-02 -2.7847988251354913e-02 8.5958519808778958e-02 -7.1099521025241455e-03 9.9179873900159966e-03 4.2732244274921319e-03 9.9991640733624509e-01




-2.6883444532310983e-02 -3.0580237930040595e-03 8.5538081047311657e-02 -2.5900007123207604e-03 1.7241560747102775e-02 6.7108003488152374e-03 9.9982547758996043e-01




-4.6791012511400977e-02 8.6565115474734346e-04 7.6739760326562836e-02 1.0391727138166467e-03 1.9931620328964551e-02 -3.9991017050940089e-03 9.9979280744396493e-01



-2.2093989945766827e-02 -9.7457836940744048e-03 6.1847198432565989e-02 3.1002781266902570e-03 1.3194344847554140e-02 -2.0506222321680133e-03 9.9990604182995213e-01



-2.3915590414625400e-02 2.7623238538722877e-03 5.9119538166142509e-02 8.9142255638982038e-03 1.2121052709970392e-02 5.5998459681652363e-04 9.9988664511585978e-01




-3.3567507995812637e-02 -1.0747982526100446e-02 7.3774844449564739e-02 5.0206083062683156e-03 1.4647897988460529e-02 4.5725759796370587e-03 9.9986965356773638e-01



-5.4757435788453362e-03 2.3044344141437221e-03 5.8842256471338061e-02 9.6183689242915829e-03 6.3065522430852386e-03 4.8896579730263404e-03 9.9992189976165058e-01




-6.9203049404008357e-03 -1.6926271911747396e-03 6.7158588280186157e-02 5.5020737229318157e-03 1.2273048626176413e-02 -2.4286112301146411e-03 9.9990659629270373e-01



-5.4417362685530010e-03 -1.0349771872392267e-02 4.6993337244224269e-02 6.3527770091085694e-03 9.7151382583080554e-03 1.3757913431237286e-03 9.9993168042175495e-01



-1.3929618019796940e-02 -8.3751103617703358e-03 4.5331799248901183e-02 5.6367888006164336e-03 9.4275703735489554e-03 -8.0776605527649174e-04 9.9993934568196130e-01



-1.0584735065296865e-02 -6.3548147701816505e-03 4.4593143430003958e-02 5.6942988487999856e-03 9.4954469518710848e-03 -3.7542558528930214e-04 9.9993863336878563e-01




-1.4342165947126791e-02 1.0037305166485724e-02 5.8080835899213507e-02 1.1041695462847898e-02 1.2233118622258302e-02 4.4042922443112689e-03 9.9985450640576012e-01



-1.1399537217460034e-02 -5.2008498738829794e-03 4.2944780166442223e-02 8.5733851528728630e-03 1.2500706025807657e-02 -4.0332550145951221e-04 9.9988502676278568e-01



-1.6945619490730250e-02 2.0746134779003737e-03 4.2647104869975534e-02 9.4244776791989025e-03 1.2793188301050720e-02 3.4314646076145077e-03 9.9986786057169319e-01



-3.5506924005618369e-02 1.1722544628823234e-03 2.7798624713464268e-02 4.9677714621818479e-05 1.8906151158784322e-02 3.4503371635490163e-03 9.9981530802140839e-01



-5.6983950980027606e-03 9.1186752029131426e-03 3.9013821059771157e-02 6.5623145560576440e-03 1.2741551434936828e-02 6.3657657760358456e-03 9.9987702539901524e-01



-1.9719602632547063e-02 2.2767607108791936e-02 2.9529178939841458e-02 9.6489166585054902e-03 1.4973546234711576e-02 4.6888594349295629e-03 9.9983033856633574e-01



-3.3593354421156213e-02 1.2859936219463198e-02 2.6770659007182236e-02 1.1131094087032663e-02 1.4704368741560593e-02 4.7340748526041162e-03 9.9981871797822819e-01



-2.8977932158870540e-02 7.9381660419958824e-03 2.4429865067886591e-02 7.7852258264217511e-03 1.5990702473645514e-02 -7.6368571072903113e-04 9.9984153968384715e-01





-5.1448753366384596e-02 -1.6117588661256944e-02 4.7961575418732673e-02 -1.6452432016272960e-03 2.1209303396355694e-02 -3.1954978543701613e-03 9.9976859693516662e-01




-4.1000038968786092e-03 -2.5100295448016577e-02 4.5460128156657724e-02 8.0538250045800366e-03 7.3230511631829781e-03 -3.2606992949238103e-03 9.9993543624804349e-01



2.5093278560437537e-03 2.1299550172604526e-04 4.4705103939364180e-02 9.0815642890745320e-03 6.3131400963941445e-03 -1.3285955610746528e-03 9.9993795021792320e-01




-1.1448218788043989e-02 1.5859863365662263e-02 5.6231606888787498e-02 8.3588771873569032e-03 1.3025426146638522e-02 -5.3613814212989934e-04 9.9988008281081275e-01



-2.3754409381433191e-02 3.0167716254763867e-02 3.6736461947759744e-02 1.5489080443442223e-02 1.0034961721739608e-02 1.6996907817875434e-03 9.9982823473910065e-01



-2.5397840303829165e-02 -2.5921025832471687e-03 4.5343285219437382e-02 3.0649729486032580e-03 1.4986799397149107e-02 -2.7160173952140500e-04 9.9988295715906117e-01


-1.7595068693227536e-02 1.9036844406730317e-04 3.4447909878614208e-02 4.0926988375884731e-03 1.3699401409385277e-02 -7.6662832658769232e-04 9.9989748899487607e-01


-2.5774181485623271e-02 8.5501350857899710e-03 3.1482850968415924e-02 6.3806775640432500e-03 1.4702104797520011e-02 -4.2993798679545857e-03 9.9986231572206852e-01


-1.9193193425960497e-02 6.5636144871141049e-03 3.2325570656045570e-02 6.4088984094260995e-03 1.4766116916578927e-02 -3.7708346475529174e-03 9.9986332496919017e-01


-2.0629820056682967e-02 -1.6175581986600563e-03 3.1792432684068360e-02 9.8417851899487013e-03 1.3912146822139215e-02 -1.1082766615741258e-03 9.9985417094590123e-01


-1.7207875513489419e-02 7.9267311853788054e-03 2.8088272223278768e-02 1.3679740674325373e-02 9.6346162744451319e-03 3.0743432877069604e-04 9.9985996236896135e-01


7.1723314724658769e-03 -5.6395698123157300e-03 2.6412541470901510e-02 1.0533041645483205e-02 3.2525760354350270e-03 -1.1168196785915343e-03 9.9993861236409598e-01



1.0327105808624181e-02 -2.1191722324488574e-03 2.7415236016352283e-02 7.8512962113911917e-03 3.0107670352558301e-03 -6.2145116058690570e-03 9.9994533464342983e-01



-1.9936714290565661e-03 -1.1972667544508672e-02 3.3434237612529519e-02 1.3243548119595322e-02 4.5100363568867105e-03 -5.4587236776807539e-03 9.9988722881186665e-01



1.5811225703877229e-03 -7.8956531763847131e-03 2.7535219493390373e-02 1.3924314115092120e-02 3.7934505291989818e-03 -4.7157987551569719e-03 9.9988473558286084e-01




-2.0155391984561402e-03 -1.2614189809573541e-02 2.9473633478530985e-02 1.6605617133304308e-02 2.6990921453484275e-03 -5.5903047534094225e-04 9.9985831789616109e-01




2.3514451170706274e-02 -2.9602407980337357e-03 2.4132139829887850e-02 2.0225767955230674e-02 -8.3791417878517280e-03 -5.8741663496975115e-04 9.9976015285428199e-01



-1.9503930531641459e-02 3.2849414554098457e-03 3.2960452244679320e-02 1.7322063757116462e-02 7.7452844708035074e-04 -1.7756794824050476e-03 9.9984808504855116e-01





-4.2769726671564423e-02 -2.6746405217271765e-03 5.9973338559098033e-02 1.8918773148124773e-02 7.3200227785610644e-03 -2.1273324329597939e-03 9.9979196423346528e-01




-3.9338363098732690e-02 6.4671342675334201e-03 5.1165517785061849e-02 1.4950264893758107e-02 1.0536348886101662e-02 -2.7139317319605934e-03 9.9982904013951857e-01





-5.0403010763404657e-02 1.6112387690096003e-02 6.0144881089938103e-02 1.7953992847473028e-02 1.3675037970361780e-02 1.3511532088256316e-03 9.9974437825993712e-01





-4.8804719347652958e-02 1.2023110759632057e-02 5.3142779119184393e-02 1.4693280297742155e-02 1.4474402864902418e-02 -2.5733540269743446e-03 9.9978396517690182e-01






-4.7304387041744701e-02 2.1728962813149906e-02 5.0122357660444858e-02 1.1161287590203996e-02 2.4078506036493568e-02 -1.0244655789288034e-02 9.9959526721275460e-01




-3.7210986118432397e-02 3.0322303958095209e-02 2.5545923250303568e-02 9.1268474408563414e-03 2.3512277366601341e-02 -4.3793892735182792e-03 9.9967229351343845e-01





-1.2466575269867315e-02 2.2506753639315823e-02 1.5493288756138238e-02 -4.1564262649718790e-03 1.6776194174853706e-02 -1.3784523844463983e-02 9.9975560530166219e-01




-9.3950894166835459e-03 2.0446915060510693e-02 9.9238557735512722e-03 -1.1752944806731338e-02 1.2747247737695793e-02 -7.9231016809057607e-03 9.9981828370121228e-01





-3.6052592431441759e-04 1.9626709807251477e-02 1.1328313714205852e-02 -6.4125115846517715e-03 1.0491689428937646e-02 -1.2246208707051788e-02 9.9984940592091509e-01




-1.8425624483879981e-04 2.4093409275123233e-02 4.3588474824662743e-03 -8.5760444741834300e-03 1.0423404127899669e-02 -7.0047450210266662e-03 9.9988436214131970e-01






1.0313086011981895e-02 4.0954074811263501e-02 8.5778848678516057e-03 -1.2612972793111897e-02 5.7745349901565258e-03 -3.5938932142899260e-03 9.9989732052572877e-01






2.7041913651431510e-02 4.4560211536514141e-02 1.4426476726961405e-02 -1.2507357808321858e-02 -2.5535858213192428e-04 -4.4329015902520160e-03 9.9991192120913341e-01




1.9187492320241820e-02 2.7294482859027958e-02 1.8251502586091609e-02 -8.5470504766548949e-03 5.7116064317158195e-03 -8.0379533464642119e-03 9.9991485476820419e-01




1.2702912257902847e-02 2.7031216508446296e-02 1.5844907011695605e-02 -1.5460692296924634e-02 8.2690262632562090e-03 -8.5278709124177350e-03 9.9980991474182657e-01



1.0649906634129324e-02 2.8886471797738372e-02 1.3342167106885915e-02 -1.3420870196385513e-02 5.7655066422652741e-03 -4.1404519319745703e-03 9.9988474127477756e-01




1.2550871438749908e-02 3.0697960581566361e-02 2.0649190945094383e-02 -1.5596967047516614e-02 4.0162387760262659e-03 -4.9337723663818722e-03 9.9985812110281391e-01



7.6769155641887906e-03 2.1011934261040470e-02 1.3174954311431179e-02 -1.3892659774091168e-02 7.7907573668414597e-03 -7.2849195186562967e-03 9.9984660226039623e-01




8.7300662529586209e-03 2.5068451126792152e-02 1.8551622066927873e-02 -1.1677539718717767e-02 8.0718688484759816e-03 -3.7770402216516898e-03 9.9989210116220784e-01




8.8677955984098836e-03 2.5007884279764490e-02 1.4460008397889154e-02 -1.3725378470258304e-02 9.2246526240601437e-03 -3.5779489610210020e-03 9.9985684877938696e-01






5.8982026286194984e-03 4.1581304092464674e-02 1.5816740704352281e-02 -1.3270716946266343e-02 1.0140106575762510e-02 1.6247991891110990e-04 9.9986051022662170e-01







3.6239377806717901e-03 3.9193284350473548e-02 1.4681274272166211e-02 -7.5479853795102428e-03 1.1396600094143975e-02 -3.6924465634844560e-03 9.9989975060571978e-01









1.8892406657006009e-03 4.2081643109767773e-02 9.8420032791824534e-03 -1.4725261201652587e-02 7.3125075337832418e-03 2.2979690860964281e-03 9.9986219713228019e-01











