0.0333333333333 0.790932 1.3 1.46227 0.0 -0.999940590493 0.0 0.0109002516018
0.0666666666667 0.791329 1.29914 1.46194 -0.000119123735074 -0.99994783988 -0.000168391309557 0.0102115117956
0.1 0.796069 1.29806 1.46193 -0.000228885580082 -0.999948226279 0.000280514492416 0.0101692519227
0.133333333333 0.794277 1.29884 1.46316 -5.44193613547e-05 -0.999960717366 0.000915016034027 0.00881609378673
0.166666666667 0.797306 1.29803 1.46155 0.000117272136965 -0.999958094252 0.000834119949811 0.00911593283087
0.2 0.796434 1.29859 1.46248 0.000200556305075 -0.999960955132 0.00116019287492 0.00875796441241
0.233333333333 0.79655 1.29874 1.46215 9.60864202456e-05 -0.999962064473 0.000948103687502 0.00865802990955
0.266666666667 0.797993 1.29858 1.46229 2.94126722358e-05 -0.999961412614 0.000958259388968 0.00873236259277
0.3 0.799978 1.29919 1.4622 0.000307693801048 -0.999960095747 0.000882212629949 0.00888447738796
0.333333333333 0.800062 1.29804 1.46164 0.00061494121452 -0.999961414862 0.00059039028309 0.00874311575801
0.366666666667 0.801053 1.29892 1.46092 0.00111228305445 -0.999961438923 0.00076411718538 0.00867753530709
0.4 0.801084 1.29915 1.46174 0.00178055576246 -0.999960410069 0.000405435612933 0.00870881959098
0.433333333333 0.80353 1.29933 1.4611 0.00235704247922 -0.999951334384 6.39860432579e-05 0.00957962004979
0.466666666667 0.80349 1.29825 1.46173 0.00259552691344 -0.99995113044 -0.000554414599649 0.00952326607
0.5 0.806567 1.29713 1.46089 0.00271710983362 -0.999943943943 -0.000385535017851 0.0102263213384
0.533333333333 0.80576 1.29894 1.462 0.00295192306107 -0.999944949742 0.00023698162434 0.0100661548998
0.566666666667 0.807875 1.30027 1.46339 0.00321670583753 -0.999934386033 -0.000315778051075 0.010989846084
0.6 0.809393 1.30013 1.46236 0.00325229420655 -0.99992808137 -0.00136128582879 0.0114630524656
0.633333333333 0.810893 1.29986 1.46276 0.00360121852717 -0.999920080567 -0.00194454864707 0.0119617069935
0.666666666667 0.813956 1.30111 1.46305 0.00415107804074 -0.999904109602 -0.0023125214763 0.0130073977544
0.7 0.816903 1.3002 1.46265 0.00432710856722 -0.999885770846 -0.0032048754067 0.0141226826295
0.733333333333 0.8226 1.30102 1.46299 0.00416862964085 -0.999863016258 -0.00328239385184 0.0156779187584
0.766666666667 0.822036 1.30191 1.46468 0.00416171392728 -0.999852326355 -0.00392342350945 0.0162053190968
0.8 0.830428 1.30043 1.46512 0.00412200811428 -0.999806594601 -0.00497895765717 0.0185739716448
0.833333333333 0.831584 1.2992 1.46589 0.00443079899764 -0.999787127678 -0.00487940868655 0.0195514377901
0.866666666667 0.837838 1.30074 1.46488 0.00435695259209 -0.9997416376 -0.00400209833917 0.0219467132541
0.9 0.843533 1.30145 1.46696 0.0038007725012 -0.999688955108 -0.00450905083658 0.024232532342
0.933333333333 0.848352 1.29967 1.46715 0.00311418319051 -0.999645105826 -0.0052150765658 0.0259377569868
0.966666666667 0.854471 1.29946 1.46978 0.0023914302077 -0.999590923016 -0.0047912002336 0.0280946985537
1.0 0.86403 1.30025 1.4676 0.00195027508787 -0.999512705521 -0.00454475709862 0.0308203360241
1.03333333333 0.870512 1.29951 1.46929 0.00161268377625 -0.999452133688 -0.00512408393638 0.0326584672273
1.06666666667 0.877352 1.29915 1.47144 0.00117040725037 -0.999376277062 -0.00499998586471 0.0349383332953
1.1 0.88289 1.29953 1.47159 0.000536723203964 -0.999319935346 -0.00472179126283 0.0365661514927
1.13333333333 0.911173 1.30018 1.47134 0.000776418217031 -0.999145638829 -0.00469798099889 0.0410526315557
1.16666666667 0.91466 1.29943 1.47394 -0.000458234136394 -0.999107726896 -0.00508493659195 0.0419247361003
1.2 0.920399 1.29857 1.47561 -0.00225426191781 -0.999069888418 -0.00469921855396 0.0428041318557
1.23333333333 0.931222 1.30062 1.47413 -0.00301782365408 -0.998990503892 -0.00398750334069 0.0446426443108
1.26666666667 0.943038 1.30116 1.47315 -0.00323300492835 -0.99886406209 -0.00466833362086 0.0473110960093
1.3 0.946291 1.30181 1.47646 -0.00304675907902 -0.998800673815 -0.00523950803351 0.0485847589481
1.33333333333 0.95623 1.30346 1.47555 -0.00259400010791 -0.998656994386 -0.0059335194947 0.0514030356387
1.36666666667 0.96659 1.30458 1.47362 -0.00193524530525 -0.998493240416 -0.00734864581953 0.0543461228985
1.4 0.979887 1.30311 1.47112 -0.00176684871621 -0.998316838386 -0.00915874182526 0.0572405965156
1.43333333333 0.986612 1.30265 1.46763 -0.00137928338074 -0.99826790336 -0.00970067939344 0.0580102363259
1.46666666667 0.99293 1.30336 1.46961 -0.000658713542535 -0.998194082185 -0.0100302118895 0.0592244479601
1.5 1.00129 1.30131 1.46573 1.10350197112e-05 -0.998127736861 -0.0107502512658 0.0602117337821
1.53333333333 1.00726 1.30078 1.46551 0.000597928794929 -0.998097030479 -0.0101599585076 0.0608172300686
1.56666666667 1.01025 1.30264 1.46577 0.00166729095927 -0.998092419857 -0.00927296394788 0.0610143729268
1.6 1.01474 1.3029 1.46458 0.00248214439358 -0.998047410157 -0.00962860025027 0.0616643827056
1.63333333333 1.02201 1.30181 1.46363 0.00248947117401 -0.997961186526 -0.00977718788285 0.0630212608398
1.66666666667 1.03623 1.30211 1.45842 0.00203687520707 -0.99781221476 -0.00893266719159 0.065473984692
1.7 1.03461 1.30227 1.46146 0.00172530349585 -0.997859083006 -0.00844798944717 0.0648298177063
1.73333333333 1.0386 1.30189 1.46209 0.00176288691169 -0.997822888882 -0.00754096854398 0.0654943390342
1.76666666667 1.04062 1.30426 1.46527 0.00257578281588 -0.9978082626 -0.00610906458859 0.0658385583045
1.8 1.05359 1.30583 1.45924 0.00357342409984 -0.997690365953 -0.00609768254332 0.0675572541764
1.83333333333 1.05586 1.30508 1.45949 0.00467095777314 -0.99769065871 -0.00681323167573 0.0674174424838
1.86666666667 1.07565 1.30465 1.44992 0.00531276870308 -0.997421772574 -0.00650755100396 0.071268743952
1.9 1.08052 1.30734 1.44923 0.00567222147361 -0.997382629567 -0.00572576118407 0.0718535441041
1.93333333333 1.0898 1.30799 1.44626 0.00502442743261 -0.99726469708 -0.00673682692334 0.07343360436
1.96666666667 1.10385 1.30566 1.44028 0.00370149185071 -0.997049483174 -0.00748578438736 0.0763058981526
2.0 1.10701 1.30737 1.44215 0.00243752994127 -0.997026862827 -0.0066346011123 0.0767298854198
2.03333333333 1.11379 1.30885 1.44223 0.00113775885723 -0.996908302046 -0.00717039201669 0.0782376398804
2.06666666667 1.13737 1.30825 1.43143 -0.000372601200437 -0.996417381056 -0.00815860451297 0.0841766064255
2.1 1.14599 1.30939 1.43009 -0.00185452162247 -0.996126590327 -0.00890725449713 0.087458776633
2.13333333333 1.15847 1.30819 1.42528 -0.00411429940354 -0.995757505877 -0.010260627894 0.0913497758381
2.16666666667 1.1722 1.30835 1.42126 -0.00631663340201 -0.995368239014 -0.011026494782 0.0952921052201
2.2 1.18285 1.30705 1.41909 -0.00767045829154 -0.995002028949 -0.0124020057288 0.0987841926172
2.23333333333 1.19308 1.30456 1.4166 -0.00883493094205 -0.994623179453 -0.0132441854764 0.102329206195
2.26666666667 1.20424 1.30477 1.41707 -0.00938755628099 -0.994287341653 -0.0130696640911 0.105516538494
2.3 1.21371 1.3045 1.41239 -0.00920910015979 -0.993989203156 -0.0137986345057 0.108213927795
2.33333333333 1.22266 1.30271 1.41256 -0.00880011755289 -0.993688322145 -0.015067249242 0.110810894606
2.36666666667 1.2299 1.30212 1.4155 -0.00762391520575 -0.993528149653 -0.0157763485919 0.112226550291
2.4 1.24595 1.29696 1.41224 -0.00407780968994 -0.992954614877 -0.0172746558525 0.117158399304
2.43333333333 1.2559 1.29558 1.41036 -0.00262868876767 -0.992616684634 -0.0169038501916 0.120081086064
2.46666666667 1.2581 1.29391 1.41347 -0.00103990744846 -0.992481913323 -0.0167271822708 0.121238490966
2.5 1.25955 1.29024 1.41623 0.000346068230028 -0.992395369109 -0.0167284674997 0.121948636662
2.53333333333 1.25776 1.2871 1.42437 0.00156025376752 -0.992294740007 -0.0152717922565 0.122945056525
2.56666666667 1.25836 1.28679 1.43116 0.0026373568227 -0.992110471818 -0.0129409001249 0.124669118721
2.6 1.25679 1.28552 1.43839 0.00299865927133 -0.991921175153 -0.0116920816428 0.126280186701
2.63333333333 1.26373 1.28245 1.44039 0.00279579796262 -0.991484302472 -0.010898431131 0.129739298844
2.66666666667 1.26726 1.2796 1.44403 0.00246759000272 -0.991135716151 -0.00922151694964 0.132509874329
2.7 1.27914 1.28056 1.44079 0.00199678829206 -0.990552067665 -0.007039810135 0.136941794767
2.73333333333 1.2876 1.28048 1.44109 0.00102750911128 -0.989940873233 -0.00702026874383 0.141303671409
2.76666666667 1.29543 1.27841 1.44405 -0.00027836549765 -0.989346168989 -0.00742366343702 0.145392467623
2.8 1.30795 1.27954 1.44354 -0.00110083104074 -0.988622672105 -0.00717295808724 0.150241635517
2.83333333333 1.32153 1.27857 1.44287 -0.00182643987101 -0.987717363327 -0.00824256677023 0.15602286497
2.86666666667 1.33624 1.27785 1.43852 -0.00315651979102 -0.986665699495 -0.00849983839978 0.162507189286
2.9 1.34598 1.27897 1.43863 -0.00513055281721 -0.986046949503 -0.00874489418569 0.166158411252
2.93333333333 1.35899 1.27862 1.43804 -0.00728410609882 -0.985385209738 -0.00954109145519 0.169917326372
2.96666666667 1.36831 1.27841 1.4377 -0.00936818509323 -0.984806517245 -0.00982299996758 0.173123855581
3.0 1.37584 1.28021 1.43878 -0.011213285069 -0.984336867858 -0.00966721808527 0.175675091313
3.03333333333 1.39028 1.28146 1.43546 -0.0126429536188 -0.983581582628 -0.0106724230321 0.179703993904
3.06666666667 1.40536 1.27933 1.42996 -0.0137375658198 -0.982705450115 -0.0121933574981 0.184262312026
3.1 1.4102 1.28026 1.43326 -0.0143939278004 -0.982379367541 -0.0119250270139 0.185960713063
3.13333333333 1.41744 1.28263 1.43354 -0.0148330503221 -0.981903641127 -0.0120960430632 0.188411533355
3.16666666667 1.43035 1.2813 1.42673 -0.0155404372356 -0.981212820831 -0.0132250877127 0.191846272056
3.2 1.44052 1.28185 1.42695 -0.0159579881444 -0.980599673389 -0.0130708532306 0.194932747275
3.23333333333 1.44603 1.28458 1.42493 -0.016052113607 -0.980241207271 -0.0130412255983 0.196721711184
3.26666666667 1.46051 1.2852 1.42056 -0.0165020715863 -0.97940739221 -0.0144099893507 0.200701753665
3.3 1.46598 1.28379 1.41733 -0.0168875644179 -0.979010751681 -0.0156239628663 0.202505925953
3.33333333333 1.47416 1.28426 1.41311 -0.0169128727013 -0.978493115141 -0.0154856497382 0.205000909778
3.36666666667 1.48265 1.28596 1.40692 -0.0166642872998 -0.977891788951 -0.0153147535285 0.207883161789
3.4 1.48621 1.28742 1.40522 -0.0161069780845 -0.977640015747 -0.0157766644722 0.20907334054
3.43333333333 1.49677 1.28786 1.39837 -0.0159485243427 -0.97688689893 -0.0162835911022 0.212538175232
3.46666666667 1.5092 1.28962 1.3853 -0.0162710941568 -0.975919585583 -0.0162801350503 0.216912819291
3.5 1.51196 1.28986 1.38347 -0.0171478002973 -0.97542559205 -0.0171561040029 0.218989806643
3.53333333333 1.51824 1.28922 1.37829 -0.0181291141114 -0.974771710864 -0.0170864871537 0.221809600507
3.56666666667 1.51865 1.29251 1.38195 -0.0187167246452 -0.97458282391 -0.0162303270727 0.222653497705
3.6 1.52813 1.2935 1.37331 -0.0186029053157 -0.973819825645 -0.0171479613704 0.225908889855
3.63333333333 1.5299 1.29346 1.3722 -0.0191104011196 -0.973289244619 -0.0182719833956 0.228054759875
3.66666666667 1.53759 1.29402 1.36365 -0.0200519955082 -0.972259869545 -0.0188872610466 0.23227555816
3.7 1.5438 1.29534 1.35683 -0.0209229952233 -0.971349607375 -0.0197587377631 0.235906254273
3.73333333333 1.55151 1.29478 1.34881 -0.0217946773818 -0.970234506209 -0.0213318294454 0.240239355751
3.76666666667 1.55565 1.29492 1.34451 -0.022738589342 -0.96932672021 -0.0223292830287 0.243700777926
3.8 1.56613 1.29509 1.332 -0.0241328189427 -0.967922101493 -0.0232824292938 0.249002692713
3.83333333333 1.56688 1.2951 1.33013 -0.0253120879316 -0.967215544047 -0.0247973676962 0.251472622992
3.86666666667 1.57696 1.29253 1.31789 -0.0266626611959 -0.965808447736 -0.026385840923 0.256528618636
3.9 1.58444 1.28957 1.30728 -0.0276078511044 -0.964812252406 -0.0263913433233 0.260151150607
3.93333333333 1.58992 1.29118 1.30298 -0.02762263224 -0.963896346783 -0.0252040158312 0.263639110211
3.96666666667 1.5961 1.29161 1.29581 -0.027219501553 -0.962847309864 -0.0256543426985 0.267443473138
4.0 1.60271 1.29035 1.28741 -0.0269689747007 -0.961733626935 -0.0263876810811 0.271375745994
4.03333333333 1.61171 1.29074 1.26945 -0.0263956418734 -0.960486520968 -0.0267172665441 0.275780892735
4.06666666667 1.61326 1.28932 1.26864 -0.0260420856141 -0.959842585751 -0.0282685244199 0.277893704287
4.1 1.61877 1.28518 1.26215 -0.0263346523373 -0.958939705634 -0.0286443373109 0.28092815627
4.13333333333 1.6277 1.2844 1.24602 -0.0266272351021 -0.957603335129 -0.0269119114158 0.285591652405
4.16666666667 1.63198 1.28459 1.24091 -0.0272251174494 -0.956559021207 -0.0258658537256 0.289109995569
4.2 1.63664 1.2834 1.23348 -0.0275992106958 -0.9555385921 -0.0254892443497 0.292462956628
4.23333333333 1.64578 1.28246 1.21633 -0.0274379427307 -0.953959644428 -0.0251072881483 0.297620194515
4.26666666667 1.65113 1.28264 1.2104 -0.0271608779743 -0.95278495287 -0.0252750625987 0.301370687861
4.3 1.65497 1.28227 1.20362 -0.0272898893475 -0.951687901202 -0.0257112977344 0.304769305892
4.33333333333 1.6633 1.28236 1.18535 -0.0279772843368 -0.950045644693 -0.0258868645603 0.309774780774
4.36666666667 1.66685 1.28179 1.18119 -0.0292071928793 -0.948837923821 -0.0264025805137 0.313299278559
4.4 1.66728 1.28211 1.18346 -0.0302306084658 -0.947789550905 -0.0264801123391 0.316354044005
4.43333333333 1.67714 1.28189 1.16415 -0.030971097464 -0.945636744645 -0.0268731115618 0.322629468856
4.46666666667 1.68559 1.27944 1.14755 -0.0321141885725 -0.943163924696 -0.0274006737093 0.329635697588
4.5 1.68875 1.27906 1.14353 -0.0331866516014 -0.941454595259 -0.026725957351 0.33443626362
4.53333333333 1.69545 1.279 1.13127 -0.0344502723389 -0.939548952631 -0.0259076173281 0.339690652962
4.56666666667 1.70051 1.27864 1.12195 -0.0359618300344 -0.938134527389 -0.0254309526129 0.343458326365
4.6 1.70604 1.27947 1.11709 -0.0373376795549 -0.936468037621 -0.0246775095015 0.347885804144
4.63333333333 1.71196 1.28151 1.1117 -0.0387224065005 -0.934504155979 -0.024686705595 0.352977512399
4.66666666667 1.72096 1.28077 1.09721 -0.0403979978249 -0.931925920817 -0.0262678325937 0.359432999113
4.7 1.72628 1.27953 1.09157 -0.0417035345932 -0.929860904588 -0.0277128478155 0.364488012681
4.73333333333 1.73517 1.27949 1.07668 -0.0429695824179 -0.927312031534 -0.0284247451352 0.370726374869
4.76666666667 1.74024 1.27723 1.06656 -0.0447529810612 -0.925307795534 -0.0295285034438 0.375407407619
4.8 1.74637 1.27552 1.05853 -0.0461753256488 -0.923399625491 -0.0290880302321 0.379940597255
4.83333333333 1.75178 1.27642 1.05167 -0.0469439731772 -0.921729439154 -0.0278963295372 0.383969919625
4.86666666667 1.7574 1.27632 1.04211 -0.0475007355894 -0.919816063736 -0.0272867137227 0.388506787927
4.9 1.76716 1.27709 1.02097 -0.0476196507468 -0.916742355988 -0.0269159278634 0.395716254945
4.93333333333 1.76848 1.27724 1.01758 -0.0477165771454 -0.915089505699 -0.0275881766851 0.399466165442
4.96666666667 1.77261 1.27648 1.00644 -0.0479738337988 -0.91292522924 -0.0281261693397 0.40432036269
5.0 1.77605 1.27673 0.99761 -0.0481902887797 -0.911168761118 -0.0284335090311 0.408216511662
5.03333333333 1.77914 1.27629 0.987783 -0.0483946353719 -0.909482024673 -0.0292902168705 0.411876788931
5.06666666667 1.78202 1.27494 0.976927 -0.04880684941 -0.907570661095 -0.0298468854076 0.415983833822
5.1 1.78548 1.27599 0.968315 -0.0493007817478 -0.905710079918 -0.0297231020309 0.419970500465
5.13333333333 1.78971 1.27661 0.955901 -0.0504197929998 -0.903752928018 -0.0302583475223 0.423996370242
5.16666666667 1.79121 1.27749 0.94827 -0.0521509822697 -0.902035716918 -0.0309687122883 0.427378964516
5.2 1.79557 1.27634 0.933294 -0.0543139540142 -0.899684026594 -0.0318513531436 0.431977010954
5.23333333333 1.79758 1.27569 0.922434 -0.0562872383123 -0.897362973155 -0.0320650876526 0.436512624522
5.26666666667 1.8002 1.27533 0.90598 -0.0581057010864 -0.894859342885 -0.0318290638571 0.441403890612
5.3 1.80057 1.27596 0.898312 -0.0594181441222 -0.892782913636 -0.0315543160838 0.44543515623
5.33333333333 1.80141 1.27451 0.882861 -0.0607945406955 -0.890152219776 -0.0317114305168 0.450474677007
5.36666666667 1.80103 1.27402 0.872227 -0.0610659173286 -0.887749673442 -0.0311060362913 0.455196535083
5.4 1.80091 1.2758 0.861094 -0.0608736169911 -0.885169177408 -0.0305218311339 0.46025900094
5.43333333333 1.8016 1.27449 0.848007 -0.0609387758066 -0.882380513349 -0.0310444056275 0.465539837333
5.46666666667 1.80147 1.27315 0.836127 -0.0604146931153 -0.879983223862 -0.0310079205485 0.470125620915
5.5 1.80212 1.27193 0.818149 -0.0595597238949 -0.87738801516 -0.0306863878698 0.475080262421
5.53333333333 1.80108 1.27125 0.806867 -0.0581230389533 -0.875408914413 -0.0303906714219 0.478912676801
5.56666666667 1.79981 1.26932 0.796507 -0.0568847512907 -0.873839755984 -0.0302345570922 0.481927460816
5.6 1.79901 1.26915 0.784098 -0.05571550206 -0.872303976276 -0.0289435387344 0.484916309654
5.63333333333 1.79867 1.27134 0.769664 -0.0550376796381 -0.870627933023 -0.0285750097329 0.488017750577
5.66666666667 1.8003 1.26927 0.752399 -0.0556331392556 -0.868218779797 -0.0300053714755 0.492138986372
5.7 1.79905 1.26646 0.743238 -0.056319631394 -0.866501101122 -0.0305911799763 0.495043554227
5.73333333333 1.79826 1.26517 0.73033 -0.056471594822 -0.864906681383 -0.0300164812378 0.497841744264
5.76666666667 1.79834 1.2636 0.716318 -0.056517614546 -0.863358917213 -0.0295349962079 0.500544526804
5.8 1.79916 1.26183 0.703685 -0.0565454194875 -0.862133410423 -0.0288712696289 0.502687823563
5.83333333333 1.79841 1.26094 0.691803 -0.0565017613813 -0.861349225658 -0.0279760800172 0.504085708353
5.86666666667 1.7995 1.26056 0.677097 -0.0560154224065 -0.860929387974 -0.0274351067499 0.504886300362
5.9 1.79828 1.26295 0.670133 -0.0548266641721 -0.861040374633 -0.0276329116949 0.504816731437
5.93333333333 1.79686 1.26345 0.662888 -0.0544009713317 -0.86056619617 -0.0300214676027 0.505534437809
5.96666666667 1.79637 1.26085 0.649316 -0.0548455103666 -0.859249858432 -0.0324534404191 0.507571103376
6.0 1.79529 1.25843 0.636317 -0.0548954402489 -0.857931854278 -0.033472931888 0.509724422493
6.03333333333 1.79293 1.25773 0.625579 -0.0544014985026 -0.856638679268 -0.0337009723795 0.511932509813
6.06666666667 1.79294 1.25747 0.611646 -0.0540666785287 -0.854756567646 -0.033883554153 0.515092136512
6.1 1.79434 1.25692 0.595313 -0.0536259177332 -0.8529991548 -0.0344818263939 0.518003577696
6.13333333333 1.79194 1.2573 0.58481 -0.0535025647906 -0.851729971581 -0.0351863498871 0.520053316356
6.16666666667 1.79009 1.25694 0.569488 -0.0536924072774 -0.849639420438 -0.0362051469525 0.523372876611
6.2 1.78988 1.25722 0.551298 -0.0540293822546 -0.84701372287 -0.0370247517457 0.527520375797
6.23333333333 1.78658 1.25715 0.54298 -0.0546361521637 -0.844481758269 -0.0384959072011 0.531397700367
6.26666666667 1.78391 1.25355 0.52761 -0.0555982747896 -0.841377142626 -0.0396861839228 0.536114113331
6.3 1.7814 1.25082 0.509986 -0.0555203496197 -0.838171577233 -0.0389913810119 0.541170555466
6.33333333333 1.77882 1.25191 0.495317 -0.0547635207838 -0.83546758419 -0.0377007954481 0.545502999608
6.36666666667 1.77719 1.24963 0.479016 -0.05507263064 -0.832327113215 -0.038034957808 0.550228974106
6.4 1.77324 1.24351 0.464104 -0.0555833007 -0.829332889099 -0.0374438019758 0.554721026675
6.43333333333 1.77284 1.24309 0.445824 -0.0543599192077 -0.8261303782 -0.0340623405915 0.559815464552
6.46666666667 1.7728 1.24715 0.429613 -0.0533196435524 -0.822931961771 -0.0323326504812 0.564707536358
6.5 1.77134 1.24741 0.416704 -0.0541712086126 -0.81962159517 -0.0340635905484 0.569320290072
6.53333333333 1.76912 1.24378 0.399883 -0.0557149563786 -0.816190493705 -0.0364833920444 0.573931950432
6.56666666667 1.76707 1.24027 0.387991 -0.057050440086 -0.812932448092 -0.037461976209 0.578344778193
6.6 1.76559 1.23656 0.371228 -0.0581865873329 -0.809154340999 -0.0369437841256 0.583539827529
6.63333333333 1.76321 1.23555 0.355552 -0.0586841971558 -0.80593751056 -0.0349149787165 0.588049180203
6.66666666667 1.76281 1.23707 0.341648 -0.059082765488 -0.802798596691 -0.0332640486754 0.592382598529
6.7 1.76176 1.23658 0.322949 -0.0601806586756 -0.799058609176 -0.03323989079 0.59730958228
6.73333333333 1.75873 1.23573 0.312614 -0.0613844359228 -0.796143864016 -0.0333823886018 0.601059493683
6.76666666667 1.75612 1.2339 0.295374 -0.0623789362306 -0.792756680033 -0.0332480504508 0.60542570289
6.8 1.75396 1.23443 0.282912 -0.0628911457148 -0.790013953291 -0.0322726691728 0.609000108556
6.83333333333 1.75083 1.23545 0.271291 -0.0634517798931 -0.787932350195 -0.0319936089418 0.61164768628
6.86666666667 1.74721 1.2353 0.25785 -0.063973914261 -0.785853196249 -0.0330505003643 0.614206607474
6.9 1.74244 1.23234 0.244353 -0.0645882031158 -0.78385518651 -0.0343715314183 0.616618203127
6.93333333333 1.73796 1.23021 0.231743 -0.0640806465427 -0.782342880158 -0.0344097229909 0.618586501282
6.96666666667 1.73315 1.22835 0.218912 -0.0631148789097 -0.780335120616 -0.0339880193623 0.621239427381
7.0 1.72728 1.22761 0.207934 -0.0614824899711 -0.778196647252 -0.032915918736 0.624136542695
7.03333333333 1.72199 1.22945 0.194288 -0.0599029808798 -0.775366121107 -0.0318819038009 0.627855521065
7.06666666667 1.7145 1.2265 0.182834 -0.0595296634529 -0.773099440622 -0.0324221232702 0.630652265517
7.1 1.70774 1.2227 0.16847 -0.0583926094923 -0.770352350203 -0.0314060725299 0.634161823435
7.13333333333 1.70044 1.22261 0.156298 -0.0560841803601 -0.768478971401 -0.0288822895952 0.63675776287
7.16666666667 1.69237 1.22317 0.146109 -0.0547243057227 -0.766793872143 -0.0267594247934 0.6389963546
7.2 1.68288 1.21878 0.134619 -0.0543649364024 -0.765196709588 -0.025532764812 0.640988710701
7.23333333333 1.6736 1.21578 0.118078 -0.0526464651537 -0.763236824541 -0.0225597415312 0.643575137364
7.26666666667 1.66489 1.21605 0.108986 -0.0505011611153 -0.762002017959 -0.0197598554727 0.645300011982
7.3 1.65458 1.21335 0.0988957 -0.0493989688251 -0.760145288416 -0.0182231262214 0.647616244429
7.33333333333 1.64379 1.20853 0.0873671 -0.0481822322468 -0.757771038242 -0.0164494231424 0.650531277169
7.36666666667 1.63383 1.20742 0.075592 -0.0461713932626 -0.755053043591 -0.0135277324511 0.653896095923
7.4 1.62426 1.20578 0.0613265 -0.0448017520447 -0.752453782374 -0.0116347924145 0.6570165447
7.43333333333 1.6134 1.20274 0.0520141 -0.0436650210136 -0.750411052433 -0.0101182026827 0.65944995284
7.46666666667 1.60239 1.1998 0.0414016 -0.0423583179444 -0.747778826143 -0.00845102283415 0.662541455523
7.5 1.59175 1.19716 0.033601 -0.0413173635279 -0.74542594328 -0.00638119585335 0.665276122295
7.53333333333 1.58119 1.19321 0.0223702 -0.0408607297412 -0.742885822843 -0.00396310355034 0.668158176478
7.56666666667 1.56894 1.18733 0.014112 -0.0404377969203 -0.741459932807 -0.00102264489645 0.669776758942
7.6 1.55715 1.18153 0.000699578 -0.038957908709 -0.740133414401 0.00269021189739 0.671325236376
7.63333333333 1.54636 1.17749 -0.00661484 -0.0365425058498 -0.739562003219 0.00669639954944 0.672062383186
7.66666666667 1.53538 1.17338 -0.0132172 -0.033509841086 -0.73903648948 0.0102924508338 0.672752720711
7.7 1.52596 1.17234 -0.0204225 -0.0292343288999 -0.738303837759 0.0131936451227 0.673705221067
7.73333333333 1.51632 1.16938 -0.0285559 -0.0253855956747 -0.737420007302 0.0144785988879 0.674801952084
7.76666666667 1.50657 1.16652 -0.0356199 -0.0217086892534 -0.736653942027 0.015648087171 0.675740216262
7.8 1.4965 1.16279 -0.0422828 -0.0184746980764 -0.735503179225 0.0166825994295 0.677063844669
7.83333333333 1.48629 1.15943 -0.0492671 -0.0155799584334 -0.73427115175 0.0181140871737 0.678435715782
7.86666666667 1.47668 1.15671 -0.0575496 -0.0129306608612 -0.733168697919 0.0194951119659 0.679644318016
7.9 1.46661 1.1525 -0.0636732 -0.0108847862461 -0.732361257138 0.020406937737 0.68052337753
7.93333333333 1.45562 1.14651 -0.0712427 -0.00898959682454 -0.731450747573 0.021727578759 0.681488740439
7.96666666667 1.44475 1.14125 -0.0784554 -0.00658855239055 -0.73053733332 0.0238086434194 0.682425779189
8.0 1.43442 1.13646 -0.0869001 -0.00396367653506 -0.729494344511 0.0261859790247 0.683473909595
8.03333333333 1.42496 1.13559 -0.0953355 -0.00131293231502 -0.728238555834 0.0294916561681 0.684687610683
8.06666666667 1.41502 1.13297 -0.103598 0.000625921632098 -0.726936382975 0.0314211424935 0.685985287841
8.1 1.40391 1.12696 -0.111154 0.00239725087401 -0.725324658025 0.0322282568681 0.687647971791
8.13333333333 1.39244 1.12052 -0.119022 0.00493466294832 -0.722719133883 0.033812890227 0.690296596454
8.16666666667 1.382 1.11801 -0.126797 0.00780557637368 -0.719591190986 0.0369039175923 0.693372693217
8.2 1.37148 1.11513 -0.13556 0.0097551322318 -0.716414041167 0.0399183821059 0.696464128139
8.23333333333 1.3618 1.11486 -0.145337 0.0112491473875 -0.713344804905 0.0429985950173 0.69940243553
8.26666666667 1.3523 1.11309 -0.153681 0.011670317116 -0.710140551993 0.0450515450166 0.702520148042
8.3 1.34212 1.11076 -0.161117 0.0112714985462 -0.70656997474 0.047398948774 0.705963996088
8.33333333333 1.33226 1.10859 -0.169936 0.0110346057714 -0.702470560586 0.0492474846917 0.709921146493
8.36666666667 1.32201 1.10551 -0.178534 0.0108244175248 -0.69822670031 0.0508647700192 0.713985351482
8.4 1.31326 1.1064 -0.18889 0.0113857651228 -0.694061207895 0.0526349472513 0.71789899455
8.43333333333 1.30547 1.10951 -0.198617 0.0110271817149 -0.690619582212 0.0531976984663 0.721174735281
8.46666666667 1.29555 1.10569 -0.207313 0.00896004951663 -0.687394075193 0.052380645198 0.724337884493
8.5 1.2845 1.0988 -0.216017 0.00702617787994 -0.684522088461 0.0522287362219 0.727084797218
8.53333333333 1.27314 1.09392 -0.22431 0.00635583744949 -0.682114169258 0.0537714675816 0.72923829624
8.56666666667 1.26358 1.09419 -0.232951 0.00679890050228 -0.679698191058 0.0555747803612 0.731351890551
8.6 1.25308 1.08908 -0.241582 0.00685761515081 -0.676757360699 0.0556043267584 0.734071254511
8.63333333333 1.24248 1.08521 -0.247819 0.00794411664091 -0.67345076275 0.0564660349083 0.737029543549
8.66666666667 1.23234 1.08361 -0.255891 0.00955247325782 -0.66952755293 0.057400699882 0.740504399565
8.7 1.22262 1.08407 -0.262582 0.0109191895321 -0.666437406059 0.0580571726503 0.743216872662
8.73333333333 1.21296 1.0838 -0.269655 0.0115385244196 -0.663444676564 0.0577983925965 0.745900374988
8.76666666667 1.20206 1.08234 -0.275153 0.0120459909108 -0.660946237755 0.0572589681139 0.748148631938
8.8 1.19162 1.08268 -0.280921 0.0128366142565 -0.658693227028 0.0569405265466 0.750144139775
8.83333333333 1.18026 1.08083 -0.286941 0.013006983491 -0.656995286451 0.0565302174079 0.751659727856
8.86666666667 1.16817 1.07847 -0.291069 0.0137666990671 -0.65600448927 0.056215345842 0.752534665611
8.9 1.15684 1.07939 -0.294916 0.0149914953539 -0.655003208586 0.0565008221078 0.753361605678
8.93333333333 1.1454 1.07995 -0.300866 0.0160464691197 -0.653366353177 0.0560254793077 0.754795379578
8.96666666667 1.13345 1.08007 -0.302965 0.0167779753637 -0.651970877728 0.0553569645797 0.756034444063
9.0 1.10786 1.0753 -0.313001 0.0176493575181 -0.648839038542 0.0548254361953 0.75874275864
9.03333333333 1.09346 1.07155 -0.316066 0.0197227811574 -0.648165143035 0.0563822223724 0.759153478723
9.06666666667 1.08145 1.07342 -0.319445 0.0229844340415 -0.647263578432 0.0588468176811 0.759643750633
9.1 1.06875 1.07269 -0.323726 0.0247880078926 -0.645741930052 0.0599309728484 0.760796420162
9.13333333333 1.05541 1.07148 -0.327129 0.0266065236796 -0.644259749021 0.060669994317 0.761932162649
9.16666666667 1.04247 1.07149 -0.329651 0.0283123560644 -0.643112353605 0.0608884530234 0.762822067997
9.2 1.02893 1.06962 -0.333185 0.0296429828362 -0.641930971617 0.0600338471746 0.763833658882
9.23333333333 1.0153 1.06814 -0.336335 0.0313662111501 -0.640732602099 0.0596083161663 0.764803727795
9.26666666667 1.00166 1.06639 -0.339489 0.033117472279 -0.639671256196 0.0598218038845 0.765601246607
9.3 0.987626 1.0646 -0.343188 0.0350113020187 -0.638727894629 0.0605441118037 0.766247542169
9.33333333333 0.973559 1.06209 -0.346151 0.0368797270363 -0.637925454097 0.0611321864686 0.766781492034
9.36666666667 0.960365 1.06125 -0.348533 0.0386721190416 -0.637019904281 0.0618403034238 0.767389005414
9.4 0.948415 1.06221 -0.352952 0.0398961559912 -0.635612180131 0.0622865219287 0.768456792794
9.43333333333 0.93607 1.06088 -0.355188 0.0400592205153 -0.634374626708 0.0619264311236 0.769499323566
9.46666666667 0.923397 1.05875 -0.360398 0.0408009376104 -0.632865150998 0.0621630696727 0.770683292223
9.5 0.911737 1.05767 -0.364333 0.0421625909367 -0.632166364703 0.0635189997581 0.771072849952
9.53333333333 0.901122 1.05766 -0.368124 0.0431431320025 -0.63234813744 0.0645864104258 0.77078083709
9.56666666667 0.891533 1.05805 -0.372035 0.0432844722701 -0.633114855894 0.0644022584002 0.770158673793
9.6 0.882576 1.05813 -0.375852 0.042928398636 -0.634253993862 0.0633120614668 0.769331272427
9.63333333333 0.873924 1.05826 -0.38215 0.042481593668 -0.635178630405 0.062189560926 0.76868451278
9.66666666667 0.865494 1.05782 -0.38785 0.0415328789561 -0.636293650029 0.0608872011675 0.767918068307
9.7 0.857805 1.05874 -0.394745 0.0407912961212 -0.636991328217 0.0600928154731 0.767441835884
9.73333333333 0.849656 1.05772 -0.400343 0.0402540341216 -0.638038432219 0.0600459053279 0.766603587913
9.76666666667 0.842536 1.05745 -0.407069 0.0401384001418 -0.638659757249 0.0605083562484 0.766055717379
9.8 0.836276 1.05819 -0.414204 0.0396461184756 -0.638652689589 0.0605899737073 0.766080793687
9.83333333333 0.830453 1.05819 -0.421076 0.0386641671507 -0.638053355089 0.0601865017221 0.766661974568
9.86666666667 0.824459 1.05799 -0.427472 0.0377927274414 -0.636895853435 0.059275287447 0.767738120668
9.9 0.81942 1.05845 -0.434928 0.0368751136625 -0.635472327351 0.0583098560155 0.769035179855
9.93333333333 0.814362 1.05909 -0.442813 0.0356591875852 -0.63364886997 0.057294300027 0.770671716823
9.96666666667 0.809141 1.05904 -0.450897 0.0347932969494 -0.63169439457 0.0567827738285 0.772351820709
10.0 0.803965 1.05819 -0.459103 0.0344072051169 -0.630128348277 0.0564193452231 0.773673876009
10.0333333333 0.79914 1.05789 -0.468197 0.034186464896 -0.628630782134 0.0560487812353 0.774927841475
10.0666666667 0.794971 1.05806 -0.478026 0.0335271270447 -0.627281700518 0.0554148175904 0.776094580537
10.1 0.790565 1.05772 -0.487881 0.0324190042849 -0.625877061093 0.0546974423236 0.777325608971
10.1333333333 0.78646 1.05748 -0.498043 0.0310193861532 -0.624526909158 0.0542362904992 0.77850007207
10.1666666667 0.782558 1.05754 -0.509349 0.0297170077166 -0.623267940052 0.0543787600564 0.779549180495
10.2 0.778717 1.05756 -0.520796 0.0286858431043 -0.622323063791 0.0549963537218 0.780298998946
10.2333333333 0.775217 1.05684 -0.532251 0.0271292566754 -0.621492080876 0.0545221301374 0.781049892239
10.2666666667 0.77235 1.0567 -0.543892 0.0254804470601 -0.620318250481 0.053807250213 0.782087459791
10.3 0.770205 1.05705 -0.554757 0.0234794353918 -0.618796584748 0.0528847808462 0.783417323508
10.3333333333 0.768302 1.05757 -0.566652 0.0212090694116 -0.616884298942 0.0522136251159 0.785033549885
10.3666666667 0.765872 1.05674 -0.577378 0.0191268463604 -0.615503261174 0.0518036549812 0.786197354716
10.4 0.763037 1.05697 -0.601271 0.0162880417044 -0.613603389281 0.0531496799626 0.787655185903
10.4333333333 0.762226 1.05716 -0.61198 0.0152414506267 -0.61380949146 0.0536554588514 0.787481236673
10.4666666667 0.761924 1.05828 -0.62457 0.014343068835 -0.614209442194 0.0536631412463 0.787185686333
10.5 0.761253 1.05803 -0.635911 0.0129249599974 -0.615448946354 0.0531232284854 0.786278234747
10.5333333333 0.760818 1.05773 -0.648142 0.0123116739001 -0.617169771937 0.0529370494122 0.784950676217
10.5666666667 0.760882 1.05836 -0.659684 0.0121630743463 -0.619635019548 0.0530709865416 0.782999343908
10.6 0.76129 1.05881 -0.671196 0.012187400233 -0.622551105845 0.0531438004426 0.780677477811
10.6333333333 0.761809 1.05861 -0.681273 0.0121987496347 -0.626060871032 0.0530117715518 0.777874493956
10.6666666667 0.762782 1.05839 -0.691602 0.0122226810171 -0.629739293859 0.0523488855665 0.774944270266
10.7 0.764695 1.05946 -0.702233 0.0128385183681 -0.63414950314 0.0521105518053 0.771345623248
10.7333333333 0.76612 1.05906 -0.711583 0.0134183552572 -0.639369174389 0.0519184390441 0.767027693288
10.7666666667 0.767891 1.06011 -0.720213 0.0141584466199 -0.645156608442 0.0519223586858 0.762152581601
10.8 0.769674 1.06067 -0.729356 0.0145515348426 -0.651436973774 0.0514632589405 0.756815469591
10.8333333333 0.770848 1.05973 -0.738355 0.0147018963199 -0.658138869439 0.0507670991709 0.751039136411
10.8666666667 0.772654 1.05999 -0.745543 0.0150205060689 -0.665294882955 0.0508016855618 0.744698792705
10.9 0.774428 1.0595 -0.755176 0.015485978085 -0.67287954237 0.0504179983918 0.737869454159
10.9333333333 0.774828 1.0567 -0.761456 0.0150922528786 -0.680586128225 0.0499512352086 0.730807512326
10.9666666667 0.776238 1.05579 -0.770438 0.0154002780392 -0.687737837479 0.0495582200477 0.724101844468
11.0 0.777952 1.05542 -0.778331 0.0158016927789 -0.694564867219 0.0495292885177 0.717549162992
11.0333333333 0.779467 1.05471 -0.788063 0.0159680575482 -0.701048301554 0.0492613214158 0.711231061076
11.0666666667 0.781126 1.05414 -0.796456 0.0154339186073 -0.707343896921 0.048405658263 0.705041344811
11.1 0.783013 1.05382 -0.80588 0.0150987617436 -0.713514836679 0.047860067911 0.698840481893
11.1333333333 0.78508 1.05387 -0.813876 0.0153824974788 -0.719781028268 0.0483341590433 0.692345621194
11.1666666667 0.786949 1.05285 -0.822634 0.0152778123814 -0.725530961 0.0488617399317 0.686282699367
11.2 0.788245 1.05091 -0.830508 0.0152678222896 -0.731747534166 0.0495028342262 0.679604229863
11.2333333333 0.789767 1.04848 -0.838025 0.0164672584107 -0.738484043085 0.0502651874953 0.672193096094
11.2666666667 0.791428 1.04684 -0.844301 0.0180427207612 -0.744875180471 0.051970239263 0.664931966427
11.3 0.793724 1.04684 -0.849864 0.0200037341799 -0.751011224158 0.0534989789753 0.657814450324
11.3333333333 0.795992 1.04645 -0.854926 0.0210424517162 -0.756689255477 0.0542806969278 0.651177542466
11.3666666667 0.798052 1.046 -0.859711 0.0218396919336 -0.762619432768 0.0546735538596 0.644162581287
11.4 0.800043 1.04564 -0.865408 0.0225108201719 -0.768153137771 0.0551930067369 0.637485491532
11.4333333333 0.801892 1.04537 -0.870226 0.0223385948037 -0.773328235106 0.0555503173986 0.631172393413
11.4666666667 0.802841 1.04371 -0.875723 0.0222920529038 -0.778787357216 0.055782428788 0.624405026611
11.5 0.804621 1.04384 -0.881223 0.0229601072246 -0.784235561241 0.0582022786171 0.617300504394
11.5333333333 0.80615 1.04395 -0.886279 0.0238378545172 -0.789645976326 0.0598143025856 0.610174760188
11.5666666667 0.80837 1.04531 -0.890838 0.024050435694 -0.794166862844 0.0604073843755 0.604211484843
11.6 0.808778 1.04307 -0.896607 0.0243345878507 -0.798102890475 0.0607033708937 0.598961355024
11.6333333333 0.810293 1.04338 -0.902405 0.025399085015 -0.801614545298 0.0623873357756 0.594034365658
11.6666666667 0.81209 1.0448 -0.911231 0.0247685544981 -0.807374062669 0.0628384617048 0.586161214487
11.7 0.812035 1.04411 -0.915449 0.0250503842327 -0.809865340367 0.0629424802281 0.582691044127
11.7333333333 0.812489 1.0445 -0.920115 0.0256439581405 -0.811366704396 0.0632651712364 0.580537661583
11.7666666667 0.812735 1.04545 -0.924406 0.0255932670733 -0.812513933654 0.0631675653077 0.578943823693
11.8 0.812307 1.04492 -0.929178 0.0255127467107 -0.814073442635 0.0624486969632 0.57683072907
11.8333333333 0.812729 1.04634 -0.933934 0.0252977818393 -0.815741171139 0.0623245689459 0.574492830284
11.8666666667 0.812316 1.04645 -0.938579 0.0247621046003 -0.817579520629 0.061418597239 0.571995036286
11.9 0.81183 1.04595 -0.944165 0.0249728984932 -0.819239504346 0.0605731543193 0.569696306671
11.9333333333 0.812021 1.04732 -0.949585 0.0253123829218 -0.820420565684 0.0606753980321 0.567968198711
11.9666666667 0.812529 1.0491 -0.955076 0.0248607098922 -0.821240469261 0.0603344070794 0.566838421488
12.0 0.812535 1.05036 -0.961212 0.024309865032 -0.821962630066 0.0594257954223 0.56591080576
12.0333333333 0.8125 1.05049 -0.967663 0.0233610352493 -0.822526999742 0.0585261090426 0.565224107135
12.0666666667 0.81237 1.05027 -0.974211 0.022593427345 -0.823180661773 0.0580409986737 0.564353061121
12.1 0.812069 1.04937 -0.981385 0.0228187533711 -0.823641587925 0.0579951240793 0.563675797527
12.1333333333 0.812268 1.05004 -0.988616 0.0231609203156 -0.823700000191 0.0586707897027 0.563506539351
12.1666666667 0.812706 1.05092 -0.995688 0.0229789248781 -0.823999651291 0.0585751692447 0.563085689066
12.2 0.812636 1.05005 -1.00354 0.0229108621432 -0.824185363681 0.057789775447 0.562897788718
12.2333333333 0.812477 1.04912 -1.01083 0.0227803680374 -0.823857692714 0.0580177429288 0.563359120361
12.2666666667 0.812509 1.04862 -1.01849 0.0222149144068 -0.82294894414 0.0584727177402 0.564661380118
12.3 0.813126 1.04889 -1.02593 0.0210804228135 -0.821854135658 0.0586022420178 0.566283650397
12.3333333333 0.813159 1.0485 -1.03383 0.0200549545079 -0.820622794365 0.0583334123185 0.568131359085
12.3666666667 0.813069 1.04878 -1.04108 0.0193354064529 -0.819169135965 0.0578012826832 0.570304375276
12.4 0.813132 1.04928 -1.04812 0.0184354023448 -0.817173821527 0.0564452169355 0.573324531863
12.4333333333 0.813107 1.04948 -1.05545 0.0172898519621 -0.814510333199 0.0548621203108 0.577290330671
12.4666666667 0.813134 1.05018 -1.06279 0.0163992821426 -0.811355730829 0.0531576171646 0.581899655726
12.5 0.812737 1.05061 -1.06976 0.0151085969045 -0.807630345588 0.0509525142618 0.587289363496
12.5333333333 0.811581 1.04931 -1.07714 0.0140050585994 -0.803573762027 0.0481373908753 0.593090093422
12.5666666667 0.809005 1.04825 -1.09024 0.0134545766574 -0.794802181377 0.0436978527651 0.605143755242
12.6 0.806958 1.0471 -1.09672 0.0135545373683 -0.789852993869 0.0413973898766 0.611747316058
12.6333333333 0.804973 1.04666 -1.10237 0.0134947605551 -0.78526075338 0.0398251186274 0.61773570446
12.6666666667 0.802107 1.04559 -1.10768 0.0131417340871 -0.780564736591 0.0386476907246 0.623740605394
12.7 0.799638 1.04461 -1.11271 0.013008454697 -0.775749236877 0.0378032975006 0.629773619873
12.7333333333 0.797316 1.04421 -1.11746 0.0126090750122 -0.770623490331 0.0372479899407 0.636076280506
12.7666666667 0.794563 1.04324 -1.12194 0.0123473982306 -0.765257832312 0.0368026903602 0.642552374382
12.8 0.791673 1.0426 -1.12571 0.0124407841797 -0.759634633284 0.0370696894902 0.649173542996
12.8333333333 0.789129 1.04305 -1.12824 0.0127929528925 -0.753812281615 0.0379931124143 0.65586576969
12.8666666667 0.78605 1.04243 -1.13034 0.0137431773554 -0.747678784866 0.0389422291708 0.662775273018
12.9 0.782318 1.04034 -1.13243 0.0149239844233 -0.740281380377 0.0400982368976 0.670934336544
12.9333333333 0.779272 1.0391 -1.13332 0.0151876377863 -0.732053527829 0.040759683341 0.679857055759
12.9666666667 0.776637 1.03899 -1.13428 0.0154800205783 -0.723822752031 0.0399073715696 0.688656949649
13.0 0.77273 1.03592 -1.13544 0.0155255093234 -0.715811571857 0.0387280003443 0.697045833605
13.0333333333 0.769523 1.03559 -1.13674 0.0169642661644 -0.708228142987 0.0388290765284 0.704710872607
13.0666666667 0.766691 1.03582 -1.13716 0.0172918699247 -0.700502101028 0.0381347607769 0.712420899266
13.1 0.764558 1.03735 -1.13782 0.0171347619758 -0.691710484671 0.0374882582703 0.720997667
13.1333333333 0.762517 1.03922 -1.13876 0.0167356486867 -0.682157626098 0.0369702355607 0.730078141641
13.1666666667 0.759198 1.03882 -1.13925 0.0155114517606 -0.673139588488 0.0364431079924 0.738454053516
13.2 0.75543 1.0386 -1.13935 0.0147909500639 -0.664362979306 0.0365358447827 0.746370009827
13.2333333333 0.752549 1.03944 -1.13939 0.0135633149639 -0.655128196993 0.0371561186052 0.754481613323
13.2666666667 0.749633 1.04134 -1.1388 0.0128383595778 -0.646087885603 0.0369057440162 0.762262150877
13.3 0.745109 1.03972 -1.13726 0.0123930127748 -0.637244089951 0.0357962796572 0.769730478427
13.3333333333 0.740771 1.03875 -1.13768 0.0129312080239 -0.627946380341 0.0348701783451 0.777367479342
13.3666666667 0.736391 1.03839 -1.13824 0.013630226408 -0.618060014715 0.0347256319192 0.785245290102
13.4 0.730843 1.03787 -1.13841 0.0139500753736 -0.607864560644 0.0348313489518 0.793153735691
13.4333333333 0.726186 1.0384 -1.13995 0.0146409615433 -0.59871237848 0.0344475571513 0.800089054985
13.4666666667 0.721263 1.03798 -1.13898 0.0149161698974 -0.590214675342 0.0331097896613 0.8064290959
13.5 0.715828 1.03752 -1.14042 0.0151333528786 -0.58073263345 0.0307276028268 0.813373471722
13.5333333333 0.709901 1.03585 -1.14293 0.0149484779536 -0.570050813449 0.0283924904543 0.820982630498
13.5666666667 0.704685 1.03498 -1.14483 0.014541293277 -0.558824723303 0.0263419042419 0.828739756194
13.6 0.699327 1.03441 -1.14759 0.0132976320191 -0.546897846431 0.0248541701472 0.836724679197
13.6333333333 0.692623 1.03089 -1.15007 0.0120033273849 -0.535126934803 0.0235631221862 0.844357662991
13.6666666667 0.686364 1.02781 -1.15434 0.0118390246791 -0.52305864485 0.0230038885379 0.851903933935
13.7 0.682846 1.02909 -1.15594 0.0111785849375 -0.510086900038 0.0229086003892 0.859745072493
13.7333333333 0.677526 1.02925 -1.16208 0.00931911276524 -0.496026734554 0.0220267872838 0.867977795446
13.7666666667 0.671152 1.02788 -1.16873 0.00750756423172 -0.482316732279 0.0212280055172 0.875707472861
13.8 0.666266 1.02999 -1.17218 0.00664365832544 -0.469140373844 0.0209716399635 0.882849569151
13.8333333333 0.663006 1.03582 -1.17769 0.00483561382203 -0.456209039163 0.0207289607029 0.889618030175
13.8666666667 0.656597 1.03585 -1.18324 0.00130526364092 -0.444587812207 0.0184017455958 0.89554528042
13.9 0.650269 1.0343 -1.18471 -0.00111188957221 -0.434173054422 0.0155695393066 0.900694238885
13.9333333333 0.648064 1.0376 -1.18408 -0.00249578037665 -0.424068095642 0.0134619745751 0.905526806107
13.9666666667 0.640209 1.03461 -1.18957 -0.00489163101339 -0.412501564723 0.0100747860309 0.910888044566
14.0 0.632807 1.03202 -1.18939 -0.00514218011689 -0.40209439835 0.00738123018192 0.91555402366
14.0333333333 0.628894 1.03657 -1.19027 -0.00349380546174 -0.392572452305 0.00611441684409 0.919694121391
14.0666666667 0.620022 1.04331 -1.19209 -0.00447630875892 -0.374931479427 0.00274831634773 0.927037644949
14.1 0.612924 1.04443 -1.1919 -0.00535016503226 -0.366190399613 0.00110825649672 0.930523905514
14.1333333333 0.607277 1.04761 -1.1901 -0.00560333639562 -0.358469684507 -0.000349785639608 0.933524485785
14.1666666667 0.599453 1.04701 -1.18747 -0.00669417101846 -0.350322660011 -0.0024271375494 0.93660201311
14.2 0.590582 1.04704 -1.18652 -0.00631972889923 -0.342225926761 -0.00394420110248 0.93958816476
14.2333333333 0.584831 1.05077 -1.18189 -0.00534680467678 -0.334873236911 -0.00457453769609 0.942236913141
14.2666666667 0.57515 1.05258 -1.17838 -0.00507055760293 -0.327031562053 -0.00598707927002 0.944980847292
14.3 0.564616 1.05375 -1.1766 -0.00456017608248 -0.319625777502 -0.0067322308426 0.947508967883
14.3333333333 0.55655 1.05759 -1.16975 -0.00360731912438 -0.313254394183 -0.00668975536187 0.949638836057
14.3666666667 0.547194 1.06196 -1.16616 -0.00349461035604 -0.306214298658 -0.00678714398229 0.951931996349
14.4 0.535286 1.0634 -1.16121 -0.0045562425006 -0.299342023908 -0.0069874851318 0.954109411141
14.4333333333 0.523996 1.06482 -1.15533 -0.00503194723207 -0.293474095368 -0.00691923857971 0.955928741587
14.4666666667 0.51428 1.06953 -1.14667 -0.00515573890126 -0.287399782871 -0.00561578910942 0.957780374655
14.5 0.501297 1.07051 -1.14115 -0.0069015104833 -0.28071626369 -0.00419598841102 0.95975681406
14.5333333333 0.485614 1.06662 -1.13373 -0.00836222803428 -0.274832655876 -0.00282488370917 0.96145156115
14.5666666667 0.468531 1.06107 -1.12472 -0.00739393656066 -0.269934273979 -0.00105282673225 0.962849785267
14.6 0.455221 1.0599 -1.11651 -0.00315164955583 -0.266454866774 0.00135251442161 0.963841294914
14.6333333333 0.447865 1.06535 -1.10546 0.00180447285304 -0.263348379342 0.00462927686397 0.96468800385
14.6666666667 0.441979 1.07398 -1.09695 0.00433282148173 -0.259345386077 0.0074416024786 0.965746250281
14.7 0.434305 1.0809 -1.08921 0.00337562473918 -0.254802408537 0.0082659451895 0.966951918097
14.7333333333 0.42089 1.07999 -1.07991 -4.88496152399e-05 -0.249377158898 0.00692890608419 0.968381650226
14.7666666667 0.395585 1.07588 -1.06201 -0.00240976339634 -0.238787729692 0.0062391544414 0.9710487558
14.8 0.385609 1.07667 -1.05102 -0.00151836587319 -0.233496388653 0.00674699479063 0.972333075192
14.8333333333 0.375852 1.07932 -1.04256 -0.000577650452483 -0.227908291336 0.00720264590778 0.973655790797
14.8666666667 0.365871 1.07921 -1.03337 -0.000526246704564 -0.222920498983 0.00664824241484 0.974813815593
14.9 0.35808 1.08221 -1.02549 0.000367975771453 -0.217974042225 0.00630508792741 0.975934130654
14.9333333333 0.350564 1.08414 -1.01798 0.000260441827755 -0.212654736072 0.00592561325809 0.977109401502
14.9666666667 0.342787 1.08605 -1.00967 3.26977088625e-05 -0.206197090107 0.0056583867825 0.978494119359
15.0 0.335979 1.09039 -1.00391 -0.000455412254673 -0.199511172411 0.00616669536278 0.979876041421
15.0333333333 0.326392 1.09076 -0.997993 -0.00196804835483 -0.193191214985 0.00539674695483 0.981144309651
15.0666666667 0.316661 1.09064 -0.991247 -0.00267695450408 -0.187246766941 0.00425220598132 0.982300056464
15.1 0.308817 1.0941 -0.984754 -0.00265289000647 -0.18179449241 0.00364358842689 0.983326216963
15.1333333333 0.299123 1.0947 -0.978844 -0.00390300931063 -0.176585578057 0.00293532396224 0.984273175503
15.1666666667 0.288754 1.09576 -0.973441 -0.0044033151395 -0.171997634081 0.00245758525654 0.98508445575
15.2 0.280354 1.09891 -0.966712 -0.00497313916156 -0.168303095499 0.0023753252025 0.985719886054
15.2333333333 0.27109 1.10171 -0.961684 -0.00635793971576 -0.16426975893 0.00213904738584 0.986392643616
15.2666666667 0.259243 1.10043 -0.958594 -0.00851365870581 -0.159509960673 0.00193139549306 0.98715771778
15.3 0.246572 1.09798 -0.951938 -0.00915523324599 -0.154618633169 0.0023149230116 0.987929097209
15.3333333333 0.238182 1.10198 -0.94796 -0.00785497529016 -0.150366131362 0.00495868194444 0.988586737406
15.3666666667 0.22704 1.10384 -0.944731 -0.00831900164825 -0.145044607403 0.00758077485817 0.989361100876
15.4 0.215863 1.10291 -0.938845 -0.00878558976432 -0.140200061644 0.00951043753808 0.990038538495
15.4333333333 0.206847 1.10493 -0.932401 -0.00803812938593 -0.135372905292 0.0110600037237 0.990700379179
15.4666666667 0.199005 1.10849 -0.929324 -0.00736851103246 -0.129869135314 0.0113523907419 0.991438770657
15.5 0.191268 1.1124 -0.926092 -0.0083123670658 -0.12327112666 0.0107061691697 0.992280460267
15.5333333333 0.178617 1.11147 -0.923078 -0.0106022993247 -0.115030954989 0.00915250836904 0.993263158601
15.5666666667 0.167517 1.11308 -0.920109 -0.0114856303227 -0.107468267723 0.00832535216178 0.994107308212
15.6 0.157237 1.11658 -0.919301 -0.0129320829683 -0.0994383982597 0.00834027962146 0.994924723744
15.6333333333 0.147865 1.11812 -0.917786 -0.0154986483891 -0.0916686206627 0.00816855226485 0.99563544063
15.6666666667 0.138273 1.12151 -0.91746 -0.0179041098879 -0.0824052297704 0.00774336607066 0.996407979312
15.7 0.127605 1.12309 -0.915071 -0.0215148302806 -0.0732478639347 0.00660308996392 0.997059808492
15.7333333333 0.117168 1.12281 -0.911751 -0.0249084267347 -0.0649983245275 0.00536910527681 0.997560003606
15.7666666667 0.107267 1.12289 -0.907563 -0.02686189451 -0.0573281652475 0.00476988412604 0.997982549095
15.8 0.101824 1.12428 -0.899924 -0.0280173178807 -0.0511250408241 0.00480408119028 0.998287624337
15.8333333333 0.0932861 1.12626 -0.897565 -0.0292641270875 -0.0430253716703 0.00496518802144 0.998632953175
15.8666666667 0.0834369 1.12651 -0.894714 -0.0310496132013 -0.0347312767337 0.0050359965546 0.998901546037
15.9 0.0754565 1.1265 -0.886525 -0.0322596431738 -0.0284057363901 0.00448873407508 0.99906570396
15.9333333333 0.0626898 1.12717 -0.889401 -0.032916255037 -0.0195337010442 0.00402598532163 0.999259098593
15.9666666667 0.0554595 1.12987 -0.888051 -0.0333953379348 -0.0132744162275 0.00310038802278 0.9993492527
16.0 0.0451594 1.13191 -0.889732 -0.0351285542229 -0.00523978725601 0.00165170374776 0.99936770069
16.0333333333 0.0376118 1.13017 -0.883758 -0.037458261723 0.000715419637642 0.000307985177428 0.999297889495
16.0666666667 0.0277819 1.13049 -0.88475 -0.0377501834528 0.00763824393323 -0.000306841595503 0.999257968058
16.1 0.0190922 1.13269 -0.883309 -0.0378804145194 0.0143889672737 -0.000282280918128 0.99917863875
16.1333333333 0.0141122 1.13317 -0.878668 -0.0389384743208 0.0186951436997 -0.000128659564631 0.999066699608
16.1666666667 0.00495006 1.13012 -0.874126 -0.0400173814936 0.0238037643038 6.23126425215e-05 0.998915404877
16.2 -0.0040662 1.12708 -0.871424 -0.0384319890495 0.028310775982 0.000814738262304 0.998859759117
16.2333333333 -0.0099576 1.13038 -0.868443 -0.0349752770816 0.0327287301226 0.00200733556104 0.998850104281
16.2666666667 -0.00944259 1.13294 -0.860833 -0.0336480846672 0.03533941835 0.00307840514735 0.998804012472
16.3 -0.0143586 1.13349 -0.856425 -0.0335796145339 0.0418430260215 0.00346161980518 0.998553748102
16.3333333333 -0.0184511 1.13432 -0.848006 -0.0333748081212 0.0486621821809 0.00350448930012 0.998251387559
16.3666666667 -0.0240137 1.13524 -0.843386 -0.0333092869832 0.0559515276038 0.00326047225673 0.997872380257
16.4 -0.0243382 1.13476 -0.831937 -0.0332128218104 0.0599773205313 0.00248055151489 0.997643962721
16.4333333333 -0.0261906 1.13564 -0.820788 -0.0320989559195 0.065003574191 0.000813367157 0.997368302487
16.4666666667 -0.0274458 1.14043 -0.813537 -0.0305760929062 0.0705418724149 -0.00156848625917 0.997038859137
16.5 -0.0272643 1.14344 -0.802963 -0.031149362278 0.0756560109846 -0.00400246599457 0.996639285548
16.5333333333 -0.0260714 1.14328 -0.795824 -0.0321554719901 0.0785686956467 -0.0062690471809 0.996370254841
16.5666666667 -0.0291189 1.14637 -0.789394 -0.0318808989507 0.0830309988605 -0.0076263014061 0.996007681214
16.6 -0.027324 1.14758 -0.778452 -0.0324460379061 0.0861340205842 -0.00815092179078 0.995721721967
16.6333333333 -0.0284447 1.14876 -0.772004 -0.0323636453234 0.0911118756242 -0.00803312426828 0.995282216005
16.6666666667 -0.0281812 1.15021 -0.761663 -0.0321455044946 0.0962272685956 -0.00752719105567 0.994811701135
16.7 -0.0289922 1.15195 -0.751056 -0.0317197248708 0.100908362527 -0.0070874489658 0.994364686367
16.7333333333 -0.0323097 1.15427 -0.744944 -0.0316333400815 0.106167039326 -0.00696889954673 0.993820570322
16.7666666667 -0.0339778 1.15422 -0.731993 -0.0321816949458 0.110671054664 -0.00702701540943 0.993311067705
16.8 -0.0327276 1.15745 -0.721538 -0.0316750313226 0.113911306959 -0.00701013943901 0.99296110925
16.8333333333 -0.0286983 1.15919 -0.708724 -0.032626630507 0.116963530481 -0.00686900786819 0.992576370991
16.8666666667 -0.0284751 1.15648 -0.699862 -0.033691793303 0.121469246477 -0.00646060785185 0.992002190406
16.9 -0.0283169 1.15561 -0.688478 -0.0323963781344 0.125706071841 -0.00582637889361 0.99152131167
16.9333333333 -0.0208109 1.15802 -0.679065 -0.0305028309452 0.128360601323 -0.00478825249326 0.991246793675
16.9666666667 -0.0241498 1.15933 -0.669346 -0.0298478572543 0.131954119577 -0.00373673112834 0.990799299851
17.0 -0.028381 1.15819 -0.6544 -0.0301149677131 0.136600121868 -0.00231358984524 0.990165714781
17.0333333333 -0.0308826 1.1544 -0.641965 -0.0295710654685 0.140867168276 -0.000587897026502 0.989586604278
17.0666666667 -0.0273877 1.1538 -0.62912 -0.0272277229022 0.144677131323 0.000489016411317 0.989104109607
17.1 -0.0322319 1.15529 -0.617838 -0.0251705434926 0.150934901503 0.000964601079733 0.98822273238
17.1333333333 -0.0333638 1.15392 -0.606169 -0.0244794675835 0.156024696474 0.00101772542369 0.987449246287
17.1666666667 -0.0384293 1.1518 -0.59366 -0.0230018202904 0.161711325963 0.00104158448618 0.986569449365
17.2 -0.0412326 1.15257 -0.580061 -0.0206975257769 0.167197168867 0.000476506918263 0.985706088086
17.2333333333 -0.0369921 1.155 -0.581281 -0.0188888609765 0.170871097039 -4.65350787012e-05 0.985112316927
17.2666666667 -0.0508614 1.15468 -0.560133 -0.018633852657 0.177863125116 -0.000549925949608 0.983878643858
17.3 -0.0419512 1.15203 -0.564441 -0.0180228554782 0.181116895465 -0.00100342494957 0.98329590663
17.3333333333 -0.0348343 1.15035 -0.564752 -0.016114353152 0.184205552296 -0.00226329393661 0.982753030841
17.3666666667 -0.0322265 1.15249 -0.557178 -0.0135412724979 0.188128541897 -0.00373450645844 0.982043959874
17.4 -0.0340945 1.15607 -0.550595 -0.0123392646361 0.192321247251 -0.00545371567732 0.981239286509
17.4333333333 -0.0237846 1.15726 -0.556536 -0.0127865278711 0.194302677652 -0.007035699629 0.980833050571
17.4666666667 -0.0401697 1.15699 -0.53462 -0.0138197608809 0.201470227923 -0.00850752015428 0.979360190926
17.5 -0.0396992 1.15771 -0.529601 -0.0138398013422 0.20573561408 -0.0096493779563 0.978462164063
17.5333333333 -0.0472334 1.16124 -0.516411 -0.0142083553275 0.211208246755 -0.0105360461047 0.977281019397
17.5666666667 -0.0481699 1.16072 -0.507292 -0.0157940950737 0.216072878488 -0.0108334310611 0.976189374309
17.6 -0.0508184 1.16134 -0.502423 -0.0160445860943 0.220857014748 -0.0111635554848 0.975110314438
17.6333333333 -0.0635258 1.16332 -0.481569 -0.0165834515326 0.228368140953 -0.0119330688307 0.973360459029
17.6666666667 -0.0600737 1.16304 -0.479903 -0.0175171560008 0.232214795435 -0.0125951569176 0.972425215659
17.7 -0.0678874 1.16429 -0.464532 -0.0179897141667 0.238488131795 -0.0133023345443 0.970887650077
17.7333333333 -0.0681664 1.16564 -0.456455 -0.0186345148871 0.243141511027 -0.0137760996818 0.969713967904
17.7666666667 -0.0665427 1.16672 -0.451348 -0.0192945025878 0.246153561557 -0.0140556643889 0.968936832101
17.8 -0.0736912 1.16828 -0.435927 -0.020182703291 0.252005634411 -0.0139519225309 0.967414679737
17.8333333333 -0.078783 1.16622 -0.420907 -0.0212194507605 0.257011068137 -0.0137273831052 0.966077949607
17.8666666667 -0.07621 1.16711 -0.417036 -0.0206817213361 0.260696308883 -0.0137625971975 0.965101182185
17.9 -0.0837864 1.16862 -0.399861 -0.0207815021144 0.266665774463 -0.0138053651547 0.963466089592
17.9333333333 -0.0836589 1.16881 -0.391537 -0.0210606938324 0.270753686315 -0.0136205454521 0.962321863653
17.9666666667 -0.0816357 1.16926 -0.38375 -0.0212247740017 0.274545764247 -0.0136800805724 0.961242418799
18.0 -0.084251 1.16812 -0.369285 -0.0217830797542 0.279152571845 -0.0141776400564 0.959894959665
18.0333333333 -0.0849388 1.16623 -0.359867 -0.0214235440397 0.283107934714 -0.0145390327159 0.95873851784
18.0666666667 -0.0870807 1.16835 -0.346715 -0.0201699280941 0.286846219172 -0.0151394062548 0.957644620371
18.1 -0.0879648 1.17096 -0.341388 -0.020355074796 0.290631504423 -0.015916926378 0.956486095571
18.1333333333 -0.0882974 1.17014 -0.331276 -0.0218913499428 0.293615676853 -0.0174064287939 0.955514321892
18.1666666667 -0.0906666 1.17153 -0.319376 -0.0229860158004 0.296665049066 -0.0191288117169 0.954513268793
18.2 -0.0918465 1.17078 -0.312844 -0.0249917196074 0.299194455454 -0.020526291001 0.9536439394
18.2333333333 -0.0936738 1.1692 -0.300914 -0.0263523572487 0.301996603831 -0.0216100937844 0.952699642274
18.2666666667 -0.0904748 1.16908 -0.297463 -0.026610692403 0.304188714844 -0.0225290156559 0.95197349767
18.3 -0.0914312 1.16973 -0.290908 -0.0270590474915 0.307399493706 -0.0231198970487 0.950914733075
18.3333333333 -0.0907551 1.1674 -0.284259 -0.0275089514593 0.310405059093 -0.0229955019543 0.949927978201
18.3666666667 -0.0909814 1.16741 -0.276337 -0.0268110643022 0.313762113117 -0.0228880392184 0.948847006036
18.4 -0.0938889 1.16605 -0.268208 -0.0265569936782 0.317922460939 -0.0229385048078 0.9474670759
18.4333333333 -0.092448 1.16625 -0.265703 -0.0254505258883 0.321458023523 -0.0227278228339 0.946308858626
18.4666666667 -0.0929058 1.16789 -0.258629 -0.0248804433846 0.325761594489 -0.0224297181057 0.944858325274
18.5 -0.0931793 1.16508 -0.250755 -0.0253033957675 0.329763642516 -0.0213533559644 0.943482756825
18.5333333333 -0.0928836 1.1626 -0.242151 -0.0241644052922 0.333250095107 -0.0205040128697 0.942305704686
18.5666666667 -0.0920765 1.16531 -0.238116 -0.021814273022 0.336140230605 -0.0202140151951 0.941342273804
18.6 -0.0900603 1.16792 -0.232123 -0.0215759856165 0.339316780081 -0.0194964485161 0.9402225737
18.6333333333 -0.0893093 1.16538 -0.2269 -0.0224952645193 0.343264576623 -0.018473591883 0.938787579761
18.6666666667 -0.0879682 1.16538 -0.2237 -0.0217910105219 0.347174089326 -0.0175114146398 0.937383941573
18.7 -0.0908967 1.16627 -0.215476 -0.0211858120945 0.35227842487 -0.0166604811475 0.935507082338
18.7333333333 -0.0893859 1.16506 -0.21243 -0.0208937520638 0.356219446162 -0.0162176652065 0.93402791427
18.7666666667 -0.0910389 1.16503 -0.203192 -0.0199443261159 0.361071601236 -0.0163006471897 0.932182284501
18.8 -0.091263 1.16709 -0.197367 -0.0188093801882 0.365558520827 -0.0164279905091 0.93045327459
18.8333333333 -0.0943135 1.16963 -0.185844 -0.018694067736 0.37158362999 -0.0163614750976 0.928067044931
18.8666666667 -0.0948858 1.17049 -0.179197 -0.0194317452482 0.377234965489 -0.0161692805825 0.925772511179
18.9 -0.0961387 1.17097 -0.172805 -0.0199835490577 0.382662681904 -0.0162209761769 0.923529539093
18.9333333333 -0.0982461 1.17313 -0.163946 -0.020259260502 0.388055620576 -0.0164452680993 0.921266492857
18.9666666667 -0.100013 1.17477 -0.153457 -0.0211626376364 0.393103284514 -0.0161497681189 0.919108881179
19.0 -0.0986483 1.17225 -0.143675 -0.0222195626116 0.397505312114 -0.0156389962101 0.917197492188
19.0333333333 -0.0972036 1.17099 -0.135217 -0.0214742631489 0.401435408355 -0.016452784467 0.915487725109
19.0666666667 -0.0969734 1.1752 -0.126631 -0.0201155155576 0.405629784396 -0.0181786435931 0.913635255976
19.1 -0.0961877 1.17589 -0.11725 -0.021150661595 0.40982455144 -0.0193972555041 0.911712801835
19.1333333333 -0.0933399 1.17455 -0.110408 -0.0214201906951 0.412888338479 -0.0205103041168 0.91029869977
19.1666666667 -0.0918985 1.17767 -0.10082 -0.0206705946528 0.415830575648 -0.0216926016282 0.908948342816
19.2 -0.0909246 1.18116 -0.0935891 -0.0215024150117 0.41873829657 -0.0225750265135 0.907571624343
19.2333333333 -0.0892095 1.17953 -0.0841533 -0.0232429178383 0.422058440292 -0.0227619962141 0.905984730157
19.2666666667 -0.088115 1.18021 -0.0746443 -0.0232565147002 0.425472069485 -0.0232497405505 0.904373873006
19.3 -0.0873654 1.18297 -0.065498 -0.0234429294785 0.428901427056 -0.0238340246817 0.902732482076
19.3333333333 -0.0865928 1.18405 -0.0551997 -0.0242207926665 0.431713902463 -0.0237273101314 0.901373104977
19.3666666667 -0.0848799 1.18386 -0.0458641 -0.0245927647144 0.433759554913 -0.0233696639969 0.900389750747
19.4 -0.0832685 1.18603 -0.0348085 -0.0241769358379 0.435880519342 -0.0229746613938 0.899386353891
19.4333333333 -0.0828556 1.18929 -0.0254631 -0.0245656806367 0.438537519038 -0.0224125177972 0.898097461736
19.4666666667 -0.0806441 1.18892 -0.0141766 -0.0261821531651 0.441803150204 -0.0214917489241 0.896472295196
19.5 -0.079079 1.18968 -0.00285752 -0.0269036530681 0.445264677091 -0.0208739541505 0.894751272044
19.5333333333 -0.0784408 1.19294 0.00819577 -0.0278179610968 0.448964151603 -0.0200932488703 0.892890594062
19.5666666667 -0.0768627 1.1936 0.0178203 -0.029862347499 0.453023120575 -0.0184285767936 0.890807880513
19.6 -0.0735634 1.19144 0.0451381 -0.0321600136131 0.462065617226 -0.014066909123 0.88615078907
19.6333333333 -0.0714558 1.19001 0.0549604 -0.0316842879078 0.465774862819 -0.0118395017838 0.884256585649
19.6666666667 -0.0688749 1.18835 0.0664417 -0.0304305024433 0.468588424597 -0.00989444584327 0.882836889123
19.7 -0.0674349 1.19074 0.0777555 -0.028405505049 0.471671278217 -0.0088986380765 0.881271891546
19.7333333333 -0.0659729 1.19315 0.091591 -0.0280919693617 0.475331847248 -0.00819588741453 0.879319796024
19.7666666667 -0.0638835 1.1932 0.104018 -0.028962713254 0.479518119625 -0.00764024722329 0.877020615958
19.8 -0.0621207 1.19336 0.115871 -0.0298519799729 0.483630581548 -0.00754211803019 0.874730493546
19.8333333333 -0.0593262 1.19436 0.124951 -0.0310045082737 0.486951956598 -0.00792211779014 0.872842341137
19.8666666667 -0.0572434 1.19299 0.137852 -0.032483771717 0.490822272427 -0.00786930919422 0.870618386802
19.9 -0.0542462 1.19126 0.148288 -0.0327660224916 0.494310923371 -0.00779851197055 0.868632420542
19.9333333333 -0.0522575 1.19141 0.16188 -0.032183051967 0.4982543439 -0.00758807350972 0.866400185302
19.9666666667 -0.0489695 1.18933 0.17198 -0.031811809224 0.501414611046 -0.00715675532671 0.864592492147
20.0 -0.0466507 1.18926 0.18323 -0.0306427624366 0.504475396159 -0.00775997699778 0.862847250988
20.0333333333 -0.0434183 1.18913 0.193487 -0.0301396042612 0.507133595099 -0.00902881310207 0.861292982388
20.0666666667 -0.0411354 1.18915 0.206031 -0.0299605367168 0.51001147367 -0.0106017749278 0.859580284402
20.1 -0.0375097 1.18882 0.21492 -0.0300870927003 0.512544915243 -0.0119652465654 0.858049712771
20.1333333333 -0.0340151 1.18819 0.223074 -0.0301101681988 0.514886127665 -0.0132182524224 0.856627650214
20.1666666667 -0.03096 1.18913 0.231716 -0.0297715256137 0.517628943499 -0.0142393670357 0.854968521959
20.2 -0.0283402 1.19164 0.239342 -0.0295078489075 0.520084036905 -0.0147984412101 0.853476940255
20.2333333333 -0.0258856 1.19225 0.252049 -0.0299222727543 0.522847594851 -0.0143327686511 0.851780266204
20.2666666667 -0.0226076 1.19073 0.260684 -0.0302888237894 0.524954009317 -0.0140638955009 0.850475209573
20.3 -0.020767 1.19353 0.269727 -0.0294448890256 0.52736848356 -0.014812146876 0.848997103271
20.3333333333 -0.0185541 1.19747 0.27791 -0.0297003478214 0.530389355821 -0.0151723509509 0.847097881202
20.3666666667 -0.0168696 1.19828 0.291491 -0.0310306608877 0.533962007708 -0.0142553755726 0.844818593946
20.4 -0.0137438 1.19782 0.300576 -0.0316953362636 0.536981150132 -0.0128789242388 0.842900221481
20.4333333333 -0.0114319 1.19987 0.307977 -0.031182397079 0.539370972212 -0.0115984754957 0.841410772342
20.4666666667 -0.00928246 1.20217 0.320958 -0.0310177959433 0.541965327087 -0.00972279887155 0.839771961757
20.5 -0.0077276 1.20356 0.32933 -0.031394261317 0.544409106951 -0.00799232078509 0.83819403925
20.5333333333 -0.00599566 1.20636 0.340317 -0.0319456393974 0.547252084254 -0.00691284113726 0.83632938788
20.5666666667 -0.00382986 1.20791 0.351111 -0.0333048392686 0.550669054838 -0.00579380341396 0.834038854951
20.6 -0.00242064 1.20978 0.363951 -0.034798422605 0.554607585612 -0.0046688168865 0.831370974905
20.6333333333 -0.000914007 1.21058 0.379192 -0.0364831186706 0.55912693949 -0.00342168889136 0.82827189958
20.6666666667 0.00218218 1.20974 0.388068 -0.0375324760235 0.563687155213 -0.00196425867336 0.825132865652
20.7 0.00410124 1.21031 0.39837 -0.0376299364921 0.567809761372 -0.000750767005686 0.822298911053
20.7333333333 0.00627898 1.21226 0.409115 -0.0378671318904 0.571598169526 0.000324004909455 0.819659385317
20.7666666667 0.00883474 1.2117 0.419766 -0.0388556739343 0.575883010572 0.00134686740153 0.816607115256
20.8 0.0120547 1.21088 0.430827 -0.0392386875286 0.579992515995 0.00159283124398 0.813674670664
20.8333333333 0.0150664 1.21254 0.440693 -0.03927038113 0.584070566111 0.00119553057729 0.810751491936
20.8666666667 0.0172191 1.21467 0.450058 -0.0397575858125 0.588354409092 0.0010225913814 0.807624527847
20.9 0.0202629 1.21486 0.460108 -0.0406923774221 0.593601429751 0.00196288211282 0.803727329454
20.9333333333 0.0242766 1.21307 0.46968 -0.0409127796954 0.598880256668 0.00354350598543 0.799784987479
20.9666666667 0.0270245 1.21383 0.475931 -0.0399903720703 0.603743582854 0.00437735347103 0.796162857135
21.0 0.031131 1.21399 0.485363 -0.0395555345258 0.609184200565 0.00548811476941 0.792022632294
21.0333333333 0.0353137 1.21299 0.493788 -0.0387352966682 0.614723636092 0.00680967909567 0.787761420922
21.0666666667 0.039205 1.21414 0.499495 -0.037437437163 0.619517834084 0.00776064698326 0.784050931961
21.1 0.0434703 1.21318 0.509922 -0.0367912009841 0.624947423165 0.00904408641059 0.779746965567
21.1333333333 0.0488463 1.21164 0.517659 -0.0357201146484 0.629539949747 0.00976958833524 0.776085098572
21.1666666667 0.0530165 1.21174 0.52308 -0.0340158995555 0.63354360235 0.00968769471808 0.772898163454
21.2 0.0566647 1.21336 0.532135 -0.0326024996697 0.638372319151 0.00928345655773 0.768980933829
21.2333333333 0.0613094 1.21302 0.539092 -0.0321527672856 0.642888493996 0.00910666661464 0.765230457096
21.2666666667 0.0648224 1.21467 0.546943 -0.0314612345621 0.647447755244 0.00784132865802 0.761419797821
21.3 0.0700889 1.21674 0.552549 -0.0315781249627 0.65174787405 0.00694623763361 0.757746184733
21.3333333333 0.0743521 1.21798 0.558337 -0.0320485559546 0.655521459964 0.00637225824764 0.754469283611
21.3666666667 0.0795555 1.2191 0.564724 -0.0325335958209 0.658943209344 0.00602053057696 0.751464679951
21.4 0.085054 1.22032 0.569502 -0.033052431818 0.661761384138 0.00590026927957 0.748962344873
21.4333333333 0.0898747 1.22201 0.575995 -0.0333635127438 0.664869499172 0.00616652424958 0.746188581437
21.4666666667 0.0956743 1.22301 0.580777 -0.0334541778014 0.667476144311 0.00652258450789 0.743850704546
21.5 0.100793 1.22504 0.586907 -0.0331972543259 0.67031692827 0.00679873766507 0.741300839839
21.5333333333 0.107293 1.22658 0.590572 -0.0331939822421 0.67252828972 0.00731137036008 0.739290472637
21.5666666667 0.114758 1.2262 0.5961 -0.0331174989237 0.674927386713 0.00825130760595 0.737094410407
21.6 0.121581 1.22691 0.600301 -0.032007269216 0.677225831008 0.00875409370118 0.735026580728
21.6333333333 0.128846 1.22962 0.604889 -0.0308451812289 0.679413833456 0.00892684818002 0.733052337208
21.6666666667 0.143065 1.23664 0.613377 -0.0314845478326 0.684345352552 0.0110705143608 0.728393853214
21.7 0.160733 1.23661 0.623092 -0.0329092678868 0.689490126368 0.0152603428118 0.723386112436
21.7333333333 0.170244 1.23584 0.628535 -0.0328641047262 0.692460753168 0.0170828223937 0.720504152051
21.7666666667 0.180619 1.23274 0.632638 -0.0319660299652 0.695092919505 0.018389985426 0.717973408016
21.8 0.191001 1.23302 0.635891 -0.0298878892197 0.697675048166 0.0179529766002 0.715565463026
21.8333333333 0.200609 1.23527 0.641413 -0.0292655960536 0.700809949941 0.0167273970952 0.712551144226
21.8666666667 0.211498 1.23478 0.645319 -0.0304672812664 0.703970666918 0.0158974694813 0.709397149244
21.9 0.222166 1.2345 0.648693 -0.0317598645899 0.70706801085 0.0146926854534 0.706279168621
21.9333333333 0.233506 1.23317 0.653025 -0.0332643347338 0.710115440244 0.0138745526884 0.703162173577
21.9666666667 0.245353 1.23046 0.655956 -0.0341495640636 0.713017194292 0.0129314432339 0.700195019758
22.0 0.256257 1.22934 0.659316 -0.0338060282773 0.716167897001 0.0114096474693 0.697015434336
22.0333333333 0.268413 1.2269 0.662983 -0.0334433892337 0.718940676417 0.0101955272993 0.694191540378
22.0666666667 0.2803 1.2236 0.664259 -0.0322267646556 0.721290299421 0.00860190915275 0.691829275732
22.1 0.291069 1.22408 0.667492 -0.0295356552927 0.72382417818 0.00625313356076 0.689323655817
22.1333333333 0.301378 1.22704 0.67291 -0.0275437403864 0.727020044795 0.00449981094388 0.686048794572
22.1666666667 0.312011 1.22651 0.67559 -0.0271332958055 0.729869554901 0.00440297364602 0.683033550355
22.2 0.323203 1.22436 0.678923 -0.0263842974935 0.732381409758 0.00457823539405 0.680367826434
22.2333333333 0.33389 1.22148 0.680185 -0.0246759012274 0.734154652823 0.00472955011777 0.678517263592
22.2666666667 0.345015 1.21738 0.683133 -0.0217975117685 0.736030451679 0.00463016618341 0.676581557717
22.3 0.356048 1.21603 0.685774 -0.0178777608588 0.737912546634 0.00334050486185 0.674651243395
22.3333333333 0.365751 1.2164 0.688536 -0.0143985388224 0.739934235364 0.00211319962433 0.672521779427
22.3666666667 0.375371 1.21614 0.692124 -0.0123787514923 0.741820846428 0.00139477781869 0.670482403133
22.4 0.385063 1.21354 0.695997 -0.0116853705869 0.743919570131 0.000516150750381 0.668166789716
22.4333333333 0.394088 1.21304 0.699473 -0.0111425769369 0.746327983685 -0.00120081350447 0.665483990637
22.4666666667 0.402979 1.21198 0.703062 -0.0110010503626 0.749194634497 -0.00219014521619 0.662254920553
22.5 0.411728 1.21006 0.705643 -0.0109532704456 0.752220790286 -0.0027004291007 0.658814553734
22.5333333333 0.420938 1.2058 0.708947 -0.0103438726663 0.755284679622 -0.00292780883482 0.655308694405
22.5666666667 0.429695 1.20271 0.710546 -0.00826951686678 0.757668908569 -0.00403247157429 0.652574271062
22.6 0.437973 1.2008 0.713602 -0.00596538329249 0.759981249532 -0.00542373874724 0.649894989687
22.6333333333 0.44694 1.19878 0.717276 -0.00379242701808 0.762257833634 -0.00693111185837 0.647225287091
22.6666666667 0.454858 1.19892 0.721942 -0.00237758533462 0.764702100869 -0.00887271263082 0.644318491885
22.7 0.462969 1.19764 0.725234 -0.00212345426562 0.767377995178 -0.00985221357112 0.641115775306
22.7333333333 0.471273 1.19407 0.729163 -0.00186235749839 0.770231555423 -0.0104538353288 0.637675936493
22.7666666667 0.479307 1.19132 0.733363 -0.000639150905653 0.772822780922 -0.0116814612049 0.634514053618
22.8 0.487704 1.19021 0.737428 0.00112123509532 0.775211649638 -0.0131143220654 0.631564450911
22.8333333333 0.49554 1.18944 0.742729 0.00234805462199 0.777620409325 -0.0144036166564 0.628564651781
22.8666666667 0.504202 1.1859 0.747979 0.00310582483104 0.780213097345 -0.014795355462 0.625331091535
22.9 0.512468 1.18242 0.753416 0.00497469885735 0.782951071476 -0.0160006197607 0.621857581938
22.9333333333 0.520908 1.18074 0.75865 0.00749712349189 0.785824829503 -0.0181758667709 0.618136528886
22.9666666667 0.529353 1.17908 0.764083 0.00955732093455 0.789146780033 -0.02029469062 0.613794870224
23.0 0.537344 1.17766 0.770627 0.0108338576932 0.79264629549 -0.0225215892948 0.609169316191
23.0333333333 0.546317 1.17335 0.776616 0.0120873145094 0.796142871219 -0.0242173623546 0.604503056069
23.0666666667 0.555127 1.16969 0.782825 0.0144126294608 0.799637303078 -0.0262697235482 0.599735242638
23.1 0.563105 1.16922 0.789888 0.0175959865227 0.80298863448 -0.0281839691606 0.595067473517
23.1333333333 0.570707 1.16995 0.797866 0.0199599769182 0.806487131847 -0.0291395773566 0.590195722213
23.1666666667 0.57788 1.17075 0.805023 0.0211440577387 0.810138550997 -0.0290354233066 0.585137078986
23.2 0.58572 1.16843 0.812301 0.0217189187184 0.814266037517 -0.0274674887426 0.579434764039
23.2333333333 0.593885 1.16514 0.819174 0.0225618649127 0.81861582693 -0.0258109079608 0.573317440151
23.2666666667 0.602924 1.16074 0.825479 0.0239835755702 0.8226650697 -0.0243954369014 0.567496109112
23.3 0.611338 1.15675 0.831446 0.0261080597753 0.826095318569 -0.0240630915224 0.562410758681
23.3333333333 0.620109 1.15365 0.838049 0.0285435392716 0.829282393208 -0.0246406769745 0.557556109929
23.3666666667 0.628374 1.15136 0.844015 0.0311289302153 0.832547525625 -0.0254414245885 0.552492842663
23.4 0.636454 1.15016 0.850084 0.0334406720555 0.835972979119 -0.0262982984863 0.547119090448
23.4333333333 0.643686 1.14911 0.854709 0.0352737776829 0.839298663147 -0.0262660546326 0.541888926831
23.4666666667 0.652579 1.14292 0.858928 0.0369795766605 0.842307550956 -0.0258364673359 0.537106113788
23.5 0.661046 1.1387 0.86308 0.0397547770698 0.844752071733 -0.0275037599061 0.532970016225
23.5333333333 0.668356 1.13875 0.867018 0.0423597233511 0.847110956089 -0.0295824889426 0.528898438511
23.5666666667 0.676207 1.13525 0.870807 0.0437306347851 0.849821630147 -0.0304733337844 0.524368386198
23.6 0.684503 1.13092 0.873684 0.0444342758642 0.852623350702 -0.0320686293056 0.519644705526
23.6333333333 0.69082 1.1336 0.876692 0.0447032519221 0.855587027732 -0.0343425892445 0.514580454164
23.6666666667 0.697672 1.13243 0.880031 0.0439796794255 0.858761455972 -0.032957870255 0.509419599469
23.7 0.706219 1.12453 0.881752 0.0437184155582 0.860834855569 -0.0318460053227 0.506001861186
23.7333333333 0.714153 1.12208 0.88406 0.0444805170657 0.862391402013 -0.033995310908 0.503137031207
23.7666666667 0.719144 1.12547 0.884814 0.0436171354159 0.863901709516 -0.0350963894162 0.500539334361
23.8 0.72748 1.11802 0.885262 0.0409808374854 0.86589309899 -0.0333947241938 0.497427888719
23.8333333333 0.736248 1.11119 0.885497 0.0405363182117 0.867425021142 -0.0349250260351 0.494682607496
23.8666666667 0.742934 1.10942 0.883288 0.0417979909881 0.868218356814 -0.0381088693421 0.492947793298
23.9 0.749311 1.10781 0.880432 0.0426347676404 0.868860360529 -0.0401508620965 0.491580978846
23.9333333333 0.756606 1.10313 0.877441 0.043015489281 0.869856461565 -0.0417680199828 0.489647665635
23.9666666667 0.764293 1.09991 0.875267 0.0440475616701 0.871066530774 -0.0446100112175 0.487147675942
24.0 0.771659 1.09755 0.87139 0.0449561591968 0.872059624285 -0.047586462902 0.485001529884
24.0333333333 0.778436 1.09667 0.866604 0.0452905134282 0.873142718847 -0.0498120437318 0.48279324997
24.0666666667 0.786164 1.09425 0.862161 0.0451876294177 0.874345250058 -0.0515726293922 0.480435974659
24.1 0.793689 1.09299 0.856569 0.0452568363699 0.875424273263 -0.0530125682914 0.478303071438
24.1333333333 0.801827 1.09062 0.851143 0.0451614192802 0.876646742189 -0.0535958939405 0.476002537568
24.1666666667 0.810304 1.08795 0.845269 0.0459761095933 0.877728767966 -0.0547002578403 0.473799840675
24.2 0.818263 1.08659 0.839094 0.0476693118135 0.878255616538 -0.057593538619 0.472311013041
24.2333333333 0.827302 1.08447 0.832979 0.0492691981712 0.878688227802 -0.0605736466487 0.470967491198
24.2666666667 0.835936 1.08208 0.826204 0.0508562892988 0.879137380859 -0.06312688205 0.469623359914
24.3 0.84453 1.07944 0.818996 0.0519868191087 0.87989386029 -0.0646363423539 0.467874244332
24.3333333333 0.853031 1.07823 0.812037 0.052650815085 0.881285855113 -0.065083877294 0.465109903318
24.3666666667 0.86217 1.07562 0.805475 0.0530285864554 0.883110432303 -0.0650377668721 0.461599417521
24.4 0.872068 1.07138 0.798717 0.0535255051327 0.885254783389 -0.0657767484699 0.457309969439
24.4333333333 0.881515 1.0681 0.790435 0.0538124773715 0.887294874615 -0.0679176952723 0.452989193503
24.4666666667 0.890467 1.06443 0.78122 0.0532765439065 0.889181095665 -0.0698861235281 0.449037324418
24.5 0.899158 1.06093 0.772519 0.0524190823907 0.891036574516 -0.072430881513 0.4450391332
24.5333333333 0.90759 1.05662 0.763436 0.0515971747523 0.893025062644 -0.074871085847 0.440724732175
24.5666666667 0.915688 1.05332 0.754749 0.0511614317369 0.895108549503 -0.077477627214 0.436073858182
24.6 0.923995 1.04974 0.745964 0.0521306535235 0.89680338638 -0.0815067132673 0.431720669916
24.6333333333 0.931592 1.04675 0.73703 0.0544813245985 0.897948715648 -0.0863175889218 0.428099478133
24.6666666667 0.938467 1.04409 0.72834 0.0571188469086 0.898697121405 -0.0905644187512 0.425298727204
24.7 0.945447 1.03974 0.719624 0.0599890831058 0.898868088994 -0.0960338131819 0.423337897219
24.7333333333 0.951456 1.0361 0.710507 0.0625648453162 0.898822019716 -0.102194033867 0.421617120675
24.7666666667 0.956122 1.03503 0.702183 0.0636799553207 0.899037790451 -0.106859518795 0.41982967722
24.8 0.960925 1.03305 0.695073 0.0632370181843 0.899528540888 -0.109922279033 0.418050925405
24.8333333333 0.965972 1.03035 0.688533 0.0622599753402 0.899924305477 -0.113043376638 0.416510665987
24.8666666667 0.970633 1.02848 0.682123 0.0616470069099 0.900166978129 -0.116502858676 0.415121839879
24.9 0.975748 1.02538 0.676253 0.0617696039188 0.900146592087 -0.121081369776 0.413835632443
24.9333333333 0.980639 1.02184 0.670233 0.0625104108982 0.899892145537 -0.126813192306 0.412559073572
24.9666666667 0.98477 1.01893 0.664443 0.0631266709624 0.899731319771 -0.132236695638 0.411110729564
25.0 0.988734 1.01613 0.659125 0.0638192263992 0.899564710589 -0.137728807588 0.409562221603
25.0333333333 0.992417 1.01398 0.654359 0.0645200045168 0.89930093251 -0.143102517647 0.408187054237
25.0666666667 0.995885 1.0113 0.649948 0.0652596125705 0.899078016058 -0.147697990576 0.406921623397
25.1 0.999521 1.00936 0.646175 0.0663339448096 0.898722815223 -0.15244796863 0.405779159179
25.1333333333 1.00304 1.00727 0.642536 0.0680942216737 0.898297705676 -0.15685751089 0.404746995331
25.1666666667 1.00702 1.00584 0.639146 0.0702896385951 0.897671136635 -0.161293828577 0.404017571428
25.2 1.0112 1.00309 0.635435 0.0724670604323 0.896870768333 -0.165373660776 0.403760947076
25.2333333333 1.01596 1.00001 0.632314 0.0738440076185 0.896200141748 -0.16912689884 0.403445734341
25.2666666667 1.02076 0.998255 0.628673 0.0753724990475 0.895431158362 -0.173074757528 0.403196174744
25.3 1.0262 0.995234 0.625025 0.0779261367668 0.894352869359 -0.177926732996 0.402991984987
25.3333333333 1.0325 0.990395 0.621839 0.0801905619728 0.892989645679 -0.183752149662 0.402956714766
25.3666666667 1.0388 0.986932 0.618953 0.0822008195726 0.891650398205 -0.189315167541 0.402942129817
25.4 1.04553 0.983292 0.616564 0.083498123698 0.890442922542 -0.194151744743 0.403044122954
25.4333333333 1.05278 0.979291 0.614192 0.0845468016691 0.889370807842 -0.198511988923 0.403068722105
25.4666666667 1.06047 0.97547 0.611858 0.0856875667074 0.888457712505 -0.202550162417 0.402832428817
25.5 1.06814 0.971462 0.609492 0.0865275285112 0.887651182494 -0.206390486848 0.402481467854
25.5333333333 1.07585 0.96792 0.607023 0.0876010653167 0.887020081589 -0.209898252976 0.401826021569
25.5666666667 1.08428 0.963896 0.604972 0.0886022951139 0.886564554224 -0.213298586993 0.400819956192
25.6 1.09254 0.960267 0.60274 0.0899351805964 0.886219613501 -0.216505105945 0.399564762007
25.6333333333 1.10085 0.956021 0.600431 0.0911824632165 0.885861070351 -0.21977294992 0.398291065581
25.6666666667 1.10921 0.95174 0.598119 0.0919358653069 0.885513982796 -0.223309056606 0.396920455734
25.7 1.11763 0.947951 0.596243 0.0924821279359 0.885417173645 -0.22644330345 0.395230205006
25.7333333333 1.12591 0.945421 0.594344 0.0933270288639 0.885483999184 -0.229027995436 0.393388268991
25.7666666667 1.13435 0.94235 0.592372 0.094301891407 0.885534942666 -0.231641038226 0.391506638519
25.8 1.14235 0.939933 0.59015 0.0958464704026 0.88553574288 -0.233997636219 0.389724272321
25.8333333333 1.15068 0.938411 0.588488 0.0975857171762 0.88548471692 -0.235914595128 0.388250109735
25.8666666667 1.15922 0.93647 0.586798 0.0994897258864 0.885017669619 -0.238518713109 0.387239386428
25.9 1.16764 0.933266 0.585303 0.10158083179 0.884299128596 -0.241867549004 0.386259594723
25.9333333333 1.17591 0.929931 0.583987 0.102841701529 0.883721089008 -0.245231721885 0.385125984388
25.9666666667 1.18377 0.9277 0.582275 0.103802499647 0.88343774052 -0.247991420085 0.383748687627
26.0 1.1914 0.925095 0.580667 0.104812092872 0.883405919568 -0.250449429529 0.381946972379
26.0333333333 1.19914 0.922709 0.579595 0.105679549028 0.88365760467 -0.252581130023 0.379715476881
26.0666666667 1.20633 0.921378 0.578266 0.106113214583 0.884201028315 -0.254041705254 0.377347769583
26.1 1.21349 0.919697 0.576741 0.106384449586 0.884895598658 -0.255340802148 0.374757525768
26.1333333333 1.22012 0.918461 0.575288 0.106564894226 0.885433440966 -0.257531724179 0.371926008742
26.1666666667 1.22646 0.917847 0.574013 0.106271786796 0.886249870978 -0.259312028864 0.3688153267
26.2 1.23278 0.916931 0.572625 0.105509522001 0.88726473936 -0.260885505661 0.365469254509
26.2333333333 1.23855 0.914978 0.571378 0.104786416772 0.888318060748 -0.262433621555 0.361993679623
26.2666666667 1.24366 0.914082 0.569633 0.103784854189 0.88949987436 -0.26395087014 0.35825775038
26.3 1.24894 0.914037 0.568439 0.10275834009 0.891121354685 -0.264542776864 0.354062951996
26.3333333333 1.254 0.913853 0.566891 0.10215912965 0.892683258126 -0.265226442566 0.349764273553
26.3666666667 1.25877 0.913596 0.56562 0.102233784589 0.89404493658 -0.266182290067 0.345512507906
26.4 1.26293 0.913963 0.564132 0.102209796926 0.895170983537 -0.267450045696 0.341602899142
26.4333333333 1.26673 0.914744 0.562833 0.10146731625 0.896476421772 -0.26823401968 0.337764592026
26.4666666667 1.27 0.915847 0.561415 0.0999866175978 0.898000050779 -0.268209903864 0.334158693695
26.5 1.27319 0.916863 0.560071 0.097963184859 0.89965256209 -0.267569957412 0.330809310372
26.5333333333 1.27625 0.91795 0.558373 0.0954083749671 0.90119159495 -0.266977709709 0.327832051051
26.5666666667 1.27857 0.919067 0.556721 0.0927674980316 0.903054867161 -0.265106819977 0.324968417247
26.6 1.28137 0.920558 0.555451 0.0902119528547 0.905186336057 -0.262615026035 0.321765207376
26.6333333333 1.28394 0.922356 0.554061 0.0881601869488 0.907307696572 -0.2597646896 0.318657859176
26.6666666667 1.28621 0.924331 0.55254 0.086280919534 0.909211456887 -0.256928956687 0.316034239925
26.7 1.28813 0.926023 0.550515 0.0840375814991 0.910823953698 -0.254381208013 0.314050332393
26.7333333333 1.29013 0.928098 0.54867 0.0822930325468 0.912044411527 -0.252905161232 0.312156735662
26.7666666667 1.2909 0.928418 0.546093 0.0801318002654 0.912910136595 -0.252443203592 0.310558216843
26.8 1.29192 0.929179 0.544042 0.0776392172191 0.913937172567 -0.252205529651 0.308355910213
26.8333333333 1.29286 0.930865 0.541845 0.0751745890781 0.915207139321 -0.251551737971 0.305722744357
26.8666666667 1.29405 0.932429 0.540109 0.0726837291699 0.916786504011 -0.250072328824 0.302792688045
26.9 1.29458 0.935495 0.538113 0.0701485239517 0.918358997907 -0.248321520808 0.30005392491
26.9333333333 1.29565 0.937898 0.535837 0.0681301774077 0.919898279286 -0.246446065103 0.297337807365
26.9666666667 1.29582 0.941593 0.533435 0.066375181347 0.921265478213 -0.244433928206 0.295154719928
27.0 1.2965 0.943951 0.531295 0.0645511394183 0.922752646799 -0.241810979328 0.293066807231
27.0333333333 1.29749 0.94775 0.529229 0.0635767965241 0.924001023126 -0.239345177825 0.291365725605
27.0666666667 1.29817 0.951263 0.526998 0.0625415890822 0.924894433958 -0.237237849201 0.290477259997
27.1 1.29828 0.9538 0.523977 0.0613561662761 0.925612028809 -0.235282751483 0.290034170122
27.1333333333 1.29878 0.956636 0.521129 0.0601436796309 0.926435728906 -0.233237198786 0.289309500553
27.1666666667 1.29948 0.959614 0.518393 0.0593235945654 0.927482155746 -0.230601992566 0.288236505191
27.2 1.2996 0.963886 0.51507 0.0584481451573 0.928574382081 -0.227500585488 0.287361992742
27.2333333333 1.30027 0.967288 0.512188 0.0579521475948 0.929746288609 -0.223944189488 0.286465333681
27.2666666667 1.30076 0.970905 0.508503 0.0577481383792 0.930586515447 -0.220940509865 0.286110434768
27.3 1.30084 0.972836 0.504239 0.0571518959174 0.931221886172 -0.21835582983 0.28614714936
27.3333333333 1.30132 0.975237 0.499967 0.0564315841501 0.931861134458 -0.216058827613 0.285952592935
27.3666666667 1.30062 0.977201 0.494427 0.0548542376011 0.932387176715 -0.214100636224 0.286017626876
27.4 1.30074 0.97977 0.489517 0.0520198713461 0.933172840436 -0.212431766138 0.285228202661
27.4333333333 1.30118 0.981763 0.484492 0.0499829244284 0.934529440508 -0.20937547176 0.283404911594
27.4666666667 1.30141 0.982642 0.478662 0.048393813805 0.935810164744 -0.206482840655 0.281570969494
27.5 1.30161 0.985013 0.472695 0.0461488231619 0.936786907111 -0.205015150036 0.279766626032
27.5333333333 1.30196 0.986288 0.466593 0.0442199298432 0.937744683722 -0.203687384255 0.277832603289
27.5666666667 1.30242 0.989442 0.460758 0.0417141183486 0.938619760055 -0.202554632865 0.276087846652
27.6 1.30257 0.9932 0.45519 0.0386703751453 0.939965719173 -0.199553304049 0.274130493942
27.6333333333 1.30315 0.996375 0.44902 0.0359324075357 0.941679602566 -0.195303422102 0.271670685785
27.6666666667 1.30361 0.999749 0.443177 0.0334956169394 0.943488987233 -0.190456594458 0.269133536082
27.7 1.30331 1.00468 0.436441 0.0309377184168 0.945176909292 -0.185531165361 0.266948786101
27.7333333333 1.30384 1.00872 0.430042 0.028869043767 0.946785383467 -0.180477046799 0.264937825808
27.7666666667 1.30463 1.01205 0.423251 0.0273670751987 0.947967017521 -0.1764708029 0.26356713113
27.8 1.30525 1.01712 0.416754 0.0257757920225 0.94878638048 -0.173416253486 0.262805661637
27.8333333333 1.30644 1.01974 0.410599 0.0239429249464 0.949829436394 -0.169334164055 0.261871569646
27.8666666667 1.30707 1.02329 0.40397 0.0219289960605 0.950972433066 -0.165128625927 0.26058220887
27.9 1.30809 1.02583 0.397617 0.0195063472256 0.95211229806 -0.161168163296 0.259087818009
27.9333333333 1.30833 1.03064 0.39164 0.0163706401373 0.953401480908 -0.156987598569 0.257123534979
27.9666666667 1.30867 1.03307 0.385235 0.0131396764076 0.95502455213 -0.152271194556 0.254104185406
28.0 1.31079 1.03553 0.380661 0.0103768736268 0.956640303287 -0.14842304176 0.250404175876
28.0333333333 1.3121 1.03753 0.375286 0.00890154498046 0.957937846352 -0.145234680443 0.247351435453
28.0666666667 1.31343 1.03965 0.370243 0.00791531728321 0.958900004067 -0.142814881207 0.245055176764
28.1 1.31435 1.04301 0.365027 0.00672713163326 0.959747314671 -0.139947772287 0.243422387455
28.1333333333 1.315 1.04789 0.360203 0.00500091556509 0.960648813814 -0.136777615605 0.241703808887
28.1666666667 1.31501 1.05104 0.355071 0.00284969436625 0.96175177475 -0.132879901438 0.239516877904
28.2 1.31612 1.05327 0.350581 0.000958250831432 0.962984252479 -0.129027304578 0.236669317627
28.2333333333 1.31696 1.05799 0.347027 -9.22793077701e-05 0.964028521781 -0.126133186585 0.233964569794
28.2666666667 1.31777 1.06138 0.343007 -0.000407520927643 0.965022039401 -0.122960697133 0.231544735111
28.3 1.31854 1.06674 0.339502 -0.000538517303975 0.965865544152 -0.120440148972 0.229341734393
28.3333333333 1.3193 1.07038 0.335908 -0.00023066326683 0.966630172163 -0.117676364775 0.227548522809
28.3666666667 1.32022 1.07323 0.33203 -0.000137724833246 0.967181518452 -0.115448623282 0.226343780075
28.4 1.31986 1.07839 0.328187 -0.000208214918308 0.967653836934 -0.113279679853 0.225418993534
28.4333333333 1.32075 1.08218 0.325249 -0.00102104345235 0.968428780815 -0.110134299635 0.223640537477
28.4666666667 1.32106 1.0847 0.321805 -0.00199972842906 0.969229698264 -0.1071234984 0.221617574168
28.5 1.32076 1.08796 0.318376 -0.00328770088899 0.96999443486 -0.10519853719 0.219164903978
28.5333333333 1.32122 1.09075 0.315588 -0.00446195087159 0.970842560085 -0.103472521412 0.216190313925
28.5666666667 1.32226 1.09173 0.312771 -0.00490538052911 0.971402257761 -0.10264746436 0.214049267503
28.6 1.32337 1.09391 0.310406 -0.00513335140184 0.971631925864 -0.102693990329 0.212976509728
28.6333333333 1.32304 1.0999 0.30847 -0.00542903903986 0.971820958411 -0.102169018716 0.212358286732
28.6666666667 1.32368 1.10469 0.307021 -0.00571340738423 0.972289520956 -0.100243563098 0.211120042804
28.7 1.32395 1.10795 0.304573 -0.00606429156535 0.972657263206 -0.0980538141054 0.210443631979
28.7333333333 1.32406 1.11188 0.302662 -0.0060314684911 0.972966099769 -0.0961010046131 0.209917095541
28.7666666667 1.32413 1.11802 0.301517 -0.00634459235361 0.973353134334 -0.0939669296154 0.209078067164
28.8 1.32396 1.12126 0.299785 -0.00668625920681 0.973857216664 -0.0910829351785 0.20799354415
28.8333333333 1.32489 1.12227 0.298105 -0.00668565658334 0.974421622982 -0.0886892980485 0.206378320257
28.8666666667 1.32611 1.12368 0.296998 -0.0058924457161 0.974830463338 -0.087120529806 0.205136198944
28.9 1.3259 1.12633 0.295386 -0.00528599785399 0.974923882226 -0.0860174968292 0.205174248704
28.9333333333 1.3265 1.13009 0.294638 -0.00569537348857 0.97506139415 -0.084701864159 0.205057149515
28.9666666667 1.32589 1.13335 0.293601 -0.00605042090263 0.975317662621 -0.0828384294021 0.204588963535
29.0 1.32687 1.1359 0.293129 -0.00634022322012 0.975764188178 -0.0807121045679 0.203296844087
29.0333333333 1.32783 1.13771 0.292399 -0.00635548439609 0.976111999905 -0.0788905273401 0.202339457732
29.0666666667 1.32895 1.14083 0.291768 -0.0066944255054 0.976347286593 -0.0772747287502 0.201816195896
29.1 1.32935 1.14278 0.290386 -0.00691914848491 0.976558573619 -0.0753510782574 0.201513504959
29.1333333333 1.33003 1.14406 0.289211 -0.00735793944135 0.976751191331 -0.0734414442516 0.201269285354
29.1666666667 1.33149 1.14384 0.287705 -0.0079188171017 0.976893786184 -0.0719157094641 0.201106821325
29.2 1.33222 1.14473 0.286358 -0.00839126649131 0.976883670479 -0.0711921931428 0.201394023332
29.2333333333 1.33305 1.14496 0.284935 -0.00846490540688 0.976895861134 -0.0705451606187 0.201559425949
29.2666666667 1.33408 1.14479 0.283778 -0.00825089747714 0.976907955974 -0.0704401313703 0.201546411873
29.3 1.33489 1.14581 0.282658 -0.00816671805229 0.976940953053 -0.0704796760696 0.201376002111
29.3333333333 1.33551 1.14487 0.281309 -0.00784431059314 0.976976242924 -0.0702893184673 0.201284125712
29.3666666667 1.3365 1.14505 0.279989 -0.00740379002517 0.976920803928 -0.0710323802016 0.201309035338
29.4 1.33597 1.14899 0.279354 -0.00684750551978 0.976922930958 -0.0709971399844 0.201330834077
