# Format: x y
# Newline means next feature; Empty line means next frame, first feature
491.973 114.881
422.825 115.427
218.496 114.048
148.545 116.855
467.577 417.381
413.186 308.681
225.654 307.231
172.658 418.856

441.308 114.25
459.951 115.205
256.493 113.752
127.091 114.638
422.128 442.86
447.918 321.371
263.01 300.136
151.968 390.987

363.12 116.066
490.308 115.229
298.617 113.458
128.568 114.897
356.742 457.404
471.681 341.722
301.41 297.433
151.827 363.273

276.178 115.021
510.176 113.76
340.137 114.489
149.876 114.713
282.394 457.22
487.989 363.148
339.493 295.113
166.619 340.249

197.61 115.61
512.665 114.436
383.802 114.782
180.823 114.908
217.909 442.679
488.342 390.403
377.712 299.173
194.074 322.413

148.102 115.058
493.64 114.787
424.529 113.983
216.739 115.542
172.452 418.588
467.252 418.465
414.362 307.117
226.357 308.127

127.038 113.541
440.879 114.55
459.884 114.957
256.563 116.293
151.53 390.098
422.733 442.414
446.736 322.072
262.824 298.841

129.549 114.989
363.948 114.893
490.586 114.933
299.365 114.571
151.807 363.682
357.35 458.201
472.53 340.397
300.864 294.564

149.984 115.098
276.361 113.398
510.427 114.33
340.867 114.809
168.327 340.481
283.244 457.453
488.045 363.373
339.928 297.738

180.066 114.854
198.573 114.53
514.027 114.487
383.252 114.558
193.957 322.394
219.131 443.49
488.714 390.478
376.437 299.982

215.716 114.161
148.254 114.805
491.859 114.861
423.04 114.667
226.135 307.964
172.226 417.123
467.813 418.637
412.894 308.527

256.456 115.658
126.844 115.679
440.131 115.041
460.439 116.816
261.849 299.68
152.509 389.593
422.96 443.224
445.845 321.788

297.689 115.137
129.189 115.004
364.109 114.604
490.528 115.753
300.983 294.868
151.484 362.809
356.303 457.602
472.299 338.806

340.892 114.621
148.387 115.08
275.794 115.213
509.757 115.586
338.166 294.349
168.473 339.895
283.801 458.929
488.048 363.093

382.603 115.303
180.184 115.081
196.765 115.912
513.387 115.299
376.953 299.594
193.797 322.224
217.841 442.885
487.312 390.568

423.871 116.579
216.52 115.035
148.382 114.97
491.58 114.016
413.319 308.783
226.121 307.176
172.518 417.976
467.746 418.707

460.528 116.015
256.926 114.73
126.483 115.161
439.356 114.348
446.606 321.451
263.081 299.225
151.706 390.334
422.018 442.887

491.343 114.1
299.166 115.279
129.449 114.958
364.487 114.962
472.609 339.989
300.603 296.198
152.082 364.185
356.721 457.547

510.788 115.934
343.318 115.051
148.083 114.83
276.501 115.431
489.412 362.72
337.768 293.431
167.494 339.972
283.813 457.668

513.649 115.765
384.087 114.967
180.108 116.191
198.498 115.292
488.362 390.298
377.262 299.353
194.204 321.739
218.091 441.845
