# Format: frameIdx point2DIdx point3DIdx
# Newline means next feature; Empty line means next step, first feature
0 0 0
0 1 1
0 2 2
0 3 3

0 4 4
0 5 5
0 6 6
0 7 7
1 0 0
1 1 1
1 2 2
1 3 3
1 4 4
1 5 5
1 6 6
1 7 7

2 0 0
2 1 1
2 2 2
2 3 3
2 4 4
2 5 5
2 6 6
2 7 7

3 0 0
3 1 1
3 2 2
3 3 3
3 4 4
3 5 5
3 6 6
3 7 7

4 0 0
4 1 1
4 2 2
4 3 3
4 4 4
4 5 5
4 6 6
4 7 7

5 0 0
5 1 1
5 2 2
5 3 3
5 4 4
5 5 5
5 6 6
5 7 7

6 0 0
6 1 1
6 2 2
6 3 3
6 4 4
6 5 5
6 6 6
6 7 7

7 0 0
7 1 1
7 2 2
7 3 3
7 4 4
7 5 5
7 6 6
7 7 7

8 0 0
8 1 1
8 2 2
8 3 3
8 4 4
8 5 5
8 6 6
8 7 7

9 0 0
9 1 1
9 2 2
9 3 3
9 4 4
9 5 5
9 6 6
9 7 7

10 0 0
10 1 1
10 2 2
10 3 3
10 4 4
10 5 5
10 6 6
10 7 7

11 0 0
11 1 1
11 2 2
11 3 3
11 4 4
11 5 5
11 6 6
11 7 7

12 0 0
12 1 1
12 2 2
12 3 3
12 4 4
12 5 5
12 6 6
12 7 7

13 0 0
13 1 1
13 2 2
13 3 3
13 4 4
13 5 5
13 6 6
13 7 7

14 0 0
14 1 1
14 2 2
14 3 3
14 4 4
14 5 5
14 6 6
14 7 7

15 0 0
15 1 1
15 2 2
15 3 3
15 4 4
15 5 5
15 6 6
15 7 7

16 0 0
16 1 1
16 2 2
16 3 3
16 4 4
16 5 5
16 6 6
16 7 7

17 0 0
17 1 1
17 2 2
17 3 3
17 4 4
17 5 5
17 6 6
17 7 7

18 0 0
18 1 1
18 2 2
18 3 3
18 4 4
18 5 5
18 6 6
18 7 7

19 0 0
19 1 1
19 2 2
19 3 3
19 4 4
19 5 5
19 6 6
19 7 7
