# Format: x y
# Newline means next feature; Empty line means next frame, first feature
319.527 20.3467
482.578 129.074
320.11 185.381
158.664 128.86
319.89 364.612
502.436 364.287
319.856 365.843
137.903 364.875

249.057 28.5454
490.775 103.487
358.253 182.443
178.417 148.612
234.505 365.214
513.008 365.092
360.803 365.541
163.993 365.225

193.123 48.1858
481.307 75.7149
395.544 176.322
209.382 165.875
169.967 365.427
506.302 364.457
403.24 366.612
199.193 362.814

158.913 75.2252
447.329 48.6501
429.637 165.631
244.067 176.564
133.641 364.56
470.774 364.627
441.942 365.273
236.048 365.782

148.745 103.961
391.677 27.8663
460.402 149.807
281.303 182.965
124.165 365.805
405.3 365.516
476.128 366.176
279.996 366.458

157.523 129.433
319.472 20.5674
482.057 128.441
320.275 185.081
137.755 364.472
319.937 365.434
501.429 364.454
320.11 365.652

179.837 149.926
249.672 27.2294
490.773 102.505
358.691 182.772
165.784 364.141
234.985 365.013
515.105 363.512
362.568 365.346

209.784 164.739
192.714 48.6293
479.573 75.9328
396.352 177.245
198.384 364.703
169.809 363.798
505.228 365.348
403.333 365.108

242.824 176.366
159.227 75.0812
447.588 47.7523
430.676 165.654
237.45 365.724
133.946 365.063
470.301 364.778
442.551 365.575

281.523 183.221
149.425 101.964
390.559 28.7997
460.396 149.916
279.19 366.212
126.909 364.745
405.131 364.18
477.289 364.923

319.676 184.908
158.087 128.962
319.663 20.7801
482.963 128.474
319.689 365.607
137.474 364.989
321.264 366.401
503.185 365.505

358.54 183.175
178.999 149.895
249.7 28.571
490.123 103.145
361.707 365.245
163.94 365.076
234.765 366.199
514.605 364.875

394.426 175.351
209.333 165.481
192.246 47.7793
481.114 75.3378
403.408 365.071
197.945 364.873
169.991 364.984
507.375 365.687

430.683 165.795
244.341 177.025
160.362 75.8942
447.589 48.6377
442.421 365.072
236.171 364.41
135.436 364
472.661 365.268

460.447 149.861
281.218 183.006
149.03 103.33
390.487 28.8507
476.219 364.931
279.898 363.851
125.21 365.348
404.649 365.717

481.965 128.767
320.825 183.89
157.842 130.44
319.444 21.3771
502.224 365.016
319.871 365.114
137.52 364.83
321.117 365.672

490.64 103.517
358.185 184.067
182.232 150.48
248.796 26.6936
514.43 366.344
363.025 363.867
163.266 364.532
236.013 363.752

480.126 73.6776
397.135 174.97
207.837 165.453
191.63 49.1727
505.885 365.242
403.223 365.009
199.448 363.812
170.112 364.866

447.202 48.6083
430.37 166.729
243.435 177.289
158.735 75.8774
469.875 365.104
440.876 365.819
236.718 364.961
133.947 365.096

392.443 29.124
460.729 150.603
281.244 182.761
148.825 103.667
404.423 363.969
476.215 364.97
277.487 364.501
125.453 365.018
