# Format: tx ty tz qx qy qz qw
# Newline means next odometry; Empty line means next step
27.9884 16.6317 16.3721 0.270894 -0.414674 0.0831713 0.864722

12.3445 -0.294618 1.70188 -0.0404003 -0.13562 -0.0397246 0.98914
12.3897 0.295262 1.7579 0.0105009 -0.119996 0.0117696 0.992649
28.2232 16.7915 15.7017 0.205128 -0.410742 -0.0309649 0.887837

12.3594 -0.266637 2.36476 0.0105557 -0.186292 -0.0365084 0.981759
12.4304 0.503477 2.7794 -0.0446549 -0.120672 0.0411516 0.990833
28.3206 16.4802 16.303 0.222151 -0.390884 -0.0841568 0.889256

12.5984 -0.189945 1.46013 -0.0422877 -0.141874 -0.0235155 0.988701
12.1394 0.464076 1.46205 -0.0127206 -0.121444 0.0255182 0.992189
28.1356 16.7989 16.5716 0.23704 -0.439639 -0.0510563 0.864826

12.6463 -0.780414 2.12882 0.00545337 -0.147934 -0.0173861 0.988829
12.3201 0.868379 1.87403 -0.0319862 -0.159924 0.0434258 0.985655
28.1186 16.4726 16.1478 0.248021 -0.400176 -0.0157279 0.882098

12.1854 -0.157485 1.68231 0.0177811 -0.130638 0.0297397 0.990824
12.2965 0.320634 2.12544 -0.0413191 -0.174501 0.0513098 0.982451
28.1235 16.7632 16.2009 0.215933 -0.378887 0.00811989 0.899862

12.204 -0.489132 1.95025 -0.0385962 -0.159374 -0.0970239 0.981681
12.2608 0.64192 1.75613 0.022395 -0.198552 0.0277799 0.979441
27.9391 16.0583 16.301 0.252112 -0.382433 -0.0545129 0.88725

12.4722 -0.483546 1.95763 0.0236427 -0.125435 -0.0345926 0.991217
12.5911 0.372862 1.29681 -0.00730629 -0.156395 0.0416756 0.986788
28.4425 16.5678 16.5964 0.217579 -0.397661 0.00277354 0.891357

12.183 0.174893 2.25178 -0.0108377 -0.154676 0.00630206 0.987886
12.2621 -0.127681 1.5838 0.0474112 -0.192124 0.0214225 0.979991
28.3572 16.4462 16.3718 0.255612 -0.359745 0.0173482 0.897188

12.3068 -0.785253 1.99382 -0.0268299 -0.156542 -0.0472493 0.986176
12.3911 0.367909 2.10131 0.00818873 -0.176353 0.0760031 0.981354
28.505 16.625 15.9767 0.245037 -0.33585 0.0407488 0.908571

12.5601 -0.470501 1.74396 0.033232 -0.116892 -0.0541082 0.991113
12.349 -0.553458 1.76173 0.00849919 -0.164131 0.0374712 0.98569
28.4663 16.5172 16.2197 0.186794 -0.383454 -0.0495828 0.903113

11.9442 -0.423632 1.52433 0.00737524 -0.154477 -0.0553415 0.986418
12.2115 0.379296 1.98789 -0.0314447 -0.196771 0.0231504 0.979672
28.0584 16.5861 16.4531 0.241391 -0.356958 0.0555699 0.900679

13.0921 -0.306263 1.94237 -0.0227987 -0.170638 -0.043633 0.984103
11.9123 0.371024 1.77432 0.0536519 -0.154402 0.0365682 0.985872
28.4627 16.9176 16.2989 0.17431 -0.410883 -0.00723875 0.89484

12.3427 -0.348394 1.53074 0.00877751 -0.182468 -0.0414613 0.982298
12.574 0.760583 1.9092 -0.0268244 -0.153884 0.0101098 0.987673
28.0789 16.2944 16.0437 0.215189 -0.389607 3.97029e-05 0.895489

12.1692 -0.619218 1.58314 -0.0131173 -0.138814 -0.0335184 0.989664
12.019 0.323003 2.40091 0.0256472 -0.157541 0.0199766 0.986977
28.2865 16.3432 16.1615 0.244489 -0.403287 0.0258162 0.88143

11.9753 -0.766812 1.88822 -0.0448611 -0.176228 -0.0575217 0.981643
12.1726 0.197081 1.60525 -0.0389276 -0.136922 -0.00885977 0.989777
28.1027 16.6512 16.0453 0.233642 -0.378751 -0.0267404 0.895122

12.0319 -0.662292 2.0378 0.0199923 -0.171444 -0.0699964 0.982501
12.324 0.758847 1.7656 -0.0393901 -0.210324 -0.004584 0.976827
28.293 16.2686 15.9449 0.205052 -0.387596 -0.0126853 0.898644

12.1317 -0.896376 1.74559 -0.0298194 -0.160127 -0.0383234 0.985901
12.5828 0.2209 1.88812 -0.0373482 -0.125832 0.047007 0.990233
28.6203 16.7466 15.9798 0.212189 -0.33124 0.0288525 0.918925

12.5922 -0.0537418 1.68024 -0.0219955 -0.133131 -0.0311173 0.990366
12.764 0.469861 1.76193 0.0234025 -0.162346 0.0310517 0.985968
28.4968 16.8122 15.8794 0.167236 -0.362417 -0.00919156 0.916843

12.2282 -0.817692 2.26982 -0.00202141 -0.166178 -0.0285424 0.985681
12.1899 -0.0242459 1.72882 0.0179112 -0.153145 0.00734755 0.988014
28.2067 16.7324 16.2226 0.224964 -0.396355 0.0087115 0.890066
