# Format: timestamp tx ty tz qx qy qz qw
# Where translations and quaternions are defined in world coordinates (=> inverse of pose)
1 39.98027334134996 -0.008633494724873226 10.1525668301928 0.557458191711511 0.5585993397342831 -0.4336734341827945 -0.4348959583926437
2 38.00094041599039 12.34624936747284 10.07663814011988 0.4630760709911951 0.6385018920032611 -0.4971213513694469 -0.361588507002406
3 32.23752590891319 23.47294975465073 10.10832757303201 0.35763446067672 0.7031036308052224 -0.5474990054453105 -0.2792628079809075
4 23.53671296217945 32.40130293805584 10.07969978149431 0.2438577047320111 0.7500663294750288 -0.5845368498131945 -0.1903958834669479
5 12.11024366916863 38.04498824671133 10.20406867334311 0.1224631123490503 0.7801255989925 -0.6063950034617478 -0.09323055125334935
6 -0.04055164710098078 39.92863458303418 10.09317165254345 -0.000381145770204562 0.7889799799200691 -0.6144182101494572 0.000842051047299403
7 -12.32701734655472 38.04576143450216 9.991240444430273 -0.122560019634867 0.7785672086730062 -0.6078473055340712 0.0966115744680415
8 -23.46599124189057 32.34922339966293 10.13207527684974 -0.2430720720371438 0.7506693418172062 -0.5841078816754456 0.1903404571180678
9 -32.33246092982009 23.56369936779227 9.755505754915621 -0.3558077102510286 0.7010887051176889 -0.5503596573862267 0.2810333581695212
10 -37.88763581057993 12.40574965894812 9.979348631268268 -0.4617597450203084 0.6386493856258872 -0.4976413392134737 0.3622954562567361
11 -39.9578569282666 0.01971072660548501 9.995931669738736 -0.5570471714140698 0.5577083029337919 -0.4350585855461356 0.4351826338457094
12 -38.17898236727861 -12.15488563767237 9.998691361689644 0.6361465450413782 -0.4644497865011359 0.3637379752904014 -0.4972913174212946
13 -32.33992384071046 -23.51190039847396 9.997044614332349 -0.7021456121464977 0.3578921106572196 -0.2792842286070769 0.5485481711974721
14 -23.45991077127715 -32.36039242566862 9.951072437528559 -0.7488382990852076 0.2441971133408934 -0.1894292319351433 0.586281108127841
15 -12.23143484040274 -38.09786590051233 9.938929679485536 -0.7777411656885856 0.1229111900194701 -0.09515016131996658 0.6090631866745375
16 0.05786049513893454 -39.99037776505303 9.914588170654406 -0.7874367329003841 -0.001213591672674395 -0.0001604340393301923 0.616394267604218
17 12.43413228683849 -37.97346225770833 9.864063169982563 -0.7773558742927172 -0.1237403033122869 0.09724438306754607 0.6090564111809357
18 23.36321015597638 -32.30438447831847 10.07612806858759 -0.750083429683723 -0.2438433942956312 0.1888252776624488 0.5850301377604304
19 32.33496976187348 -23.52738713409124 9.97742399953199 -0.701741824080649 -0.3583137580620755 0.2787376327533447 0.5490673867627328
20 38.0254421385726 -12.31666012779013 10.13485632359188 0.6375746541839941 0.4648317543413147 -0.3607382440768977 -0.4972905787951873
