# Format: timestamp tx ty tz qx qy qz qw
# Where translations and quaternions are defined in world coordinates (=> inverse of pose)
1 28.27045181792291 28.2812266350493 -9.952629781795093 -0.2292515309646903 -0.5689092823772351 0.7317291049768584 0.297251544832202
2 18.11097168900592 35.71005615876064 -9.832283291164918 -0.1565026840919176 -0.589160539867909 0.7705388990529477 0.186189616200396
3 6.127039027372382 39.62500613270951 -10.02856200739175 -0.03936255981354183 -0.6035654147568302 0.7940453623673681 0.06042633115799701
4 -6.224008855477248 39.48867288332347 -10.10630301669037 0.06323575911044745 -0.6082144568471013 0.7890801069502614 -0.05855764738507595
5 -18.15418279196981 35.51190132344858 -10.02009098695198 0.1381647598231904 -0.5995692749193371 0.7659296183581664 -0.1864912958757432
6 -28.21388863682838 28.34591812391259 -9.902664268472384 0.2434692396939143 -0.5657591974123687 0.7287089320074076 -0.2993702595095296
7 -35.50235668429324 18.15577428845664 -10.00255933909631 0.3398657429127199 -0.5249071797019327 0.6654786565170376 -0.4075559927323197
8 -39.47367417485096 6.087468418414013 -9.979882011197068 -0.3894116624252758 0.481494727656153 -0.5827764321469068 0.5262062471508979
9 -39.51150725770731 -6.25329745295657 -9.984457737767485 -0.458758377950592 0.3991644517679623 -0.5191867826845643 0.6005443995164512
10 -35.48293562412238 -18.13939136757413 -10.1795455658989 -0.5263796483598792 0.3262718161733934 -0.3910311232558742 0.6808566871293066
11 -28.24833980090504 -28.23655813295506 -10.01671771728591 -0.5526215880566785 0.2359518884826853 -0.3008635974782137 0.7405519444628018
12 -18.0328203098217 -35.61780812688755 -9.881249477625506 -0.5985123147480265 0.1453299764336248 -0.1801410375978602 0.7669494205082417
13 -6.246991739561151 -39.47051581156391 -9.832870431144588 -0.6224293228049781 0.04505028806138547 -0.05428116129302504 0.7794907088521345
14 6.302453278415737 -39.52203535053209 -9.951555180467828 -0.6146041448092293 -0.04892117099079876 0.04867311165399362 0.7858112956773545
15 18.10130165972778 -35.67547518770478 -9.924731576820713 -0.6028844794079591 -0.1375798736539115 0.1800310760321825 0.7649777085099031
16 28.24849483321438 -28.29397753265603 -9.730578181682365 -0.5660204062290679 -0.2343114801265495 0.2976514822131241 0.7322039505148253
17 35.597098651758 -18.09835875254058 -9.820992748785823 -0.5245081268499581 -0.3089549603564408 0.4164218905312709 0.6753005748745224
18 39.42824830982157 -6.428098802438767 -9.883382042809298 -0.4729872734855856 -0.3993799044433217 0.5064621208738334 0.6002289989391495
19 39.56743094353841 6.138547209986772 -9.960444257455428 -0.4121247015356126 -0.470449477723122 0.6010135273596086 0.4976075353378254
20 35.65022085553598 18.16104663604095 -9.918509274138758 -0.3156537979206123 -0.5183096507676263 0.6771412947945624 0.4161699804928007
