# Format: timestamp tx ty tz qx qy qz qw
# Where translations and quaternions are defined in world coordinates (=> inverse of pose)
1 39.94087259440141 -0.01282787933833419 10.1688318250244 0.545407423910787 0.5447283649475672 -0.4553266491806502 -0.4455102612852707
2 38.14419817948514 12.3866595835037 10.11741385222449 0.4716388999643548 0.6334275259523175 -0.4889280526576729 -0.3705073234508534
3 32.40985219993235 23.46235763852225 10.16209620695282 0.3387194804855128 0.705872265208496 -0.55660637249749 -0.2778539271708005
4 23.51953395880287 32.25920492442183 9.91048685338181 0.2583215849960914 0.7437151809597173 -0.5856013179288648 -0.1929476218436978
5 12.2946029233623 38.02268396814564 9.835011495084473 0.1173110154284347 0.7827967148190605 -0.6028641131318373 -0.1001113880904625
6 -0.1589282414636933 40.04932331365923 10.05952569792923 0.01058316680927411 0.7750190860755076 -0.631848621987434 0.0008553897081545754
7 -12.35062663876085 38.05283943484293 10.09895559407803 -0.1233109454876105 0.7741953951341666 -0.6127016961837964 0.1000626422272672
8 -23.52036147625707 32.21170003252929 10.13103702112334 -0.2394386575981477 0.7536054809979795 -0.5862957433977328 0.1760829620693056
9 -32.50023182124318 23.43156872937072 10.0299176468559 -0.3540074731158698 0.7065987573713142 -0.5395504398885529 0.2903140159818341
10 -38.01680367363642 12.33578158006759 9.755233149262612 -0.471954977908615 0.6380189249611894 -0.4953157742002347 0.3533449222036014
11 -39.94107415590003 -0.1801393390691285 10.07370472683609 0.5674122521725563 -0.5544485754742478 0.4277621369263991 -0.433185488504873
12 -38.0828773691772 -12.35292702794085 9.976076292652381 0.6379244096463754 -0.4592383997789485 0.3662712781164732 -0.4979938659990896
13 -32.29145589415382 -23.36098129179656 9.974081405205899 -0.6991061359010781 0.3552470959344719 -0.2753933999329185 0.5560652721119843
14 -23.43349502447463 -32.31749544819089 9.908038049876044 -0.7474857698470077 0.2438594141111108 -0.1926873159584477 0.5870853500934436
15 -12.41716743608762 -38.3016693141118 10.03140071991217 -0.7801433288273731 0.1153653832236675 -0.10286944340634 0.6062054869869387
16 -0.140143266814533 -39.91565452705252 9.970968662655441 -0.7860394700141735 0.005033369844725035 -0.01240303408409352 0.6180313758324509
17 12.49490299428996 -37.91336748918336 9.818266410996685 -0.7635806187299981 -0.1188829427383489 0.1020737532435615 0.6264123510312966
18 23.63214736747218 -32.47465993343511 10.12043669904476 -0.7484403502066072 -0.2466548667365264 0.1817165780414267 0.5881985244479212
19 32.34075395254133 -23.59714165480917 9.892498602655888 -0.7039819733599681 -0.3403595948758166 0.2742729533457262 0.5597669822552845
20 38.09269652186642 -12.45779945541232 10.15648589083365 0.6395101645867977 0.4579931368802717 -0.3663148342682492 -0.4970739161892936
