2.66667 -0.0964584 0.00117483 -0.0118945 -0.00513461 0.0997402 0.000517921 0.995
2.7 -0.0961725 0.00189256 -0.0136034 -0.00280754 0.101783 0.000155573 0.994803
2.73333 -0.099924 0.000814891 -0.0145111 -0.0033511 0.107048 0.00110383 0.994248
2.76667 -0.104497 -0.00184728 -0.0154929 -0.00462801 0.112249 0.00320753 0.993664
2.8 -0.104692 0.000457337 -0.0167343 -0.00353885 0.115222 0.00332959 0.993328
2.83333 -0.107205 0.00150814 -0.0170228 -0.00399503 0.12029 0.00406616 0.992722
2.86667 -0.110328 0.00216807 -0.0175261 -0.00391244 0.126044 0.00521071 0.992003
2.9 -0.11313 0.00219492 -0.0172321 -0.00429518 0.129724 0.00791946 0.991509
2.93333 -0.11483 0.00214415 -0.01805 -0.00508362 0.132301 0.00944895 0.991152
2.96667 -0.117083 0.00236473 -0.0192301 -0.0054223 0.13518 0.0115993 0.990738
3 -0.118672 0.00328807 -0.0206332 -0.00521556 0.137453 0.0131529 0.990407
3.03333 -0.124603 0.0055015 -0.0214042 -0.00520031 0.141788 0.0152473 0.989766
3.06667 -0.12597 0.00483616 -0.0198653 -0.00684299 0.145079 0.0161775 0.989264
3.1 -0.126999 0.00429895 -0.0204467 -0.00706358 0.146732 0.0167632 0.989009
3.13333 -0.127673 0.00538363 -0.0231235 -0.00706637 0.148066 0.0170553 0.988805
3.16667 -0.131394 0.00516995 -0.0209073 -0.0080098 0.151585 0.0180782 0.988246
3.2 -0.133703 0.00522487 -0.0202381 -0.00808662 0.154607 0.0190367 0.987759
3.23333 -0.134923 0.00708579 -0.0224527 -0.00756151 0.15571 0.0184231 0.987602
3.26667 -0.138538 0.00795537 -0.0220821 -0.00841 0.159339 0.0188711 0.987008
3.3 -0.140221 0.00756401 -0.0209454 -0.00958011 0.161263 0.0195161 0.986672
3.33333 -0.14236 0.00784186 -0.0201993 -0.00946832 0.163642 0.0193944 0.986284
3.36667 -0.146832 0.00959062 -0.0167612 -0.00864912 0.167641 0.0203594 0.9856
3.4 -0.144381 0.00895919 -0.0172714 -0.00981649 0.166924 0.0182579 0.985752
3.43333 -0.14722 0.0080685 -0.0150856 -0.0108046 0.170416 0.0180303 0.985148
3.46667 -0.150932 0.00904636 -0.0122241 -0.0105656 0.174578 0.0188534 0.984406
3.5 -0.151853 0.00942448 -0.0123144 -0.0112683 0.176569 0.0201828 0.984017
3.53333 -0.153317 0.0102044 -0.0134886 -0.0107947 0.178907 0.020549 0.983592
3.56667 -0.153703 0.0112251 -0.0141931 -0.0099313 0.179868 0.02126 0.983411
3.6 -0.15454 0.0121078 -0.013354 -0.0105189 0.181916 0.0208338 0.983037
3.63333 -0.15477 0.0123626 -0.0133509 -0.0115569 0.183877 0.0212713 0.982651
3.66667 -0.157972 0.0104901 -0.00940139 -0.0132307 0.188888 0.0230065 0.98164
3.7 -0.159032 0.0115939 -0.00754406 -0.0136498 0.191896 0.0244206 0.981016
3.73333 -0.165259 0.00878836 -0.00439177 -0.0164366 0.198502 0.0259974 0.979618
3.76667 -0.1633 0.011858 -0.00645919 -0.0160724 0.199747 0.0260753 0.979369
3.8 -0.165953 0.0101713 -0.00152696 -0.0179383 0.205154 0.0277674 0.978171
3.83333 -0.164748 0.0133219 -0.0023907 -0.0179736 0.20645 0.0282778 0.977883
3.86667 -0.166269 0.0132178 -0.000980518 -0.0191597 0.210539 0.0290749 0.976965
3.9 -0.169736 0.011399 0.00318077 -0.0198022 0.214956 0.0307971 0.975937
3.93333 -0.171145 0.0120872 0.00283143 -0.018576 0.218221 0.0305161 0.975245
3.96667 -0.170133 0.0109072 0.00357123 -0.0195957 0.220333 0.0301007 0.974763
4 -0.173973 0.0113419 0.00558739 -0.0198148 0.225143 0.029766 0.973669
4.03333 -0.172352 0.0118017 0.00941386 -0.019855 0.227128 0.0298523 0.973205
4.06667 -0.175231 0.0134064 0.00920453 -0.0203971 0.230146 0.0298454 0.972484
4.1 -0.176072 0.0119546 0.0095406 -0.0211526 0.232832 0.0286758 0.971864
4.13333 -0.178133 0.0135758 0.0133251 -0.0182316 0.236775 0.0304665 0.970915
4.16667 -0.180145 0.0128467 0.0149543 -0.0178786 0.240816 0.0302275 0.969935
4.2 -0.178937 0.0111187 0.0168492 -0.0180742 0.242777 0.0307054 0.969428
4.23333 -0.175285 0.00804301 0.021761 -0.0191585 0.244916 0.0310643 0.968857
4.26667 -0.184266 0.0119499 0.0230588 -0.0170502 0.25181 0.0301257 0.967157
4.3 -0.187491 0.0106872 0.0288406 -0.0181528 0.256903 0.0322486 0.965728
4.33333 -0.178579 0.00444874 0.0319217 -0.0216642 0.256089 0.0325002 0.965864
4.36667 -0.182837 0.00933724 0.02774 -0.0194352 0.260244 0.0324769 0.964801
4.4 -0.183703 0.00709586 0.0324541 -0.0209105 0.264679 0.0361843 0.963431
4.43333 -0.186961 0.00811623 0.033078 -0.0207295 0.270287 0.0366435 0.961859
4.46667 -0.181793 0.00125138 0.0398796 -0.0247708 0.273866 0.0377718 0.960706
4.5 -0.18897 0.00731822 0.0359681 -0.0206565 0.280923 0.0385058 0.958735
4.53333 -0.195632 0.0139944 0.0366745 -0.0169403 0.287599 0.0377852 0.956855
4.56667 -0.183011 0.00427958 0.0405523 -0.0215195 0.284983 0.0404994 0.957435
4.6 -0.190483 0.00549454 0.0414942 -0.0203087 0.292395 0.0413802 0.955186
4.63333 -0.190875 0.0064934 0.0439065 -0.0200804 0.296697 0.043319 0.953777
4.66667 -0.184678 -0.00456259 0.0436849 -0.0270255 0.298652 0.0449769 0.952918
4.7 -0.186643 -0.003961 0.0380167 -0.0271882 0.303105 0.0475312 0.951382
4.73333 -0.200749 -0.00238197 0.0614524 -0.0279292 0.316619 0.0477714 0.946937
4.76667 -0.200246 0.0088095 0.0514618 -0.0232416 0.318491 0.0496998 0.946337
4.8 -0.202432 0.00809195 0.0535865 -0.0231806 0.323246 0.0508627 0.944663
4.83333 -0.204968 0.00862667 0.0529645 -0.0217756 0.327299 0.0512994 0.943276
4.86667 -0.196834 0.00538226 0.0583085 -0.0231245 0.327662 0.0529154 0.943029
4.9 -0.20394 0.00426525 0.0671855 -0.0234021 0.336987 0.0537895 0.93968
4.93333 -0.202073 0.00249979 0.0682996 -0.0248436 0.339784 0.054902 0.938571
4.96667 -0.203186 0.00333463 0.0706527 -0.0249087 0.344382 0.0545734 0.936911
5 -0.218558 0.00677976 0.0819556 -0.023168 0.35616 0.0565116 0.932427
5.03333 -0.217949 0.00695846 0.0775555 -0.0234972 0.35804 0.0556359 0.931751
5.06667 -0.209165 0.00736942 0.0784071 -0.0244498 0.357059 0.0543117 0.932181
5.1 -0.208662 0.00406447 0.0795979 -0.0261168 0.360265 0.0562596 0.930786
5.13333 -0.205882 0.00295376 0.0779909 -0.0272811 0.361624 0.0578041 0.93013
5.16667 -0.205944 0.00306232 0.0786387 -0.0281653 0.364484 0.0593154 0.928892
5.2 -0.210652 0.00437953 0.0855813 -0.0284703 0.370814 0.0610217 0.926263
5.23333 -0.216056 0.00764753 0.0991539 -0.0271973 0.379139 0.0639921 0.922724
5.26667 -0.215668 0.00808301 0.0890023 -0.0263397 0.381013 0.0655086 0.92187
5.3 -0.211604 0.0072039 0.0878136 -0.0267813 0.382433 0.0655938 0.921263
5.33333 -0.213085 0.00851278 0.0930675 -0.0260342 0.387956 0.0673701 0.918844
5.36667 -0.214873 0.00916998 0.0923717 -0.0258233 0.393814 0.064944 0.916529
