1.36667 0.013945 0.00353564 -0.0124494 -0.00121923 0.0474222 0.0125655 0.998795
1.4 0.0140142 0.00359253 -0.0129179 -0.00139208 0.0509829 0.0129802 0.998614
1.43333 0.0146245 0.00387292 -0.0134935 -0.0015659 0.0542961 0.0135331 0.998432
1.46667 0.0153314 0.00345598 -0.0135765 -0.00196543 0.0577127 0.013934 0.998234
1.5 0.015824 0.00319872 -0.0140324 -0.00215584 0.0612939 0.0153361 0.998
1.53333 0.0164014 0.00241801 -0.014198 -0.00274661 0.0645852 0.0164148 0.997773
1.56667 0.0168992 0.001869 -0.014375 -0.00372601 0.0680137 0.0171527 0.99753
1.6 0.0174497 0.00178202 -0.0143472 -0.00410479 0.0715828 0.0176865 0.997269
1.63333 0.0179166 0.00258316 -0.0149843 -0.00350302 0.0749662 0.0185874 0.997007
1.66667 0.0163958 0.00168538 -0.0157373 -0.00455703 0.0790256 0.0190108 0.996681
1.7 0.0160923 0.000189245 -0.0153957 -0.00570088 0.0828202 0.0196501 0.996354
1.73333 0.0162186 0.000949453 -0.0154721 -0.00476602 0.0863636 0.0201088 0.996049
1.76667 0.0162658 0.0022843 -0.0162187 -0.00405045 0.0897767 0.0204517 0.995744
1.8 0.0162834 0.00199569 -0.0161088 -0.00475944 0.0937409 0.0212916 0.995358
1.83333 0.0165532 0.00119798 -0.0160662 -0.00521779 0.0974315 0.0218801 0.994988
1.86667 0.017078 0.0013673 -0.0163958 -0.0049661 0.100853 0.0226194 0.994632
1.9 0.0171211 0.00234233 -0.0172505 -0.00473694 0.104489 0.0234035 0.994239
1.93333 0.0184354 0.00187815 -0.0170603 -0.00569763 0.107979 0.0249495 0.993824
1.96667 0.0197765 0.00100637 -0.0173129 -0.00620624 0.111445 0.0265372 0.993397
2 0.0209386 0.00246286 -0.0182319 -0.00535942 0.115107 0.0276005 0.992955
2.03333 0.0207926 0.00328413 -0.0186872 -0.00534347 0.119581 0.0282768 0.992407
2.06667 0.0213821 0.00286826 -0.0185064 -0.00590133 0.12362 0.0293362 0.991878
2.1 0.0232958 0.00276652 -0.0186009 -0.00586197 0.126779 0.030331 0.99145
2.13333 0.0243278 0.00377876 -0.0198326 -0.0052229 0.130434 0.0307796 0.990965
2.16667 0.0244887 0.00363461 -0.0199385 -0.00587478 0.134803 0.0314083 0.990357
2.2 0.0234144 0.00511297 -0.0205614 -0.00542136 0.139113 0.0314343 0.989763
2.23333 0.0234514 0.00579027 -0.0212702 -0.00637303 0.142724 0.032476 0.989209
2.26667 0.0252576 0.00639521 -0.0212715 -0.00747205 0.14596 0.0337594 0.988686
2.3 0.0255675 0.00642803 -0.0217698 -0.0082822 0.149976 0.0347255 0.988045
2.33333 0.0265447 0.00602059 -0.0220159 -0.009176 0.153339 0.0358734 0.98748
2.36667 0.027282 0.00568517 -0.0226309 -0.0100013 0.1565 0.0370046 0.986934
2.4 0.0277836 0.00580298 -0.0229131 -0.010389 0.159859 0.0379561 0.986355
2.43333 0.0285809 0.00534106 -0.0238753 -0.0106166 0.163063 0.0391759 0.98578
2.46667 0.029613 0.00474378 -0.0246874 -0.0111022 0.166452 0.0408062 0.985142
2.5 0.0311562 0.00510088 -0.0253908 -0.0116149 0.169768 0.0420117 0.98452
2.53333 0.0324569 0.00451018 -0.0259262 -0.0123958 0.173555 0.0429997 0.983807
2.56667 0.0334289 0.00430393 -0.0261942 -0.0126315 0.177723 0.0440761 0.983012
2.6 0.0342656 0.00547795 -0.0276427 -0.0119041 0.181585 0.0443828 0.982301
2.63333 0.0354948 0.00534573 -0.028028 -0.0122175 0.185536 0.0455097 0.981507
2.66667 0.0364935 0.00526124 -0.0288518 -0.0123295 0.189444 0.0460509 0.980734
2.7 0.0380095 0.0058805 -0.0294095 -0.0125006 0.193568 0.0464507 0.979907
2.73333 0.039827 0.0062908 -0.0301583 -0.0127947 0.197632 0.0467301 0.979078
2.76667 0.0402292 0.00702031 -0.031221 -0.0133248 0.202068 0.0473892 0.978134
2.8 0.042312 0.0070861 -0.0322252 -0.0146396 0.20532 0.047754 0.977419
2.83333 0.0458074 0.00621438 -0.0323626 -0.0157921 0.208078 0.0479052 0.976811
2.86667 0.0462287 0.00506722 -0.0328479 -0.0159185 0.211783 0.0467728 0.976067
2.9 0.0473388 0.00516321 -0.0339549 -0.0155643 0.215017 0.045914 0.975406
2.93333 0.0490412 0.00448628 -0.034098 -0.0157026 0.218137 0.0454369 0.974733
2.96667 0.0500728 0.00500741 -0.0348086 -0.0148312 0.221713 0.046012 0.973913
3 0.0512176 0.00472496 -0.0353473 -0.014892 0.224902 0.0462572 0.973169
3.03333 0.0532643 0.00479546 -0.0356469 -0.0148198 0.227734 0.047483 0.972452
3.06667 0.0560771 0.00428604 -0.0356256 -0.0147178 0.230046 0.0491045 0.971829
3.1 0.0587078 0.00311129 -0.0362663 -0.0144663 0.232437 0.0501157 0.971212
3.13333 0.0618605 0.00331642 -0.0373309 -0.0135111 0.234929 0.0496684 0.970649
3.16667 0.0642924 0.00305907 -0.0381875 -0.0128789 0.238411 0.0495131 0.969816
3.2 0.066091 0.00405023 -0.0389179 -0.0120283 0.242153 0.0488862 0.968931
3.23333 0.0690091 0.00354084 -0.0400992 -0.0125926 0.244721 0.0490277 0.968271
3.26667 0.0721295 0.0039326 -0.0406655 -0.0125902 0.246901 0.0488149 0.967728
3.3 0.0747663 0.00448716 -0.0414701 -0.012165 0.24924 0.0476819 0.967191
3.33333 0.076732 0.0041921 -0.0413291 -0.012515 0.252119 0.0475281 0.966447
3.36667 0.080162 0.00351046 -0.0420573 -0.0128548 0.253637 0.0468496 0.966079
3.4 0.081728 0.0038488 -0.0427909 -0.0124752 0.255499 0.0457096 0.965648
3.43333 0.0844016 0.00283291 -0.0427075 -0.0132674 0.256556 0.0455808 0.965363
3.46667 0.0878455 0.00206062 -0.0430202 -0.0134993 0.256815 0.0453216 0.965303
3.5 0.0904074 0.00183963 -0.0432778 -0.013176 0.257694 0.044527 0.96511
3.53333 0.0921205 0.00216981 -0.0437931 -0.0128154 0.258438 0.0433768 0.964968
3.56667 0.094815 0.00356711 -0.0446086 -0.0122945 0.259054 0.0432887 0.964814
3.6 0.0973284 0.00352466 -0.0452796 -0.0122256 0.259455 0.0425428 0.96474
3.63333 0.103213 0.00351129 -0.0459986 -0.0134739 0.259677 0.0430047 0.964643
3.66667 0.10669 0.00104778 -0.0448966 -0.0151412 0.259262 0.0433121 0.964716
3.7 0.110377 0.00352333 -0.0468705 -0.0137795 0.259075 0.0439122 0.96476
3.73333 0.111029 0.00582166 -0.0478135 -0.0128704 0.260091 0.0444753 0.964473
3.76667 0.115356 0.00502647 -0.0481732 -0.0143235 0.259288 0.0443298 0.964676
3.8 0.119954 0.0058257 -0.0488291 -0.0149608 0.258969 0.0449782 0.964722
3.83333 0.122529 0.00707384 -0.0493865 -0.0153002 0.259973 0.0457182 0.964412
3.86667 0.124983 0.00746814 -0.0497897 -0.0161428 0.261531 0.0460923 0.963959
3.9 0.128661 0.00821528 -0.0504665 -0.0174628 0.262521 0.0470514 0.96362
3.93333 0.131193 0.00873258 -0.0507388 -0.0195986 0.264065 0.0483113 0.963095
3.96667 0.135912 0.0085289 -0.0499921 -0.0214221 0.264962 0.0498637 0.96273
4 0.139356 0.00874569 -0.0499096 -0.0218467 0.266246 0.0499449 0.962362
4.03333 0.142227 0.0102476 -0.0509913 -0.0214166 0.26823 0.0493047 0.961854
4.06667 0.144724 0.00964907 -0.0506058 -0.022708 0.271011 0.0485713 0.961082
4.1 0.146842 0.0113192 -0.0507716 -0.0226459 0.27416 0.0489267 0.960172
4.13333 0.147853 0.00920037 -0.0481866 -0.0231208 0.277889 0.0484473 0.959112
4.16667 0.15201 0.00825393 -0.0476718 -0.0230822 0.279968 0.0475606 0.958553
4.2 0.156502 0.00740684 -0.0471894 -0.0243054 0.281179 0.0479852 0.958147
4.23333 0.159451 0.0073982 -0.0463477 -0.0248403 0.282858 0.048402 0.957618
4.26667 0.162736 0.00731015 -0.0454296 -0.025164 0.284662 0.049145 0.957037
4.3 0.167009 0.00662531 -0.0439156 -0.0244376 0.286398 0.049858 0.9565
4.33333 0.169416 0.00680953 -0.0433789 -0.0230512 0.288498 0.0496183 0.955916
4.36667 0.171973 0.00711732 -0.042096 -0.0223265 0.29031 0.0479811 0.955468
4.4 0.176054 0.00692365 -0.041005 -0.022308 0.291306 0.0475444 0.955187
4.43333 0.179128 0.00772505 -0.0398703 -0.0212387 0.292542 0.0475669 0.954833
4.46667 0.182491 0.00750456 -0.038599 -0.0209431 0.293923 0.0457741 0.954503
4.5 0.185657 0.00651635 -0.0372834 -0.0225302 0.295653 0.0445899 0.953988
4.53333 0.190251 0.00494977 -0.0353117 -0.0232807 0.296504 0.0461516 0.953632
4.56667 0.191659 0.00373909 -0.034044 -0.0212191 0.297759 0.0452689 0.953331
4.6 0.193711 0.00362559 -0.0331561 -0.020002 0.297902 0.0433231 0.953403
4.63333 0.196915 0.00305288 -0.0313335 -0.0202492 0.297347 0.0431965 0.953577
4.66667 0.199637 0.00307615 -0.0294214 -0.0198169 0.297122 0.043623 0.953637
4.7 0.202838 0.00284777 -0.0276724 -0.0193773 0.296471 0.0434394 0.953857
4.73333 0.206691 0.00298964 -0.0259147 -0.018695 0.295687 0.0429993 0.954133
4.76667 0.209891 0.00284273 -0.0241272 -0.0180084 0.295735 0.0423251 0.954162
4.8 0.211933 0.00381494 -0.0227071 -0.0171453 0.296017 0.0409962 0.954149
4.83333 0.214553 0.00285403 -0.0207493 -0.0181566 0.295913 0.0404542 0.954185
4.86667 0.217903 0.00295905 -0.0189193 -0.0182734 0.295617 0.0407877 0.95426
4.9 0.222124 0.000757243 -0.0165532 -0.0184211 0.294504 0.0405717 0.954611
4.93333 0.224546 0.000516861 -0.0149731 -0.0175776 0.294167 0.0389006 0.9548
4.96667 0.226646 0.00137366 -0.0132173 -0.0173489 0.293681 0.0385465 0.954968
5 0.229535 0.000169742 -0.0113281 -0.0184843 0.292398 0.0397168 0.955293
5.03333 0.23171 9.07358e-06 -0.00956442 -0.0184613 0.291293 0.0405728 0.955595
5.06667 0.236782 -0.000323421 -0.00622816 -0.0184951 0.289887 0.0417821 0.95597
5.1 0.23989 -0.00163663 -0.00418884 -0.0185194 0.289204 0.0432225 0.956112
5.13333 0.242378 -0.00145701 -0.00221442 -0.0176184 0.289149 0.0430129 0.956155
5.16667 0.244327 -0.00181939 -0.000806426 -0.0173308 0.288818 0.0420137 0.956305
5.2 0.24731 -0.00212526 0.00116488 -0.0177481 0.287797 0.0407057 0.956661
5.23333 0.249557 -0.00222552 0.00351608 -0.0171466 0.287805 0.0394372 0.956723
5.26667 0.251454 -0.00255698 0.00542002 -0.016595 0.287396 0.0381892 0.956906
5.3 0.254011 -0.00347734 0.00788539 -0.016688 0.286341 0.0364902 0.957287
5.33333 0.258986 -0.0047934 0.0130435 -0.0154374 0.284536 0.0343441 0.957926
5.36667 0.260486 -0.00527609 0.0153536 -0.0144441 0.283718 0.032713 0.958241
5.4 0.262518 -0.00656014 0.0182879 -0.014178 0.282019 0.0320738 0.958768
5.43333 0.265261 -0.00693213 0.0211444 -0.013418 0.279376 0.0307566 0.959595
5.46667 0.267996 -0.00734416 0.0245459 -0.0130147 0.276976 0.0295295 0.960335
5.5 0.270634 -0.0079501 0.0275161 -0.0125497 0.274867 0.0281635 0.960988
5.53333 0.273889 -0.00885676 0.0312766 -0.0118986 0.272662 0.0265323 0.96167
5.56667 0.275845 -0.00993896 0.033908 -0.0106398 0.270436 0.024271 0.962373
5.6 0.278729 -0.0109985 0.0370729 -0.0102342 0.267506 0.0231834 0.963223
5.63333 0.28177 -0.0131032 0.041122 -0.0102857 0.264693 0.022041 0.964026
5.66667 0.284085 -0.0131862 0.0439883 -0.00916787 0.26208 0.020626 0.964782
5.7 0.287398 -0.0141209 0.0473154 -0.00927461 0.25955 0.020508 0.965467
5.73333 0.290154 -0.0153647 0.0516004 -0.00810651 0.257633 0.0201954 0.965998
5.76667 0.291872 -0.0147334 0.0547774 -0.00586631 0.255939 0.0200419 0.966467
5.8 0.295847 -0.0165365 0.0577759 -0.00651786 0.253168 0.0208527 0.967176
5.83333 0.2988 -0.0178079 0.0614649 -0.00646268 0.251075 0.0212045 0.967714
5.86667 0.301366 -0.0179867 0.0641078 -0.00475687 0.249461 0.0208742 0.968148
5.9 0.303272 -0.0183963 0.0669426 -0.00303105 0.24794 0.0187185 0.96859
5.93333 0.305104 -0.0180003 0.0695514 -0.00241122 0.246428 0.0169134 0.96901
5.96667 0.307226 -0.0198932 0.0731189 -0.00373291 0.244575 0.0167737 0.969478
6 0.309911 -0.021367 0.0769787 -0.00410054 0.241679 0.0161445 0.970213
6.03333 0.310676 -0.0216241 0.0803883 -0.00357247 0.239418 0.0158526 0.970781
6.06667 0.313375 -0.0213986 0.0835721 -0.00316699 0.235774 0.015612 0.971677
6.1 0.314843 -0.0221278 0.0869604 -0.00301862 0.232325 0.0154483 0.972511
6.13333 0.317697 -0.0225475 0.0891004 -0.0022491 0.228465 0.0146885 0.973439
6.16667 0.318914 -0.0221886 0.0912946 -0.00159656 0.225559 0.0140542 0.974127
6.2 0.320989 -0.0226984 0.0948523 -0.0021166 0.222796 0.0137084 0.974766
6.23333 0.322491 -0.023545 0.0973537 -0.00185239 0.220316 0.0127454 0.975343
6.26667 0.324422 -0.0238526 0.099887 -0.00126919 0.218049 0.0124452 0.975858
6.3 0.325763 -0.0239704 0.101916 -0.000848305 0.215767 0.0121915 0.976368
6.33333 0.327556 -0.0238606 0.104558 -0.000407319 0.213329 0.0128468 0.976896
6.36667 0.328909 -0.0245403 0.107838 -0.000276075 0.211636 0.0121138 0.977273
6.4 0.330127 -0.024903 0.110722 0.00032086 0.21034 0.0118684 0.977556
6.43333 0.332227 -0.0251179 0.116022 0.00266548 0.207814 0.0115198 0.978097
6.46667 0.3337 -0.0262294 0.119272 0.00254644 0.206286 0.0115745 0.97842
6.5 0.335689 -0.027192 0.126163 0.00365612 0.204704 0.0116154 0.978748
6.53333 0.335629 -0.0266758 0.129515 0.00453546 0.20474 0.0109285 0.978745
6.56667 0.337007 -0.0272996 0.133009 0.00403052 0.203838 0.011213 0.978932
6.6 0.33832 -0.0281581 0.136825 0.00408168 0.202805 0.0110085 0.979149
6.63333 0.338014 -0.0279921 0.140881 0.00476055 0.202878 0.0101469 0.97914
6.66667 0.338999 -0.0279185 0.144643 0.00467893 0.202672 0.0097396 0.979187
6.7 0.339801 -0.0274363 0.148761 0.00566175 0.20331 0.00952717 0.979052
6.73333 0.340073 -0.0283375 0.152862 0.00601644 0.204761 0.00918628 0.97875
6.76667 0.340024 -0.0287342 0.156878 0.00629213 0.206469 0.00904102 0.978391
6.8 0.340408 -0.0290436 0.160501 0.00599568 0.207752 0.00955925 0.978116
6.83333 0.341507 -0.0294271 0.164231 0.00554832 0.20858 0.0110823 0.977927
6.86667 0.34121 -0.0300187 0.169216 0.00508684 0.21018 0.0123126 0.977572
6.9 0.341868 -0.0312432 0.173624 0.00497122 0.210862 0.0131701 0.977414
6.93333 0.342288 -0.0329219 0.177908 0.00503015 0.211332 0.0141686 0.977299
6.96667 0.342429 -0.0339806 0.182464 0.00551817 0.211368 0.0148728 0.977278
7 0.34237 -0.034911 0.18756 0.00551348 0.211758 0.0151517 0.977189
7.03333 0.342533 -0.0353903 0.191932 0.00633023 0.212763 0.0160556 0.976951
7.06667 0.343059 -0.0362307 0.195673 0.00715396 0.213865 0.0167517 0.976693
7.1 0.342711 -0.0371066 0.20006 0.00788687 0.215737 0.0173399 0.976266
7.13333 0.342492 -0.0377767 0.20421 0.00832357 0.217316 0.0181789 0.975897
7.16667 0.342992 -0.0393233 0.208532 0.00795764 0.218365 0.0186531 0.975656
7.2 0.343402 -0.0405006 0.213065 0.00859979 0.219311 0.0180546 0.97545
7.23333 0.343011 -0.0411039 0.217147 0.0100664 0.220997 0.0173465 0.975068
7.26667 0.342702 -0.0418442 0.220992 0.0108941 0.22304 0.0165883 0.974607
7.3 0.342083 -0.0426159 0.224695 0.0114201 0.225106 0.0159026 0.974138
7.33333 0.340859 -0.0424462 0.228301 0.0116075 0.227071 0.0154929 0.973686
7.36667 0.341554 -0.0433462 0.232389 0.0107223 0.227703 0.0157804 0.973544
7.4 0.340964 -0.0435997 0.236391 0.0111963 0.228636 0.0152755 0.973328
7.43333 0.340138 -0.0435458 0.239769 0.0114114 0.229377 0.015325 0.97315
7.46667 0.339953 -0.0438336 0.243382 0.0104941 0.229516 0.0156927 0.973122
7.5 0.340139 -0.0449441 0.247423 0.0091867 0.228723 0.016231 0.973313
7.53333 0.340887 -0.0457664 0.255316 0.00858486 0.226522 0.0164299 0.97383
7.56667 0.341082 -0.0465201 0.259185 0.00884663 0.226182 0.0163121 0.973908
7.6 0.340234 -0.0471892 0.262499 0.00897322 0.226527 0.0166867 0.973821
7.63333 0.340591 -0.0479946 0.266239 0.00851456 0.225717 0.0181664 0.973986
7.66667 0.340927 -0.0488883 0.269998 0.00886238 0.224632 0.0190879 0.974216
7.7 0.340916 -0.0491686 0.276726 0.00789787 0.223728 0.0183033 0.974448
7.73333 0.341453 -0.050203 0.281029 0.00687537 0.222459 0.0176607 0.974758
7.76667 0.341811 -0.0512015 0.285376 0.00747636 0.220422 0.0165141 0.975236
7.8 0.341602 -0.0523141 0.289326 0.00877543 0.218377 0.0154688 0.975702
7.83333 0.341497 -0.0527214 0.293483 0.0108492 0.21594 0.0144426 0.976239
7.86667 0.342029 -0.052874 0.296947 0.0129545 0.213489 0.0137116 0.976763
7.9 0.34285 -0.054138 0.300434 0.013751 0.211761 0.0123407 0.977147
7.93333 0.343115 -0.0548231 0.304767 0.0144056 0.210833 0.0112998 0.977351
7.96667 0.344027 -0.0558152 0.308627 0.0144817 0.209672 0.00995114 0.977614
8 0.344076 -0.0559393 0.311914 0.0148112 0.209541 0.008985 0.977646
8.03333 0.343688 -0.0566876 0.315133 0.0134153 0.209728 0.00887448 0.977627
8.06667 0.344007 -0.0572924 0.31993 0.0111964 0.209209 0.0101372 0.977754
8.1 0.345412 -0.0584673 0.3246 0.00940573 0.207677 0.0103135 0.978098
8.13333 0.346039 -0.0598492 0.328859 0.00890124 0.206422 0.0103253 0.978368
8.16667 0.346202 -0.0602931 0.332353 0.00904443 0.205224 0.00976397 0.978624
8.2 0.347143 -0.0613367 0.336554 0.00816659 0.203891 0.00979704 0.978911
8.23333 0.347316 -0.0623866 0.340739 0.00826888 0.203019 0.00988922 0.97909
8.26667 0.347278 -0.063454 0.344121 0.00842296 0.201921 0.0105816 0.979308
8.3 0.347729 -0.063544 0.348141 0.00874939 0.200789 0.010482 0.979539
8.33333 0.348246 -0.0644358 0.352012 0.00929062 0.199881 0.0102677 0.979722
8.36667 0.348243 -0.0652247 0.355346 0.0101163 0.198418 0.00980423 0.980016
8.4 0.348421 -0.0655581 0.358871 0.0107958 0.196524 0.00985226 0.98039
8.43333 0.348788 -0.0661001 0.361889 0.0115877 0.194516 0.00951747 0.980785
8.46667 0.348881 -0.0671272 0.365299 0.01216 0.192561 0.0102634 0.981156
8.5 0.349035 -0.067788 0.368406 0.0124265 0.190528 0.0100532 0.981552
8.53333 0.348615 -0.068032 0.371249 0.0120759 0.188836 0.00886573 0.981894
8.56667 0.348377 -0.0687321 0.374801 0.0103794 0.187142 0.00731561 0.982251
8.6 0.348587 -0.0694357 0.378042 0.00899377 0.185146 0.00615829 0.982651
8.63333 0.348636 -0.0698751 0.380837 0.00831716 0.183503 0.0045346 0.982973
8.66667 0.347798 -0.0703509 0.383461 0.00676017 0.182292 0.00327232 0.983216
8.7 0.34704 -0.070741 0.386988 0.00512747 0.180772 0.00296157 0.983507
8.73333 0.347615 -0.0712824 0.390458 0.003981 0.178198 0.00301474 0.983982
8.76667 0.347289 -0.0718422 0.393846 0.00328604 0.17652 0.00307292 0.984287
8.8 0.347428 -0.072562 0.396482 0.00286781 0.173629 0.00235816 0.984804
8.83333 0.346844 -0.0725214 0.399119 0.00256119 0.171236 0.00198599 0.985225
8.86667 0.346495 -0.0726348 0.40219 0.00185278 0.169439 0.00171022 0.985538
8.9 0.346491 -0.0731487 0.405268 0.000790929 0.167786 0.00121265 0.985822
8.93333 0.346645 -0.0742114 0.408841 -0.000549479 0.16611 0.000623292 0.986107
8.96667 0.34472 -0.073336 0.411857 0.000205232 0.165769 -0.000155618 0.986165
9 0.34515 -0.0751268 0.415153 -0.00136834 0.164049 -0.000887936 0.986451
9.03333 0.344838 -0.0762402 0.4188 -0.00210983 0.162729 -0.00135661 0.986668
9.06667 0.344183 -0.0768522 0.421986 -0.00180801 0.161405 -0.00138148 0.986886
9.1 0.343422 -0.0775007 0.425078 -0.00153414 0.160447 -0.00122356 0.987043
9.13333 0.342411 -0.077511 0.429468 -0.000776167 0.159993 -0.000663475 0.987118
9.16667 0.339421 -0.0774666 0.433599 0.000885493 0.161069 -0.000353616 0.986943
9.2 0.338836 -0.0776104 0.436363 0.00128652 0.160661 0.000235682 0.987009
9.23333 0.338733 -0.0782036 0.440315 0.00137107 0.16076 0.00101715 0.986992
9.26667 0.338753 -0.0802977 0.443041 0.00122939 0.16038 0.00101439 0.987054
9.3 0.336314 -0.0794433 0.446192 0.00203047 0.161275 0.000631581 0.986907
9.33333 0.33678 -0.0806502 0.44948 0.00121683 0.160334 0.000668998 0.987062
9.36667 0.334707 -0.0813769 0.453052 0.00110827 0.161429 0.00091692 0.986883
9.4 0.333969 -0.0816404 0.455907 0.00125328 0.161653 0.0012075 0.986846
9.43333 0.332796 -0.0835975 0.459648 -0.000619926 0.162513 0.00131574 0.986705
9.46667 0.331784 -0.085335 0.463471 -0.00166366 0.162651 0.00175617 0.986681
9.5 0.331587 -0.0865245 0.46664 -0.00194541 0.161454 0.00207818 0.986876
9.53333 0.330815 -0.0867516 0.470495 -0.00110752 0.161549 0.00323606 0.986859
9.56667 0.329365 -0.0877789 0.473578 0.00172235 0.16254 0.00365255 0.986694
9.6 0.326297 -0.087889 0.476215 0.00424243 0.164559 0.0040157 0.98635
9.63333 0.325197 -0.0879445 0.47868 0.00463508 0.164175 0.00428918 0.986411
9.66667 0.324044 -0.0879176 0.481773 0.0042181 0.163916 0.00391584 0.986458
9.7 0.323375 -0.0887005 0.484811 0.00379953 0.16338 0.00364282 0.986549
9.73333 0.322695 -0.089609 0.487922 0.00354353 0.162999 0.00357076 0.986613
9.76667 0.321958 -0.0907384 0.490257 0.00269443 0.162524 0.00341866 0.986695
9.8 0.32035 -0.0900893 0.492401 0.00290345 0.162628 0.00252269 0.98668
9.83333 0.31985 -0.0898664 0.495055 0.0019764 0.161673 0.00137694 0.986841
9.86667 0.319342 -0.0901006 0.497701 0.000921295 0.16045 -0.0005088 0.987043
9.9 0.317527 -0.0901535 0.500422 -0.000551223 0.159998 -0.00270051 0.987113
9.93333 0.316753 -0.0901967 0.503697 -0.00268179 0.157953 -0.00434912 0.987433
9.96667 0.316164 -0.0902333 0.506662 -0.00436615 0.155355 -0.00533522 0.987835
10 0.315781 -0.0899406 0.509321 -0.00617686 0.15266 -0.00620376 0.98824
10.0333 0.315301 -0.0902732 0.512972 -0.00875255 0.150284 -0.00687868 0.98858
10.0667 0.31522 -0.0903647 0.516264 -0.0101175 0.147581 -0.00720627 0.988972
10.1 0.314238 -0.0901686 0.519059 -0.0113794 0.145338 -0.00775416 0.989286
10.1333 0.31405 -0.0903023 0.522238 -0.0133273 0.142205 -0.00836902 0.989712
10.1667 0.313862 -0.09087 0.525688 -0.0143808 0.139387 -0.0082648 0.990099
10.2 0.312753 -0.0913755 0.52912 -0.0153486 0.136635 -0.00839913 0.990467
10.2333 0.312014 -0.0916193 0.53241 -0.0158718 0.132853 -0.00881741 0.990969
10.2667 0.311607 -0.0918267 0.53586 -0.0159934 0.129033 -0.00979953 0.991463
10.3 0.311184 -0.0921411 0.539124 -0.0160587 0.125151 -0.0106488 0.991951
10.3333 0.310847 -0.0933975 0.542953 -0.0164944 0.1216 -0.0122472 0.992367
10.3667 0.310542 -0.0938896 0.546632 -0.0152592 0.118367 -0.0143239 0.992749
10.4 0.310278 -0.0935609 0.549307 -0.0135703 0.114994 -0.0158882 0.993146
10.4333 0.309644 -0.093933 0.552912 -0.0134995 0.111779 -0.0169315 0.993497
10.4667 0.309492 -0.0947135 0.556094 -0.0131348 0.108073 -0.0179322 0.993894
10.5 0.309021 -0.0947448 0.559012 -0.0130887 0.104933 -0.0184033 0.994223
10.5333 0.309352 -0.0947337 0.562189 -0.0137036 0.101856 -0.0182536 0.994537
10.5667 0.309421 -0.0951427 0.565043 -0.015092 0.0996477 -0.0178355 0.994748
10.6 0.309065 -0.0954131 0.568253 -0.0163677 0.0984474 -0.0173311 0.994857
10.6333 0.308457 -0.0964835 0.571888 -0.0173427 0.0970594 -0.0178398 0.994968
10.6667 0.307626 -0.0963823 0.574928 -0.0162186 0.0946103 -0.018952 0.995202
10.7 0.306661 -0.0973979 0.578432 -0.0161677 0.0912927 -0.0206583 0.995479
10.7333 0.306404 -0.0986191 0.581925 -0.0160088 0.0870266 -0.0221675 0.995831
10.7667 0.306182 -0.0991737 0.584676 -0.0149551 0.0824846 -0.0238888 0.996194
10.8 0.305643 -0.0989106 0.587118 -0.0136474 0.0783681 -0.025601 0.996502
10.8333 0.305652 -0.0995946 0.590102 -0.0143976 0.0741355 -0.0274278 0.996767
10.8667 0.305065 -0.0994705 0.592785 -0.0146951 0.0703786 -0.0292226 0.996984
10.9 0.303593 -0.101161 0.600004 -0.0154574 0.0614664 -0.0332701 0.997435
10.9333 0.302696 -0.101116 0.602715 -0.0142574 0.0564767 -0.0354929 0.997671
10.9667 0.302156 -0.101514 0.605486 -0.0133429 0.0510248 -0.0368841 0.997927
11 0.301727 -0.10143 0.608077 -0.0121409 0.0455528 -0.0379091 0.998169
11.0333 0.30146 -0.101569 0.61047 -0.0114932 0.0398517 -0.0390033 0.998378
11.0667 0.301151 -0.101776 0.612933 -0.0109105 0.0339977 -0.0399271 0.998564
11.1 0.300525 -0.102324 0.615653 -0.0104702 0.0288525 -0.0405392 0.998706
11.1333 0.300225 -0.10207 0.617829 -0.0092897 0.0236193 -0.0416937 0.998808
11.1667 0.299496 -0.103307 0.620968 -0.00964432 0.0182223 -0.0432662 0.998851
11.2 0.298466 -0.103713 0.623221 -0.0081667 0.0131946 -0.0450608 0.998864
11.2333 0.298064 -0.103322 0.625001 -0.00650331 0.00781762 -0.0468905 0.998848
11.2667 0.297102 -0.103656 0.626995 -0.00678709 0.00275852 -0.0491807 0.998763
11.3 0.296146 -0.103854 0.629513 -0.0068412 -0.00180973 -0.0514639 0.99865
11.3333 0.295307 -0.104797 0.631823 -0.0079272 -0.00668679 -0.0534772 0.998515
11.3667 0.294273 -0.10554 0.634481 -0.00895045 -0.0113726 -0.0551905 0.998371
11.4 0.292574 -0.106056 0.637338 -0.00880304 -0.0153789 -0.0568504 0.998225
11.4333 0.290847 -0.107282 0.640382 -0.00832089 -0.0198103 -0.0586652 0.998046
11.4667 0.289602 -0.107923 0.642473 -0.00640934 -0.0253825 -0.0600975 0.997849
11.5 0.288947 -0.107457 0.644155 -0.00401446 -0.0306003 -0.0612926 0.997643
11.5333 0.288102 -0.107584 0.645515 -0.00337741 -0.0346074 -0.0624018 0.997445
11.5667 0.286806 -0.107541 0.647683 -0.00413575 -0.0383089 -0.0640493 0.997203
11.6 0.285036 -0.107829 0.650263 -0.00529341 -0.0417554 -0.0659708 0.996933
11.6333 0.283194 -0.107963 0.652889 -0.00588695 -0.0456243 -0.0675236 0.996657
11.6667 0.281168 -0.108478 0.655743 -0.00567567 -0.0494418 -0.0692009 0.996361
11.7 0.279083 -0.108824 0.658231 -0.00447629 -0.0528233 -0.0706311 0.996093
11.7333 0.276745 -0.108755 0.659598 -0.00300553 -0.0560562 -0.071757 0.995841
11.7667 0.274446 -0.1078 0.661275 -0.00171089 -0.0597222 -0.0728378 0.995553
11.8 0.27214 -0.10865 0.664468 -0.00179296 -0.063965 -0.0739225 0.995209
11.8333 0.269855 -0.109086 0.666313 -0.000286229 -0.0677091 -0.074565 0.994915
11.8667 0.267657 -0.109114 0.667938 0.000874817 -0.071848 -0.075333 0.994566
11.9 0.265181 -0.109643 0.670244 0.00121755 -0.0756883 -0.0760321 0.994228
11.9333 0.26336 -0.109644 0.672174 0.00175059 -0.0789889 -0.0756413 0.994
11.9667 0.260342 -0.110667 0.674744 0.00141678 -0.0808305 -0.0759603 0.993828
12 0.254674 -0.111979 0.679131 0.00220879 -0.0852249 -0.0771359 0.993369
12.0333 0.251158 -0.113403 0.682052 0.00287578 -0.0878243 -0.0775357 0.99311
12.0667 0.245136 -0.113659 0.684795 0.00769629 -0.0928835 -0.0778097 0.992602
12.1 0.24212 -0.112987 0.685824 0.00845764 -0.093827 -0.0783383 0.992466
12.1333 0.239178 -0.113825 0.688213 0.0066975 -0.0948972 -0.0783296 0.992378
12.1667 0.236405 -0.113888 0.690176 0.00640943 -0.0966073 -0.0780906 0.992234
12.2 0.230429 -0.115718 0.695172 0.00569114 -0.0997473 -0.0782257 0.991917
12.2333 0.227164 -0.117666 0.697127 0.00604154 -0.102154 -0.0781825 0.991673
12.2667 0.223238 -0.117867 0.698472 0.00892472 -0.104045 -0.0783516 0.991441
12.3 0.220388 -0.118065 0.699292 0.0109602 -0.106817 -0.0780225 0.991152
12.3333 0.217157 -0.117071 0.699834 0.0124907 -0.108281 -0.0779098 0.990984
12.3667 0.213766 -0.117064 0.701833 0.0125383 -0.110036 -0.0784629 0.990746
12.4 0.210326 -0.118348 0.703764 0.0116161 -0.111588 -0.0793011 0.990517
12.4333 0.206725 -0.119576 0.705759 0.0109104 -0.113196 -0.080153 0.990274
12.4667 0.202407 -0.120219 0.706937 0.0112197 -0.114407 -0.081448 0.990026
12.5 0.198735 -0.119462 0.707289 0.0127257 -0.115924 -0.0822071 0.989769
12.5333 0.195519 -0.11932 0.709148 0.0125542 -0.118324 -0.0821385 0.989492
12.5667 0.187965 -0.119763 0.711708 0.0117151 -0.123463 -0.08125 0.988948
12.6 0.184659 -0.120036 0.713138 0.0114345 -0.126776 -0.0808763 0.988563
12.6333 0.181996 -0.119808 0.714199 0.0115557 -0.130094 -0.0807703 0.988139
12.6667 0.179337 -0.119369 0.715494 0.011257 -0.133145 -0.081309 0.987692
12.7 0.176479 -0.119755 0.717529 0.0108518 -0.136639 -0.0827759 0.987097
12.7333 0.172805 -0.119563 0.717837 0.0117195 -0.139191 -0.0842676 0.986604
12.7667 0.169688 -0.11969 0.718826 0.0108184 -0.143254 -0.0858943 0.985892
12.8 0.166645 -0.11995 0.720655 0.0103739 -0.14792 -0.0874055 0.985075
12.8333 0.163583 -0.120201 0.721847 0.0105984 -0.152178 -0.0883651 0.984338
12.8667 0.160848 -0.1203 0.722951 0.010588 -0.156157 -0.0888012 0.983675
12.9 0.158528 -0.120558 0.724352 0.0105063 -0.160468 -0.0899775 0.982875
12.9333 0.156341 -0.120764 0.725573 0.0104979 -0.164897 -0.0910403 0.982044
12.9667 0.153621 -0.121104 0.726893 0.010282 -0.168898 -0.092082 0.981269
13 0.150702 -0.121269 0.728009 0.0104278 -0.173207 -0.0933798 0.980393
13.0333 0.148375 -0.121359 0.729172 0.010403 -0.178218 -0.0938627 0.979449
13.0667 0.146027 -0.121541 0.730836 0.0105514 -0.183309 -0.0950567 0.978392
13.1 0.143589 -0.121479 0.731883 0.0111209 -0.187742 -0.0952091 0.97753
13.1333 0.141214 -0.121567 0.73299 0.0103684 -0.192371 -0.0954648 0.976613
13.1667 0.138819 -0.121829 0.73514 0.00950315 -0.197465 -0.0961162 0.97554
13.2 0.136289 -0.12238 0.736896 0.00970519 -0.202126 -0.0966376 0.974532
13.2333 0.134044 -0.122145 0.737821 0.0106472 -0.205834 -0.0968732 0.973722
13.2667 0.132171 -0.122274 0.740299 0.010508 -0.21033 -0.097208 0.972729
13.3 0.129237 -0.122811 0.741453 0.0109555 -0.213298 -0.0979383 0.972004
13.3333 0.12741 -0.12245 0.742648 0.0117331 -0.21773 -0.0984357 0.970962
13.3667 0.125356 -0.122201 0.744212 0.011173 -0.221623 -0.09887 0.970043
13.4 0.123197 -0.122347 0.74649 0.00996348 -0.225186 -0.0995308 0.969167
13.4333 0.121006 -0.12244 0.748587 0.00984104 -0.228577 -0.0999404 0.968332
13.4667 0.118458 -0.122293 0.750073 0.0101041 -0.231763 -0.0999609 0.96757
13.5 0.116482 -0.122164 0.751555 0.00948466 -0.235348 -0.100299 0.966676
13.5333 0.11421 -0.122478 0.754485 0.00837777 -0.2397 -0.101712 0.965468
13.5667 0.111504 -0.123202 0.756354 0.00852385 -0.243101 -0.102753 0.964506
13.6 0.109616 -0.123324 0.75792 0.00936886 -0.247018 -0.103994 0.963369
13.6333 0.107023 -0.123695 0.760261 0.00970057 -0.250479 -0.105083 0.962353
13.6667 0.105151 -0.12383 0.761733 0.0107174 -0.253773 -0.105601 0.961422
13.7 0.103017 -0.123939 0.762813 0.0104125 -0.255948 -0.106008 0.960804
13.7333 0.100944 -0.12395 0.764706 0.00909487 -0.259538 -0.106618 0.959787
13.7667 0.098658 -0.124442 0.767157 0.00789043 -0.263316 -0.108117 0.958599
13.8 0.0962514 -0.125034 0.769011 0.00755739 -0.266809 -0.109392 0.957491
13.8333 0.0939461 -0.125732 0.771283 0.0077761 -0.271105 -0.11105 0.956091
13.8667 0.091972 -0.126113 0.772685 0.00885953 -0.275115 -0.112054 0.954818
13.9 0.0901454 -0.126281 0.773936 0.00916186 -0.278683 -0.1129 0.95368
13.9333 0.086057 -0.126892 0.777072 0.00681749 -0.286557 -0.11381 0.951255
13.9667 0.0839303 -0.127417 0.779262 0.00570548 -0.292329 -0.114688 0.949399
14 0.0818231 -0.128005 0.781303 0.00550988 -0.298049 -0.115418 0.947531
14.0333 0.0799518 -0.128296 0.783063 0.00611614 -0.303933 -0.116014 0.945583
14.0667 0.078193 -0.128334 0.784751 0.00653396 -0.309938 -0.116986 0.943509
14.1 0.0764904 -0.128249 0.78652 0.00690562 -0.315153 -0.118545 0.941583
14.1333 0.0723812 -0.128904 0.789825 0.00853447 -0.324682 -0.122404 0.93783
14.1667 0.0708061 -0.129152 0.790949 0.00939989 -0.329877 -0.123705 0.935836
14.2 0.0687752 -0.129738 0.792693 0.00977193 -0.335547 -0.125578 0.933565
14.2333 0.066793 -0.130387 0.794273 0.0110868 -0.341214 -0.126923 0.931311
14.2667 0.0649946 -0.131074 0.79561 0.012888 -0.346858 -0.1281 0.929039
14.3 0.0632356 -0.131174 0.796399 0.0145611 -0.35253 -0.128741 0.926788
14.3333 0.0615428 -0.131268 0.797593 0.0152899 -0.358701 -0.129165 0.924346
14.3667 0.0598512 -0.131065 0.798802 0.0161995 -0.364404 -0.129378 0.922067
14.4 0.0579047 -0.131338 0.800362 0.0161424 -0.369868 -0.129248 0.919909
14.4333 0.0565555 -0.131734 0.801634 0.0171975 -0.375287 -0.129279 0.917688
14.4667 0.0546255 -0.132177 0.802436 0.0173819 -0.379564 -0.129723 0.915861
14.5 0.0528174 -0.131708 0.802928 0.0179509 -0.384286 -0.129373 0.913928
14.5333 0.0510075 -0.131593 0.803883 0.0176442 -0.389233 -0.130134 0.91173
14.5667 0.0486899 -0.132054 0.804958 0.0168754 -0.393804 -0.130068 0.909789
14.6 0.0469368 -0.131529 0.805712 0.0179601 -0.398549 -0.129578 0.90777
14.6333 0.045216 -0.131525 0.806502 0.0173831 -0.403258 -0.129648 0.905689
14.6667 0.0433264 -0.131453 0.8072 0.016804 -0.407566 -0.129729 0.903758
14.7 0.0413238 -0.131313 0.807713 0.0163808 -0.411726 -0.130005 0.901838
14.7333 0.0394292 -0.130822 0.808168 0.0161727 -0.415991 -0.130236 0.899849
14.7667 0.0373839 -0.131226 0.808801 0.0144681 -0.419857 -0.130842 0.897993
14.8 0.0355607 -0.131039 0.809567 0.0139906 -0.423997 -0.130577 0.896092
14.8333 0.0337823 -0.130971 0.810115 0.0132916 -0.42749 -0.130682 0.894426
14.8667 0.0317804 -0.130693 0.810691 0.0121979 -0.430917 -0.131233 0.892715
14.9 0.0297497 -0.130518 0.811894 0.0113146 -0.434818 -0.131665 0.890769
14.9333 0.027343 -0.130498 0.81251 0.0111659 -0.438313 -0.131923 0.889018
14.9667 0.0253927 -0.130127 0.812864 0.0118829 -0.441895 -0.131166 0.887346
15 0.0235408 -0.129646 0.813351 0.0121563 -0.44517 -0.130367 0.885822
15.0333 0.01879 -0.129263 0.814651 0.0102132 -0.451585 -0.130083 0.882636
15.0667 0.0166741 -0.129222 0.815543 0.0091749 -0.455367 -0.129969 0.880718
15.1 0.0142856 -0.128647 0.816362 0.00866218 -0.458153 -0.13027 0.879233
15.1333 0.0116853 -0.128747 0.817589 0.00716724 -0.461132 -0.130985 0.877581
15.1667 0.00918751 -0.128756 0.818831 0.00732955 -0.464264 -0.130826 0.875951
15.2 0.00718952 -0.128284 0.819406 0.00800607 -0.467002 -0.130367 0.874557
15.2333 0.00480748 -0.128137 0.820219 0.0079491 -0.469874 -0.129558 0.873138
15.2667 0.00221953 -0.128268 0.820857 0.00695226 -0.473073 -0.127783 0.87168
15.3 -0.000147293 -0.127773 0.821364 0.00678023 -0.476292 -0.126497 0.870114
15.3333 -0.00229742 -0.127405 0.821914 0.00561173 -0.478912 -0.125651 0.868806
15.3667 -0.00499989 -0.127074 0.822914 0.00380042 -0.481222 -0.125279 0.867592
15.4 -0.00777256 -0.12685 0.824201 0.00278308 -0.484256 -0.124826 0.865972
15.4333 -0.00984623 -0.127028 0.824473 0.00109182 -0.486647 -0.123839 0.864776
15.4667 -0.0120682 -0.126321 0.82459 0.000155868 -0.488779 -0.123974 0.863554
15.5 -0.0143678 -0.125802 0.825364 -0.00107469 -0.491865 -0.124233 0.861762
15.5333 -0.0167408 -0.125464 0.82647 -0.00210604 -0.494776 -0.12402 0.860123
15.5667 -0.0188782 -0.125592 0.826677 -0.00362993 -0.497154 -0.124199 0.85872
15.6 -0.0206937 -0.12524 0.826556 -0.00468885 -0.499103 -0.124775 0.8575
15.6333 -0.0229784 -0.125288 0.82723 -0.00745269 -0.50142 -0.124409 0.85618
15.6667 -0.0249987 -0.124829 0.827246 -0.00844007 -0.503399 -0.124034 0.855063
15.7 -0.0301351 -0.12344 0.827803 -0.0151147 -0.50955 -0.124089 0.851312
15.7333 -0.0318384 -0.123033 0.828268 -0.0165526 -0.511957 -0.124248 0.849817
15.7667 -0.0325536 -0.122173 0.827692 -0.016477 -0.513731 -0.124929 0.848647
15.8 -0.0332315 -0.121534 0.827695 -0.0187816 -0.515364 -0.125646 0.847502
15.8333 -0.0346291 -0.121212 0.828374 -0.0220399 -0.517351 -0.126046 0.846153
15.8667 -0.0363973 -0.12025 0.828188 -0.0256604 -0.520672 -0.12759 0.843779
15.9 -0.037176 -0.119456 0.827957 -0.0284286 -0.522432 -0.129083 0.842374
15.9333 -0.0394725 -0.118652 0.830178 -0.0321508 -0.52841 -0.129846 0.838385
15.9667 -0.0396589 -0.118659 0.830377 -0.0325567 -0.531236 -0.130507 0.836478
16 -0.0397259 -0.118459 0.83013 -0.034131 -0.533497 -0.1318 0.834772
16.0333 -0.040238 -0.11813 0.830393 -0.0357208 -0.536132 -0.13347 0.83275
16.0667 -0.0405364 -0.118263 0.830682 -0.0374067 -0.538896 -0.13529 0.830595
16.1 -0.0408601 -0.117819 0.831127 -0.0387666 -0.541496 -0.137036 0.828553
16.1333 -0.0407222 -0.117609 0.831588 -0.039476 -0.545308 -0.138309 0.825803
16.1667 -0.0405924 -0.117636 0.831595 -0.0414004 -0.548805 -0.140568 0.823006
16.2 -0.0409788 -0.117611 0.832701 -0.0437161 -0.55292 -0.141937 0.819892
16.2333 -0.0407768 -0.117569 0.833534 -0.0448504 -0.557562 -0.143192 0.816461
16.2667 -0.0408491 -0.117301 0.834328 -0.0455698 -0.561929 -0.145001 0.813101
16.3 -0.041678 -0.117491 0.836331 -0.0460992 -0.566627 -0.146176 0.809593
16.3333 -0.0413053 -0.117757 0.836742 -0.045495 -0.570406 -0.147344 0.806757
16.3667 -0.0411855 -0.117952 0.837944 -0.045728 -0.57435 -0.148972 0.80364
16.4 -0.0409064 -0.118177 0.839278 -0.0461823 -0.578287 -0.149898 0.800614
16.4333 -0.0401294 -0.118655 0.839305 -0.0473412 -0.58152 -0.151429 0.797912
16.4667 -0.0404947 -0.118708 0.841125 -0.0489818 -0.585754 -0.153839 0.794246
16.5 -0.0409061 -0.118715 0.843367 -0.048878 -0.590222 -0.155733 0.790567
16.5333 -0.0410186 -0.118965 0.844955 -0.0475495 -0.594253 -0.157514 0.787269
16.5667 -0.0406112 -0.119369 0.845456 -0.0458612 -0.597662 -0.159245 0.784434
16.6 -0.0403623 -0.119496 0.846489 -0.0453194 -0.601389 -0.160683 0.781318
16.6333 -0.0404213 -0.119439 0.84821 -0.0448847 -0.605939 -0.160929 0.777769
16.6667 -0.0402494 -0.119821 0.849182 -0.0447327 -0.610132 -0.16076 0.774528
16.7 -0.0399704 -0.120051 0.849872 -0.0445035 -0.614711 -0.161092 0.770843
16.7333 -0.0398602 -0.120239 0.851024 -0.0445155 -0.619786 -0.161782 0.766623
16.7667 -0.040396 -0.120414 0.852506 -0.0446308 -0.625075 -0.162205 0.76222
16.8 -0.0404887 -0.120559 0.853603 -0.0440403 -0.630467 -0.162084 0.757826
16.8333 -0.0407352 -0.120919 0.854495 -0.0434882 -0.635919 -0.162348 0.753233
16.8667 -0.0405956 -0.120948 0.85527 -0.0424714 -0.641173 -0.162837 0.748717
16.9 -0.0408311 -0.120839 0.85632 -0.0416394 -0.646413 -0.16303 0.744203
16.9333 -0.0414938 -0.120694 0.85748 -0.0400948 -0.651644 -0.162801 0.739762
16.9667 -0.0414931 -0.120554 0.858434 -0.0375949 -0.656726 -0.162429 0.735469
17 -0.0412721 -0.120754 0.858338 -0.0356817 -0.660768 -0.164024 0.731579
17.0333 -0.0417063 -0.120554 0.859109 -0.034412 -0.66503 -0.165663 0.727397
17.0667 -0.0423951 -0.120672 0.859884 -0.0330056 -0.66917 -0.166896 0.723373
17.1 -0.0424962 -0.120971 0.859625 -0.0319046 -0.672469 -0.168532 0.719975
17.1333 -0.0431812 -0.120878 0.860567 -0.0315367 -0.676449 -0.169344 0.716062
17.1667 -0.0435456 -0.120817 0.860648 -0.0314583 -0.679973 -0.169712 0.712633
17.2 -0.0440811 -0.120804 0.860572 -0.031491 -0.683452 -0.169855 0.70926
17.2333 -0.0444465 -0.120628 0.860268 -0.031895 -0.686891 -0.16959 0.705976
17.2667 -0.0450781 -0.12031 0.860419 -0.0325192 -0.690421 -0.169551 0.702505
17.3 -0.0460972 -0.120142 0.860649 -0.0332198 -0.693995 -0.169542 0.698944
17.3333 -0.0467616 -0.119905 0.860502 -0.0336494 -0.697228 -0.169097 0.695807
17.3667 -0.0475242 -0.119885 0.860276 -0.033426 -0.70063 -0.169081 0.692396
17.4 -0.0485313 -0.119435 0.860228 -0.0319989 -0.704182 -0.168533 0.688985
17.4333 -0.0486108 -0.119451 0.858253 -0.0300888 -0.70638 -0.169777 0.686512
17.4667 -0.0492245 -0.118971 0.858132 -0.0291376 -0.709049 -0.171692 0.683317
17.5 -0.0502956 -0.118133 0.857996 -0.0283549 -0.711511 -0.171906 0.680733
17.5333 -0.0513027 -0.118167 0.85691 -0.0271925 -0.714078 -0.171997 0.678064
17.5667 -0.0522552 -0.118254 0.855499 -0.0266208 -0.71646 -0.173057 0.675299
17.6 -0.0537981 -0.117423 0.855445 -0.0254409 -0.719683 -0.173293 0.671848
17.6333 -0.0552449 -0.116784 0.855204 -0.0234754 -0.722983 -0.172827 0.668488
17.6667 -0.056199 -0.117274 0.853254 -0.0225216 -0.724674 -0.17326 0.666574
17.7 -0.0574641 -0.117155 0.852253 -0.0224371 -0.726668 -0.173718 0.664283
17.7333 -0.0590908 -0.116897 0.851389 -0.0219583 -0.728959 -0.174508 0.661577
17.7667 -0.0603357 -0.116657 0.850521 -0.0213431 -0.731161 -0.17524 0.658968
17.8 -0.061692 -0.115726 0.850007 -0.0202732 -0.733527 -0.175681 0.656249
17.8333 -0.0636358 -0.115179 0.850018 -0.0192552 -0.736552 -0.175289 0.652989
17.8667 -0.0650413 -0.115273 0.848646 -0.0183942 -0.738539 -0.174885 0.650874
17.9 -0.066545 -0.115293 0.847115 -0.0174489 -0.740301 -0.174839 0.648907
17.9333 -0.0682266 -0.115578 0.84542 -0.01731 -0.741749 -0.174811 0.647263
17.9667 -0.0696678 -0.115013 0.845133 -0.0168871 -0.74417 -0.174381 0.644606
18 -0.0714279 -0.114765 0.844357 -0.0165157 -0.746685 -0.174216 0.641746
18.0333 -0.0733271 -0.114569 0.843679 -0.0162127 -0.74969 -0.173445 0.63845
18.0667 -0.0748677 -0.113636 0.843131 -0.0148155 -0.753209 -0.17151 0.634856
18.1 -0.0763473 -0.112935 0.84211 -0.0127137 -0.756633 -0.169624 0.631326
18.1333 -0.0788573 -0.111272 0.83854 -0.00639017 -0.761463 -0.16498 0.626829
18.1667 -0.0806379 -0.112336 0.836197 -0.0052313 -0.762638 -0.164506 0.625535
18.2 -0.0823025 -0.112191 0.83408 -0.00400204 -0.763482 -0.164014 0.624642
18.2333 -0.0838122 -0.11131 0.832551 -0.00170433 -0.764993 -0.16223 0.623269
18.2667 -0.0857806 -0.112722 0.830079 -0.000736125 -0.765966 -0.162215 0.622078
18.3 -0.0875086 -0.113631 0.8284 -0.000119768 -0.767528 -0.163526 0.619807
18.3333 -0.0886983 -0.110982 0.827162 0.00256011 -0.76931 -0.161708 0.618067
18.3667 -0.0901621 -0.110467 0.825051 0.00516114 -0.770796 -0.160085 0.61662
18.4 -0.0920733 -0.112291 0.821568 0.00594466 -0.771376 -0.160591 0.615755
18.4333 -0.0935806 -0.112872 0.819519 0.00581352 -0.772504 -0.161152 0.614194
18.4667 -0.0951074 -0.112157 0.817813 0.00647209 -0.774137 -0.161013 0.612164
18.5 -0.0963318 -0.112396 0.815929 0.00771362 -0.775848 -0.161117 0.609953
18.5333 -0.0974799 -0.111711 0.814348 0.00925315 -0.777619 -0.160719 0.607776
18.5667 -0.0990959 -0.112652 0.811824 0.0103651 -0.77902 -0.161827 0.605666
18.6 -0.100242 -0.112249 0.809625 0.01183 -0.780522 -0.161788 0.603713
18.6333 -0.101413 -0.111648 0.807539 0.013424 -0.782214 -0.161526 0.601557
18.6667 -0.102339 -0.111156 0.804575 0.015353 -0.783915 -0.161222 0.599374
18.7 -0.103447 -0.11103 0.802074 0.0157 -0.785736 -0.161118 0.597003
18.7333 -0.104668 -0.109516 0.800801 0.0167372 -0.788355 -0.160073 0.593796
18.7667 -0.105627 -0.108787 0.798643 0.0179427 -0.790335 -0.158981 0.591417
18.8 -0.106738 -0.109093 0.796192 0.0189763 -0.792256 -0.159378 0.588701
18.8333 -0.109284 -0.110014 0.790989 0.0196329 -0.796011 -0.161708 0.58295
18.8667 -0.110435 -0.108729 0.788697 0.0196371 -0.798158 -0.161317 0.580116
18.9 -0.111599 -0.108339 0.7864 0.0204486 -0.80028 -0.161902 0.576994
18.9333 -0.112709 -0.109117 0.783511 0.0202622 -0.802098 -0.163078 0.574137
18.9667 -0.113946 -0.109007 0.780827 0.0206989 -0.804295 -0.163747 0.570849
19 -0.115031 -0.107659 0.77905 0.0208909 -0.806826 -0.162638 0.567578
19.0333 -0.115929 -0.106422 0.776714 0.0206186 -0.808811 -0.161728 0.565017
19.0667 -0.116892 -0.108233 0.773635 0.0194972 -0.81033 -0.163476 0.56237
19.1 -0.118255 -0.10789 0.771472 0.0181123 -0.812342 -0.164767 0.559128
19.1333 -0.119805 -0.107538 0.768889 0.0181747 -0.81467 -0.16578 0.555427
19.1667 -0.120645 -0.106729 0.766213 0.018894 -0.816976 -0.165747 0.552015
19.2 -0.121854 -0.105071 0.764205 0.0190944 -0.819667 -0.164785 0.548295
19.2333 -0.12333 -0.104227 0.761613 0.0205132 -0.822002 -0.164216 0.544908
19.2667 -0.124031 -0.104426 0.758767 0.0215704 -0.823563 -0.163489 0.542724
19.3 -0.124429 -0.103994 0.755638 0.0207371 -0.824944 -0.162496 0.540955
19.3333 -0.124762 -0.103974 0.753004 0.0193699 -0.826924 -0.162673 0.537922
19.3667 -0.126509 -0.103948 0.750619 0.0177785 -0.829431 -0.164815 0.533446
19.4 -0.129026 -0.102001 0.748479 0.0190673 -0.832583 -0.165353 0.528299
19.4333 -0.129745 -0.101982 0.74594 0.020009 -0.834891 -0.166011 0.524401
19.4667 -0.13092 -0.101833 0.743485 0.0197465 -0.83713 -0.167605 0.52032
19.5 -0.133102 -0.100998 0.740899 0.0191426 -0.839752 -0.168382 0.515847
19.5333 -0.134277 -0.100532 0.738732 0.0181557 -0.842308 -0.168771 0.511569
19.5667 -0.135787 -0.100383 0.736497 0.0174224 -0.844859 -0.170167 0.506905
19.6 -0.138228 -0.0996803 0.734088 0.0169422 -0.847515 -0.171549 0.501998
19.6333 -0.140421 -0.0985894 0.73143 0.017361 -0.849756 -0.172388 0.497891
19.6667 -0.142528 -0.0978026 0.728748 0.0178971 -0.85165 -0.173198 0.494342
19.7 -0.144732 -0.0970539 0.726191 0.0183044 -0.853604 -0.173404 0.490874
19.7333 -0.146905 -0.096952 0.72329 0.0181351 -0.855552 -0.173662 0.487385
19.7667 -0.14897 -0.0970419 0.720497 0.0175489 -0.857746 -0.174284 0.483311
19.8 -0.151531 -0.096101 0.717913 0.0187466 -0.860662 -0.174617 0.477931
19.8333 -0.154611 -0.0946845 0.715181 0.0210247 -0.863567 -0.174062 0.472771
19.8667 -0.157117 -0.0937238 0.712259 0.0240676 -0.865836 -0.173037 0.468836
19.9 -0.158409 -0.0938546 0.709346 0.0253585 -0.867185 -0.17276 0.466371
19.9333 -0.161484 -0.0935624 0.706481 0.0258175 -0.869336 -0.173311 0.462117
19.9667 -0.164398 -0.0934094 0.703289 0.0256634 -0.87181 -0.173432 0.457394
20 -0.166525 -0.0929121 0.700508 0.0248953 -0.874296 -0.173111 0.452791
20.0333 -0.169186 -0.0925513 0.697473 0.0238966 -0.876688 -0.173478 0.448054
20.0667 -0.174869 -0.0918906 0.691261 0.0226546 -0.881324 -0.173416 0.438956
20.1 -0.178101 -0.0915919 0.688387 0.0222918 -0.883651 -0.174467 0.433849
20.1333 -0.18219 -0.0906968 0.685154 0.023516 -0.886622 -0.174307 0.427744
20.1667 -0.184382 -0.0905912 0.68213 0.0249895 -0.889425 -0.173316 0.422208
20.2 -0.186176 -0.0904805 0.679034 0.0261534 -0.891589 -0.173242 0.41758
20.2333 -0.188561 -0.0899671 0.675884 0.0270694 -0.893412 -0.173564 0.41347
20.2667 -0.191379 -0.0894223 0.672567 0.0277549 -0.895213 -0.173779 0.409419
20.3 -0.194218 -0.0892218 0.669597 0.0281904 -0.89726 -0.173726 0.404905
20.3333 -0.195969 -0.0889352 0.666605 0.0287862 -0.89928 -0.17335 0.400521
20.3667 -0.197618 -0.0886742 0.663475 0.0288448 -0.901063 -0.17404 0.396187
20.4 -0.199909 -0.088162 0.660337 0.0286911 -0.902869 -0.175009 0.391633
20.4333 -0.202394 -0.087929 0.657006 0.0278699 -0.904633 -0.175894 0.387201
20.4667 -0.204693 -0.0876402 0.654167 0.0279788 -0.906748 -0.176535 0.381917
20.5 -0.206638 -0.0874442 0.65098 0.0280812 -0.908593 -0.1773 0.37714
20.5333 -0.209149 -0.0871535 0.647499 0.0273793 -0.910331 -0.177708 0.372784
20.5667 -0.211572 -0.0869824 0.644162 0.0274709 -0.912122 -0.177279 0.36858
20.6 -0.213077 -0.0869292 0.640981 0.0279722 -0.913696 -0.176709 0.364899
20.6333 -0.214188 -0.0870149 0.638211 0.02715 -0.915088 -0.176843 0.361391
20.6667 -0.218357 -0.0866017 0.631175 0.0256785 -0.91841 -0.177744 0.35252
20.7 -0.219866 -0.0861895 0.628116 0.0253584 -0.919996 -0.178264 0.348119
20.7333 -0.222263 -0.0853869 0.624528 0.0253484 -0.921567 -0.178423 0.343856
20.7667 -0.224087 -0.0849326 0.621177 0.0259113 -0.922839 -0.17856 0.340313
20.8 -0.226012 -0.0843975 0.61779 0.0265655 -0.923868 -0.178825 0.337318
20.8333 -0.22787 -0.0840122 0.613912 0.026439 -0.924714 -0.179106 0.334851
20.8667 -0.230264 -0.0837537 0.609955 0.0267359 -0.925663 -0.179335 0.332072
20.9 -0.231983 -0.0833372 0.606316 0.0274711 -0.926568 -0.178609 0.329873
20.9333 -0.233788 -0.0827043 0.602643 0.027891 -0.927371 -0.177891 0.327962
20.9667 -0.236084 -0.0824956 0.598061 0.0283637 -0.928007 -0.177387 0.326392
21 -0.237541 -0.082165 0.594447 0.0284989 -0.92865 -0.175837 0.325391
21.0333 -0.238562 -0.081779 0.590789 0.0286631 -0.92883 -0.175589 0.324995
21.0667 -0.240881 -0.0812839 0.586077 0.0275208 -0.929068 -0.17539 0.324521
21.1 -0.243008 -0.0806717 0.581684 0.0277525 -0.929445 -0.174295 0.324011
21.1333 -0.244002 -0.0801774 0.578015 0.0283012 -0.92952 -0.173397 0.324231
21.1667 -0.244174 -0.0798886 0.574952 0.0286987 -0.929135 -0.174601 0.324651
21.2 -0.247314 -0.0793987 0.569742 0.0266999 -0.928839 -0.177253 0.324232
21.2333 -0.25041 -0.0794325 0.564516 0.0260661 -0.929301 -0.176827 0.323191
21.2667 -0.250288 -0.07948 0.561087 0.0260596 -0.929806 -0.175167 0.322642
21.3 -0.25178 -0.0792155 0.556861 0.025328 -0.930278 -0.174667 0.321611
21.3333 -0.253097 -0.0788531 0.552329 0.0250432 -0.930703 -0.173662 0.320946
21.3667 -0.253825 -0.0785302 0.548328 0.0251239 -0.931105 -0.173081 0.320087
21.4 -0.254827 -0.0780056 0.543957 0.0254517 -0.931393 -0.173304 0.319102
21.4333 -0.255631 -0.0773241 0.539845 0.0268858 -0.931769 -0.173665 0.317685
21.4667 -0.256765 -0.0766049 0.535762 0.027211 -0.932214 -0.174314 0.315994
21.5 -0.258524 -0.0761754 0.531247 0.0275974 -0.932844 -0.174681 0.313889
21.5333 -0.259391 -0.0758472 0.526855 0.0281417 -0.933516 -0.174401 0.311994
21.5667 -0.260117 -0.0757106 0.522675 0.0287089 -0.934228 -0.173903 0.310084
21.6 -0.260183 -0.0751564 0.519383 0.0289559 -0.934978 -0.173682 0.307916
21.6333 -0.261557 -0.0745371 0.515075 0.0283331 -0.935709 -0.174576 0.305235
21.6667 -0.262887 -0.0737676 0.51072 0.0287148 -0.936871 -0.174549 0.301631
21.7 -0.263628 -0.0729404 0.507051 0.029842 -0.93792 -0.174738 0.298132
21.7333 -0.264266 -0.0723072 0.503016 0.0303269 -0.93862 -0.175838 0.295217
21.7667 -0.265754 -0.0712151 0.498605 0.0306457 -0.939658 -0.176617 0.291392
21.8 -0.266785 -0.0702043 0.494673 0.031382 -0.940749 -0.177133 0.287455
21.8333 -0.267817 -0.0689327 0.490749 0.0321601 -0.941774 -0.177533 0.283743
21.8667 -0.269168 -0.0679694 0.486744 0.0322363 -0.94261 -0.178482 0.28034
21.9 -0.271012 -0.066846 0.482463 0.0327162 -0.943466 -0.178819 0.277173
21.9333 -0.271599 -0.0658615 0.479051 0.033541 -0.944252 -0.178698 0.274462
21.9667 -0.273007 -0.0651473 0.474855 0.0335201 -0.944986 -0.179405 0.271463
22 -0.273987 -0.0642173 0.470872 0.0333664 -0.945826 -0.179328 0.268592
22.0333 -0.275256 -0.0635059 0.466703 0.032825 -0.946503 -0.180157 0.265704
22.0667 -0.277029 -0.0628713 0.46222 0.0322918 -0.94722 -0.180903 0.26269
22.1 -0.278705 -0.0624818 0.457417 0.0318963 -0.948019 -0.181075 0.259721
22.1333 -0.280055 -0.061675 0.453064 0.0323575 -0.948939 -0.180387 0.256764
22.1667 -0.282695 -0.0609852 0.444123 0.0319831 -0.950166 -0.182414 0.250772
22.2 -0.284332 -0.0609371 0.439073 0.0323892 -0.950987 -0.182505 0.24752
22.2333 -0.285429 -0.0607589 0.434767 0.0318178 -0.951843 -0.181935 0.244709
22.2667 -0.28719 -0.0605092 0.429823 0.0310568 -0.952711 -0.181197 0.241961
22.3 -0.288192 -0.0605018 0.425371 0.0302581 -0.953616 -0.179765 0.239553
22.3333 -0.289138 -0.0608159 0.420825 0.0288277 -0.954367 -0.179515 0.236911
22.3667 -0.290939 -0.0602248 0.416025 0.0276201 -0.955388 -0.179041 0.233271
22.4 -0.292469 -0.0594997 0.411484 0.0278622 -0.956444 -0.178356 0.229406
22.4333 -0.293813 -0.0587093 0.4068 0.0293719 -0.957307 -0.177914 0.225935
22.4667 -0.293954 -0.0580275 0.402685 0.0306032 -0.957957 -0.177928 0.222989
22.5 -0.29441 -0.0572044 0.398262 0.0311921 -0.958665 -0.179077 0.218907
22.5333 -0.295575 -0.0567451 0.393475 0.0312427 -0.959533 -0.180491 0.213875
22.5667 -0.29676 -0.0563602 0.389013 0.0319792 -0.960568 -0.181149 0.208496
22.6 -0.297587 -0.0560774 0.385249 0.0329654 -0.961592 -0.181347 0.20339
22.6333 -0.298392 -0.0555636 0.381303 0.0346753 -0.962509 -0.181687 0.198405
22.6667 -0.299346 -0.0552756 0.377859 0.0357414 -0.963273 -0.182274 0.193917
22.7 -0.300296 -0.0550995 0.374047 0.0359743 -0.963792 -0.183486 0.190114
22.7333 -0.301408 -0.0550201 0.369872 0.0355287 -0.96423 -0.184456 0.187013
22.7667 -0.303261 -0.0548941 0.365489 0.0349317 -0.964897 -0.184407 0.183707
22.8 -0.303298 -0.0541234 0.362272 0.036995 -0.965444 -0.183749 0.181069
22.8333 -0.303223 -0.0539789 0.358812 0.0373227 -0.965531 -0.18533 0.178913
22.8667 -0.30537 -0.0535764 0.35392 0.0371043 -0.965817 -0.187192 0.175445
22.9 -0.306668 -0.0527978 0.349824 0.0383934 -0.966371 -0.187028 0.172262
22.9333 -0.30718 -0.0526991 0.346467 0.0393564 -0.966651 -0.187648 0.169777
22.9667 -0.30895 -0.0523702 0.341634 0.0396371 -0.967009 -0.188201 0.167044
23 -0.309071 -0.0521986 0.337877 0.0404276 -0.967512 -0.18742 0.164804
23.0333 -0.309651 -0.0516801 0.333999 0.0401255 -0.967875 -0.187532 0.162605
23.0667 -0.310431 -0.0508204 0.329469 0.0394543 -0.968183 -0.187574 0.160878
23.1 -0.31095 -0.0505232 0.325114 0.0383336 -0.968546 -0.186973 0.159659
23.1333 -0.311392 -0.04972 0.320859 0.0379602 -0.968904 -0.185974 0.15874
23.1667 -0.312202 -0.0485754 0.316305 0.0371634 -0.969185 -0.184895 0.158471
23.2 -0.312994 -0.0478816 0.311608 0.036681 -0.969321 -0.18422 0.158536
23.2333 -0.314185 -0.0452055 0.302228 0.0378218 -0.969678 -0.182899 0.157613
23.2667 -0.313938 -0.0439316 0.298466 0.0390809 -0.969455 -0.183779 0.157652
23.3 -0.315029 -0.0444408 0.29303 0.038289 -0.968994 -0.18631 0.157714
23.3333 -0.315229 -0.0449685 0.287471 0.03729 -0.968945 -0.186178 0.158405
23.3667 -0.314448 -0.0442913 0.283 0.036942 -0.969263 -0.184362 0.158667
23.4 -0.314412 -0.0444485 0.278392 0.0348446 -0.969401 -0.184149 0.158545
23.4333 -0.315461 -0.0436106 0.272804 0.0339795 -0.969713 -0.183218 0.157904
23.4667 -0.315013 -0.0424032 0.268166 0.0333413 -0.970086 -0.181285 0.157981
23.5 -0.314839 -0.0410083 0.263387 0.0338699 -0.97027 -0.180825 0.157262
23.5333 -0.314868 -0.0397174 0.258744 0.035015 -0.970338 -0.181407 0.155915
23.5667 -0.314735 -0.0391528 0.253329 0.0359084 -0.970274 -0.182774 0.154508
23.6 -0.315594 -0.0397207 0.247505 0.0366604 -0.970353 -0.183982 0.152385
23.6333 -0.315654 -0.0388019 0.242541 0.0386802 -0.970715 -0.182751 0.151057
23.6667 -0.314691 -0.0384194 0.238701 0.040305 -0.970857 -0.182415 0.150125
23.7 -0.315204 -0.0380715 0.234498 0.0414185 -0.970907 -0.183216 0.148515
23.7333 -0.314892 -0.0373129 0.230565 0.0423278 -0.971089 -0.182981 0.147348
23.7667 -0.313982 -0.0360056 0.226254 0.0431378 -0.971105 -0.183518 0.146342
23.8 -0.31417 -0.0359605 0.222225 0.0425502 -0.970993 -0.1853 0.145006
23.8333 -0.314619 -0.0365157 0.216818 0.0422029 -0.970963 -0.186648 0.143571
23.8667 -0.314634 -0.0363057 0.212104 0.0428978 -0.971392 -0.186122 0.141121
23.9 -0.314032 -0.0346671 0.20891 0.0450888 -0.971885 -0.185126 0.138329
23.9333 -0.314126 -0.0343296 0.205731 0.0460105 -0.972032 -0.185934 0.135888
23.9667 -0.315027 -0.0339614 0.201061 0.0462412 -0.972186 -0.186893 0.133369
24 -0.31555 -0.0336876 0.197024 0.0461284 -0.972524 -0.187188 0.130496
24.0333 -0.315078 -0.0341424 0.193026 0.0451893 -0.97276 -0.187732 0.128267
24.0667 -0.316979 -0.0348295 0.188242 0.043809 -0.9732 -0.188252 0.124595
24.1 -0.319043 -0.0345398 0.183897 0.043226 -0.973952 -0.186901 0.120903
24.1333 -0.320074 -0.0347357 0.18051 0.0425455 -0.974603 -0.185489 0.118039
24.1667 -0.321558 -0.0349153 0.176041 0.0414358 -0.975059 -0.184856 0.115633
24.2 -0.322401 -0.0342257 0.171212 0.0411292 -0.975697 -0.183015 0.113268
24.2333 -0.325831 -0.0338746 0.163847 0.0396291 -0.976642 -0.182131 0.106902
24.2667 -0.329448 -0.0336388 0.158605 0.0400285 -0.977268 -0.180641 0.103504
24.3 -0.330863 -0.0311632 0.155602 0.0428599 -0.978024 -0.17712 0.101298
24.3333 -0.331703 -0.0311146 0.15235 0.0449941 -0.978137 -0.176849 0.0997356
24.3667 -0.334665 -0.0319796 0.146918 0.0456256 -0.978327 -0.176938 0.0974001
24.4 -0.336657 -0.032564 0.14278 0.0469131 -0.978751 -0.175354 0.0953734
24.4333 -0.337957 -0.0334618 0.138854 0.047475 -0.979076 -0.174026 0.0941887
24.4667 -0.340946 -0.0349048 0.134148 0.0473006 -0.979473 -0.17296 0.0920881
24.5 -0.342324 -0.0347348 0.130681 0.0489114 -0.980089 -0.169793 0.0905685
24.5333 -0.343401 -0.034593 0.127388 0.0503396 -0.98044 -0.167855 0.0896052
24.5667 -0.345227 -0.0361593 0.122757 0.0511483 -0.980559 -0.167509 0.0884746
24.6 -0.346874 -0.0365633 0.118876 0.0524114 -0.981138 -0.16461 0.0867421
24.6333 -0.346836 -0.0360704 0.116868 0.0538723 -0.981663 -0.16165 0.085465
24.6667 -0.347414 -0.0360065 0.114333 0.0541568 -0.981911 -0.160705 0.0842082
24.7 -0.348056 -0.036146 0.110678 0.0541343 -0.982161 -0.159966 0.0827091
24.7333 -0.348968 -0.0364862 0.10637 0.0537431 -0.982528 -0.158965 0.0805067
24.7667 -0.349945 -0.0373081 0.103092 0.0529193 -0.982919 -0.15813 0.0778827
24.8 -0.352027 -0.037691 0.0998564 0.0528859 -0.983393 -0.156652 0.074846
24.8333 -0.353066 -0.038029 0.0975533 0.0530863 -0.9839 -0.154151 0.0732136
24.8667 -0.354888 -0.0383713 0.09449 0.052789 -0.984422 -0.151737 0.0714366
24.9 -0.352925 -0.0397206 0.0925705 0.0536283 -0.984776 -0.149264 0.071137
24.9333 -0.352366 -0.0369409 0.0917071 0.0535677 -0.985247 -0.147003 0.0693471
24.9667 -0.353845 -0.0368286 0.0886541 0.0529948 -0.985355 -0.14773 0.0666526
25 -0.354739 -0.0377877 0.0849746 0.0521011 -0.985587 -0.14752 0.0643548
25.0333 -0.355111 -0.0391638 0.0837456 0.0524168 -0.985898 -0.146418 0.0618076
25.0667 -0.355814 -0.0375379 0.081732 0.0528982 -0.986246 -0.144755 0.0597133
25.1 -0.357537 -0.0388461 0.077827 0.0528422 -0.986399 -0.144696 0.057331
25.1333 -0.357105 -0.0382302 0.0765051 0.0541382 -0.986795 -0.142142 0.0556782
25.1667 -0.355806 -0.0362125 0.0752559 0.0546084 -0.987107 -0.140287 0.0543832
25.2 -0.356544 -0.0360012 0.0723796 0.0543273 -0.987209 -0.140534 0.0521226
25.2333 -0.357218 -0.0356667 0.0696516 0.0541993 -0.987453 -0.139681 0.049883
25.2667 -0.357955 -0.0358778 0.0673155 0.0539074 -0.987675 -0.138882 0.0480053
25.3 -0.358302 -0.036828 0.0635505 0.0541667 -0.9878 -0.138351 0.0466545
25.3333 -0.356803 -0.036049 0.061708 0.0547958 -0.988123 -0.136009 0.0459589
25.3667 -0.356651 -0.0351038 0.0599261 0.0554573 -0.988389 -0.134575 0.0436008
25.4 -0.357517 -0.0350895 0.0577854 0.0557655 -0.988589 -0.133826 0.0408955
25.4333 -0.35766 -0.0348273 0.0545749 0.0566775 -0.98883 -0.132337 0.0386066
25.4667 -0.357198 -0.0347479 0.0516511 0.0567957 -0.989009 -0.131309 0.0373255
25.5 -0.35707 -0.0336712 0.0485612 0.0571659 -0.989232 -0.129871 0.0358463
25.5333 -0.354486 -0.0334023 0.047784 0.0581693 -0.989279 -0.129262 0.0351374
25.5667 -0.354383 -0.0332377 0.0441569 0.0578072 -0.989326 -0.129439 0.0337283
25.6 -0.35459 -0.0324695 0.0399604 0.0582953 -0.9895 -0.128439 0.0315427
25.6333 -0.351908 -0.0303185 0.0396246 0.0598972 -0.989648 -0.126797 0.0305115
25.6667 -0.351675 -0.0295557 0.0368654 0.0597375 -0.989646 -0.127436 0.0281558
25.7 -0.35169 -0.0289673 0.0338566 0.0597729 -0.989671 -0.127838 0.0252291
25.7333 -0.349339 -0.0274089 0.0321241 0.0600787 -0.989705 -0.127811 0.0232235
25.7667 -0.347173 -0.0269421 0.0296819 0.0599141 -0.989581 -0.129286 0.020619
25.8 -0.347713 -0.0271296 0.0258888 0.0591511 -0.989482 -0.131012 0.0162242
25.8333 -0.348133 -0.0267268 0.0234464 0.0591382 -0.989473 -0.131508 0.0123344
25.8667 -0.348482 -0.0265087 0.0213318 0.0592046 -0.989459 -0.131838 0.00915643
25.9 -0.34692 -0.0262015 0.0183442 0.0593213 -0.989379 -0.132505 0.00721094
25.9333 -0.347443 -0.0262779 0.0153236 0.0591575 -0.989299 -0.13332 0.00373516
25.9667 -0.347312 -0.0274608 0.0120977 0.058875 -0.989129 -0.134745 0.000836207
26 -0.346448 -0.0295618 0.00911536 0.0578213 -0.989041 -0.135841 -0.00167495
26.0333 -0.344785 -0.0298728 0.00650435 0.0572628 -0.98916 -0.135152 -0.00416335
26.0667 -0.343344 -0.029169 0.00385324 0.0567371 -0.989283 -0.134345 -0.00717389
26.1 -0.341921 -0.029104 0.00203075 0.0556009 -0.989318 -0.134352 -0.0104378
26.1333 -0.341459 -0.0287996 -0.000955264 0.0540122 -0.989392 -0.134108 -0.0141511
26.1667 -0.341766 -0.0283215 -0.00314636 0.0533871 -0.989484 -0.133168 -0.0183783
26.2 -0.339998 -0.026984 -0.0043557 0.0542306 -0.989508 -0.132201 -0.0213388
26.2333 -0.338678 -0.0256067 -0.00522318 0.0547185 -0.989487 -0.131598 -0.0245437
26.2667 -0.337852 -0.0255073 -0.00720518 0.0547459 -0.989383 -0.131677 -0.0280299
26.3 -0.337428 -0.0257511 -0.00990169 0.0541814 -0.989286 -0.131786 -0.0317791
26.3333 -0.336509 -0.0253981 -0.0110772 0.0530812 -0.989284 -0.13138 -0.0352083
26.3667 -0.336645 -0.026011 -0.013532 0.0510905 -0.989236 -0.131518 -0.0387938
26.4 -0.336701 -0.0252171 -0.015634 0.0498799 -0.989325 -0.130375 -0.0418342
26.4333 -0.336049 -0.0239942 -0.016055 0.049189 -0.989357 -0.129632 -0.0441328
26.4667 -0.336179 -0.0243031 -0.0185555 0.0482649 -0.989232 -0.130144 -0.0464054
26.5 -0.33649 -0.0240045 -0.0202812 0.0478329 -0.989258 -0.129217 -0.0488244
26.5333 -0.335546 -0.0234004 -0.0212265 0.0476862 -0.989252 -0.128637 -0.0505913
26.5667 -0.334798 -0.0231486 -0.0229615 0.04729 -0.989173 -0.128554 -0.052669
26.6 -0.335072 -0.0223109 -0.0240833 0.0461301 -0.989123 -0.128257 -0.0552957
26.6333 -0.33587 -0.0242862 -0.0273109 0.0448825 -0.988882 -0.129382 -0.0579565
26.6667 -0.336688 -0.0220734 -0.0294701 0.04513 -0.988987 -0.127306 -0.0605014
26.7 -0.334581 -0.018171 -0.0279635 0.0462439 -0.989094 -0.125409 -0.0618627
26.7333 -0.334728 -0.0178495 -0.0297485 0.0466342 -0.988657 -0.127405 -0.0644319
26.7667 -0.335293 -0.0182138 -0.0327322 0.0468599 -0.988254 -0.12905 -0.0671139
26.8 -0.335214 -0.0171428 -0.0335931 0.0472012 -0.988058 -0.129266 -0.069308
26.8333 -0.335304 -0.0157554 -0.0352473 0.0482668 -0.98775 -0.130166 -0.0712473
26.8667 -0.333682 -0.0168028 -0.0417025 0.0490343 -0.986907 -0.132928 -0.0770711
26.9 -0.333521 -0.0173377 -0.043801 0.0493044 -0.986437 -0.133971 -0.081014
26.9333 -0.33415 -0.0195911 -0.0473731 0.04898 -0.985788 -0.135533 -0.0863336
26.9667 -0.335618 -0.0192655 -0.0502572 0.0482095 -0.985411 -0.134729 -0.0921344
27 -0.335824 -0.0177927 -0.0515433 0.048911 -0.985017 -0.133328 -0.0978393
27.0333 -0.337013 -0.0154309 -0.0537708 0.0497322 -0.984508 -0.132224 -0.103862
27.0667 -0.335918 -0.0126618 -0.0537494 0.0511214 -0.984026 -0.131251 -0.108869
27.1 -0.336179 -0.0164463 -0.0585824 0.0508895 -0.982952 -0.134787 -0.114232
27.1333 -0.338151 -0.0204172 -0.0649871 0.0500929 -0.982035 -0.136391 -0.120395
27.1667 -0.339047 -0.0169157 -0.0656503 0.0502107 -0.981879 -0.132333 -0.126019
27.2 -0.339335 -0.0156037 -0.067368 0.0497135 -0.981371 -0.131599 -0.130846
27.2333 -0.340569 -0.0156762 -0.0704154 0.0492175 -0.980672 -0.131668 -0.136103
27.2667 -0.342275 -0.0145783 -0.0733686 0.0484754 -0.980158 -0.130628 -0.140984
27.3 -0.342997 -0.0121773 -0.0750471 0.0485245 -0.979792 -0.129273 -0.144711
27.3333 -0.342786 -0.0123903 -0.0774437 0.0489654 -0.979216 -0.129768 -0.147981
27.3667 -0.343917 -0.0128608 -0.0806537 0.0493538 -0.978529 -0.130308 -0.15187
27.4 -0.344923 -0.012129 -0.0832478 0.0495309 -0.978056 -0.129653 -0.155382
27.4333 -0.345426 -0.0123802 -0.0855471 0.0502474 -0.977333 -0.129814 -0.15951
27.4667 -0.346886 -0.0128791 -0.0893521 0.0504 -0.97655 -0.129657 -0.164317
27.5 -0.346905 -0.0106851 -0.0906111 0.0512411 -0.976099 -0.127906 -0.168061
27.5333 -0.346165 -0.0110203 -0.0924365 0.0517513 -0.975479 -0.128201 -0.171252
27.5667 -0.347678 -0.0101997 -0.0960257 0.052506 -0.974751 -0.127849 -0.175383
27.6 -0.347374 -0.00688275 -0.0963309 0.0531378 -0.9744 -0.125994 -0.178457
27.6333 -0.346956 -0.00738124 -0.0988574 0.0532631 -0.973493 -0.127864 -0.182001
27.6667 -0.349537 -0.00965118 -0.103427 0.052507 -0.972223 -0.130161 -0.187306
27.7 -0.350351 -0.00783498 -0.105473 0.0531516 -0.971542 -0.128672 -0.191639
27.7333 -0.348768 -0.00650631 -0.105664 0.05414 -0.971068 -0.128141 -0.194102
27.7667 -0.348419 -0.00632481 -0.108412 0.054649 -0.970147 -0.129364 -0.19772
27.8 -0.349787 -0.0062045 -0.111462 0.0538651 -0.96909 -0.13046 -0.202342
27.8333 -0.350079 -0.00589649 -0.114312 0.0539205 -0.968071 -0.130949 -0.206841
27.8667 -0.350333 -0.00616572 -0.117672 0.0536138 -0.967031 -0.131699 -0.211263
27.9 -0.350161 -0.00562635 -0.120053 0.0535019 -0.966136 -0.131747 -0.215317
27.9333 -0.349882 -0.00463266 -0.122349 0.0530246 -0.965275 -0.131556 -0.219374
27.9667 -0.348434 -0.00522934 -0.125927 0.0534336 -0.964364 -0.13251 -0.222684
28 -0.345946 -0.00284676 -0.127227 0.05373 -0.963868 -0.131308 -0.225455
28.0333 -0.344361 -0.00164041 -0.129156 0.053925 -0.963073 -0.131532 -0.22865
28.0667 -0.344286 -0.00194512 -0.133038 0.053989 -0.96179 -0.133588 -0.232809
28.1 -0.340488 -0.000959861 -0.137947 0.0548484 -0.959852 -0.135269 -0.239538
28.1333 -0.338435 -0.00122122 -0.140323 0.0547052 -0.959097 -0.136345 -0.241971
28.1667 -0.34 -0.000677424 -0.145958 0.0545306 -0.957787 -0.137294 -0.246619
28.2 -0.340458 -0.00178677 -0.150191 0.0540342 -0.956687 -0.137969 -0.25059
28.2333 -0.338296 -0.00163474 -0.153843 0.0530597 -0.956205 -0.136402 -0.253478
28.2667 -0.334864 -0.00187219 -0.156401 0.0528434 -0.955875 -0.135215 -0.255395
28.3 -0.33482 -0.000769662 -0.159995 0.0517782 -0.955288 -0.134516 -0.258164
28.3333 -0.33138 0.000534922 -0.162825 0.0515108 -0.955183 -0.133968 -0.258892
28.3667 -0.328934 0.0011595 -0.165876 0.051027 -0.954846 -0.134062 -0.260176
28.4 -0.327448 0.00185967 -0.169223 0.0518854 -0.954418 -0.134035 -0.261591
28.4333 -0.325287 0.000960023 -0.172581 0.052695 -0.953911 -0.13431 -0.26313
28.4667 -0.324289 0.000989533 -0.175654 0.0531324 -0.95328 -0.13369 -0.265634
28.5 -0.322415 0.00231837 -0.178192 0.0531137 -0.953012 -0.133052 -0.266918
28.5333 -0.319746 0.00268918 -0.180725 0.0534501 -0.952541 -0.133699 -0.268203
28.5667 -0.319366 0.00322167 -0.184143 0.0527497 -0.951558 -0.133623 -0.271846
28.6 -0.317551 0.00392263 -0.186139 0.0526143 -0.950756 -0.133499 -0.274722
28.6333 -0.316004 0.00342111 -0.189609 0.0529795 -0.949602 -0.134599 -0.278086
28.6667 -0.314339 0.00359559 -0.19297 0.0528938 -0.948715 -0.134569 -0.281128
28.7 -0.311806 0.00499677 -0.19464 0.0525315 -0.948161 -0.133609 -0.283512
28.7333 -0.31015 0.00563665 -0.197237 0.0524755 -0.947327 -0.133319 -0.286433
28.7667 -0.308014 0.00539096 -0.19995 0.0527073 -0.946468 -0.133252 -0.289248
28.8 -0.306534 0.00467543 -0.203113 0.0533387 -0.945335 -0.132932 -0.29296
28.8333 -0.304925 0.00649513 -0.205718 0.0531617 -0.944323 -0.131273 -0.296976
28.8667 -0.303812 0.0105446 -0.206435 0.0522484 -0.9434 -0.129664 -0.300757
28.9 -0.302349 0.0118107 -0.212473 0.0517668 -0.940095 -0.131439 -0.310266
28.9333 -0.299968 0.012314 -0.214597 0.0515126 -0.938616 -0.132161 -0.314453
28.9667 -0.29924 0.0124401 -0.21757 0.051531 -0.936818 -0.132888 -0.319465
29 -0.297435 0.0129245 -0.220712 0.0518183 -0.935357 -0.13345 -0.323441
29.0333 -0.294512 0.0147746 -0.221302 0.0520205 -0.934714 -0.133097 -0.325406
29.0667 -0.294255 0.0151557 -0.224628 0.0519702 -0.933199 -0.134573 -0.329134
29.1 -0.291265 0.0134583 -0.227751 0.0530795 -0.931996 -0.136415 -0.331597
29.1333 -0.291126 0.0130095 -0.231006 0.0536459 -0.930599 -0.137105 -0.335128
29.1667 -0.289061 0.0118495 -0.233949 0.0546197 -0.929346 -0.137693 -0.338192
29.2 -0.287335 0.0122213 -0.236497 0.0546111 -0.928387 -0.137261 -0.340992
29.2333 -0.283976 0.013493 -0.237565 0.0544511 -0.927923 -0.136845 -0.342444
29.2667 -0.282495 0.0148137 -0.239087 0.0543733 -0.927116 -0.136947 -0.344594
29.3 -0.281406 0.0134991 -0.243043 0.054989 -0.925554 -0.138556 -0.348034
29.3333 -0.278469 0.0141925 -0.24539 0.0548418 -0.924694 -0.13832 -0.35043
29.3667 -0.276644 0.015355 -0.247037 0.0543221 -0.923747 -0.137976 -0.353134
29.4 -0.274066 0.0153985 -0.250031 0.0538489 -0.922525 -0.138253 -0.356278
29.4333 -0.273409 0.0157058 -0.253569 0.053341 -0.921057 -0.138067 -0.360204
29.4667 -0.270359 0.0157921 -0.255491 0.0530875 -0.920174 -0.137513 -0.362701
29.5 -0.267746 0.0187865 -0.25683 0.0521439 -0.919565 -0.13559 -0.365099
29.5333 -0.267397 0.0215804 -0.258951 0.0516493 -0.918382 -0.134436 -0.368556
29.5667 -0.266426 0.0220504 -0.262783 0.0518971 -0.916797 -0.134833 -0.372304
29.6 -0.264596 0.0235145 -0.265021 0.0513278 -0.915689 -0.134338 -0.375278
29.6333 -0.262876 0.0244704 -0.267407 0.0510902 -0.914408 -0.135069 -0.378159
29.6667 -0.261259 0.0241363 -0.270686 0.0515824 -0.912783 -0.136639 -0.381439
29.7 -0.258989 0.0237229 -0.275052 0.0517381 -0.911026 -0.138006 -0.38511
29.7333 -0.257464 0.0236899 -0.278197 0.0520661 -0.909319 -0.138269 -0.388985
29.7667 -0.254974 0.0247937 -0.280175 0.0524245 -0.907795 -0.138042 -0.392561
29.8 -0.251984 0.0241418 -0.282747 0.0539958 -0.905948 -0.13879 -0.396334
29.8333 -0.249785 0.0237072 -0.286426 0.0548706 -0.903903 -0.139343 -0.400665
29.8667 -0.247806 0.0230759 -0.289233 0.0551272 -0.901757 -0.139099 -0.40552
29.9 -0.244905 0.0204291 -0.293083 0.056722 -0.899181 -0.138996 -0.411019
29.9333 -0.242107 0.0203466 -0.295605 0.05707 -0.89716 -0.137221 -0.415954
29.9667 -0.239401 0.0210157 -0.298068 0.0571973 -0.894768 -0.135164 -0.421723
30 -0.236162 0.0233072 -0.299406 0.0564128 -0.892393 -0.133011 -0.427504
30.0333 -0.234823 0.0262162 -0.300953 0.0559195 -0.889603 -0.131826 -0.433708
30.0667 -0.232715 0.0260871 -0.305759 0.0569816 -0.885752 -0.132118 -0.441296
30.1 -0.230412 0.0273909 -0.308127 0.0570129 -0.882471 -0.131145 -0.448103
30.1333 -0.225876 0.0277248 -0.306709 0.0583999 -0.880084 -0.130894 -0.452667
30.1667 -0.217363 0.0281854 -0.316107 0.0596332 -0.87024 -0.130217 -0.471348
30.2 -0.214848 0.0290356 -0.318868 0.0584958 -0.867396 -0.130265 -0.47669
30.2333 -0.212376 0.0307883 -0.320527 0.0569938 -0.864611 -0.129732 -0.482048
30.2667 -0.210787 0.0304718 -0.322716 0.0572664 -0.861096 -0.130642 -0.488023
30.3 -0.207035 0.0295349 -0.324394 0.0583738 -0.858111 -0.130818 -0.493077
30.3333 -0.203915 0.0297753 -0.324624 0.0590807 -0.855583 -0.12974 -0.497649
30.3667 -0.20213 0.030648 -0.325361 0.0597495 -0.852897 -0.128854 -0.502387
30.4 -0.199456 0.0303718 -0.327328 0.0609094 -0.850092 -0.128883 -0.506975
30.4333 -0.196611 0.0307921 -0.329274 0.0617572 -0.847449 -0.12828 -0.511429
30.4667 -0.194408 0.0319144 -0.330709 0.0617352 -0.845111 -0.127576 -0.515461
30.5 -0.191303 0.0320188 -0.331214 0.0624323 -0.843198 -0.127573 -0.518503
30.5333 -0.188174 0.0311933 -0.333062 0.0630616 -0.84089 -0.128312 -0.521981
30.5667 -0.185771 0.0329949 -0.334213 0.0623305 -0.838905 -0.127632 -0.525418
30.6 -0.183556 0.0344932 -0.335613 0.0612857 -0.836887 -0.128069 -0.528643
30.6333 -0.181119 0.0337112 -0.33644 0.0614087 -0.834777 -0.128589 -0.531828
30.6667 -0.179113 0.0333155 -0.338686 0.0608254 -0.832541 -0.128243 -0.535472
30.7 -0.174929 0.0321535 -0.338956 0.0609175 -0.83124 -0.127308 -0.5377
30.7333 -0.170817 0.0337232 -0.340346 0.0601083 -0.82996 -0.125573 -0.540171
30.7667 -0.168135 0.0349804 -0.340758 0.0599432 -0.828649 -0.125033 -0.542323
30.8 -0.164386 0.0333404 -0.343092 0.0613831 -0.826401 -0.12593 -0.545376
30.8333 -0.160859 0.0334775 -0.344251 0.0615292 -0.824409 -0.124386 -0.548719
30.8667 -0.154795 0.0328944 -0.346699 0.062985 -0.819938 -0.12296 -0.555531
30.9 -0.150294 0.0324462 -0.347422 0.0631569 -0.818158 -0.121907 -0.558361
30.9333 -0.147443 0.0342873 -0.348394 0.0617026 -0.816074 -0.120647 -0.561837
30.9667 -0.144152 0.035048 -0.349716 0.0607876 -0.813601 -0.120724 -0.565495
31 -0.140319 0.0350318 -0.350759 0.0610391 -0.811021 -0.120592 -0.56919
31.0333 -0.137776 0.0361872 -0.352461 0.060441 -0.80854 -0.120189 -0.572856
31.0667 -0.133512 0.035604 -0.352566 0.0613878 -0.8066 -0.119924 -0.57554
31.1 -0.12985 0.0349129 -0.353996 0.0621918 -0.804536 -0.119001 -0.578526
31.1333 -0.125833 0.0346 -0.355793 0.0630303 -0.802386 -0.117784 -0.581662
31.1667 -0.121845 0.0341845 -0.356172 0.0633436 -0.800326 -0.116714 -0.584673
31.2 -0.117993 0.0350243 -0.355613 0.06319 -0.798477 -0.115625 -0.587429
31.2333 -0.113912 0.035631 -0.355879 0.0630167 -0.796374 -0.11476 -0.590464
31.2667 -0.111198 0.0366611 -0.356559 0.0623872 -0.79396 -0.114355 -0.59385
31.3 -0.106961 0.035627 -0.357725 0.0626426 -0.790993 -0.114692 -0.597705
31.3333 -0.102757 0.0350126 -0.357686 0.0624286 -0.788673 -0.11419 -0.600881
31.3667 -0.0997083 0.0356803 -0.357978 0.0612023 -0.786246 -0.113743 -0.604263
31.4 -0.0970726 0.0367131 -0.359204 0.0603873 -0.783287 -0.113495 -0.608222
31.4333 -0.0929121 0.0365405 -0.359221 0.0603932 -0.780605 -0.113092 -0.611734
31.4667 -0.0897664 0.037476 -0.359274 0.0601805 -0.778115 -0.11239 -0.615047
31.5 -0.0859043 0.0379879 -0.358327 0.0607904 -0.775992 -0.11238 -0.617666
31.5333 -0.0826866 0.0379398 -0.358839 0.060989 -0.773044 -0.113039 -0.621213
31.5667 -0.079292 0.0390065 -0.359974 0.0617288 -0.769762 -0.113938 -0.62504
31.6 -0.0757831 0.0398476 -0.360218 0.0622984 -0.76655 -0.114725 -0.628776
31.6333 -0.0722722 0.0400211 -0.361497 0.0630321 -0.762917 -0.115562 -0.632953
31.6667 -0.0687099 0.040051 -0.362074 0.0634492 -0.759702 -0.115937 -0.636699
31.7 -0.0653304 0.0405567 -0.362456 0.0637102 -0.756604 -0.116139 -0.640315
31.7333 -0.0617816 0.0416626 -0.363246 0.0638536 -0.753534 -0.116585 -0.64383
31.7667 -0.0581645 0.0416801 -0.363449 0.0647494 -0.750789 -0.117413 -0.646791
31.8 -0.0545661 0.0425351 -0.363889 0.0654479 -0.748301 -0.117616 -0.64956
31.8333 -0.051183 0.0420174 -0.364621 0.0658442 -0.74544 -0.118678 -0.652609
31.8667 -0.0473882 0.0418788 -0.365661 0.0655616 -0.742165 -0.119028 -0.656297
31.9 -0.0433988 0.0421908 -0.366804 0.0648785 -0.739179 -0.11853 -0.659815
31.9333 -0.0398901 0.0426546 -0.36802 0.0637873 -0.73632 -0.118038 -0.663197
31.9667 -0.0360696 0.0418005 -0.36874 0.0641048 -0.733159 -0.11817 -0.666636
32 -0.0311293 0.0401761 -0.369164 0.0641293 -0.729991 -0.117372 -0.670243
32.0333 -0.0282947 0.0426778 -0.369136 0.0620853 -0.727496 -0.114156 -0.673693
32.0667 -0.0248962 0.0433959 -0.369175 0.0624843 -0.724658 -0.112839 -0.67693
32.1 -0.0206553 0.0441474 -0.36967 0.0636721 -0.721673 -0.111441 -0.680232
32.1333 -0.0167653 0.0449783 -0.369715 0.0646781 -0.719236 -0.110112 -0.682929
32.1667 -0.0131628 0.0459864 -0.370802 0.0653906 -0.71618 -0.10919 -0.686213
32.2 -0.00982574 0.0465863 -0.371157 0.06482 -0.712679 -0.109336 -0.689879
32.2333 -0.00585367 0.047294 -0.371405 0.0643213 -0.708941 -0.109953 -0.693669
32.2667 -0.00235231 0.0479073 -0.37233 0.0633439 -0.70489 -0.110246 -0.697828
32.3 0.00120649 0.0479592 -0.372369 0.0631738 -0.701385 -0.109969 -0.701409
32.3333 0.00404003 0.0485565 -0.373705 0.062468 -0.697696 -0.109887 -0.705155
32.3667 0.00781245 0.0486804 -0.374388 0.0628591 -0.694054 -0.109352 -0.708788
32.4 0.0112404 0.048581 -0.374886 0.0635568 -0.690747 -0.107821 -0.712183
32.4333 0.0150943 0.048892 -0.375313 0.0645588 -0.688029 -0.105172 -0.715113
32.4667 0.0180245 0.0497857 -0.375059 0.0648963 -0.685531 -0.102618 -0.717847
32.5 0.0211332 0.0500829 -0.374732 0.065839 -0.682408 -0.101479 -0.720893
32.5333 0.0245382 0.0508789 -0.37486 0.066733 -0.679053 -0.100578 -0.724098
32.5667 0.0283255 0.0509811 -0.375104 0.0676982 -0.675303 -0.100285 -0.727548
32.6 0.0315963 0.0515949 -0.374021 0.0677074 -0.671774 -0.100142 -0.730826
32.6333 0.0346686 0.0520689 -0.374886 0.0681148 -0.666657 -0.101365 -0.735291
32.6667 0.0387831 0.0524651 -0.375469 0.0693894 -0.66144 -0.101896 -0.739797
32.7 0.0432299 0.0518189 -0.375346 0.0697754 -0.656965 -0.101439 -0.7438
32.7333 0.0452044 0.0520844 -0.374699 0.0691496 -0.653042 -0.100628 -0.747414
32.7667 0.0487929 0.0526501 -0.374649 0.0700794 -0.648576 -0.100742 -0.751192
32.8 0.0529091 0.0523133 -0.374761 0.0708561 -0.643832 -0.100743 -0.755189
32.8333 0.0558347 0.0534487 -0.374564 0.0703922 -0.639423 -0.0999382 -0.759076
32.8667 0.0585991 0.053819 -0.373278 0.0707289 -0.63577 -0.0999243 -0.762108
32.9 0.0620631 0.0540342 -0.373574 0.0715945 -0.631734 -0.100299 -0.765328
32.9333 0.0657583 0.0541941 -0.373181 0.0722034 -0.628137 -0.100404 -0.768212
32.9667 0.0687942 0.0546573 -0.37284 0.0719701 -0.624763 -0.100488 -0.770969
33 0.07215 0.0548133 -0.372673 0.071988 -0.621604 -0.100379 -0.773531
33.0333 0.0758523 0.0538277 -0.371307 0.072571 -0.619459 -0.099887 -0.775259
33.0667 0.0789831 0.0533624 -0.370094 0.0727351 -0.617215 -0.0988454 -0.777165
33.1 0.0823785 0.0526475 -0.369561 0.0725557 -0.614905 -0.0971068 -0.779229
33.1333 0.085622 0.0526639 -0.368471 0.071998 -0.612816 -0.0952097 -0.781158
33.1667 0.0885278 0.0531134 -0.367137 0.0714847 -0.610902 -0.0933921 -0.782922
33.2 0.0918662 0.0525794 -0.366438 0.0724405 -0.608683 -0.0927481 -0.784637
33.2333 0.0957348 0.0516 -0.364785 0.0738999 -0.606505 -0.0921333 -0.786259
33.2667 0.0990115 0.0520066 -0.363771 0.0753723 -0.604006 -0.0912505 -0.788143
33.3 0.103286 0.0514248 -0.364485 0.0775269 -0.601074 -0.0908917 -0.790214
33.3333 0.106525 0.0507303 -0.363224 0.0772447 -0.598929 -0.0898283 -0.79199
33.3667 0.109714 0.0519192 -0.363066 0.0768053 -0.595693 -0.0889797 -0.794565
33.4 0.113239 0.0517278 -0.361674 0.0779805 -0.592526 -0.0886972 -0.796847
33.4333 0.117379 0.0507389 -0.361256 0.0792431 -0.589115 -0.0880272 -0.799322
33.4667 0.120507 0.050442 -0.36035 0.0793611 -0.58633 -0.0864046 -0.801532
33.5 0.123532 0.0516813 -0.361098 0.0794075 -0.583016 -0.0851604 -0.804074
33.5333 0.127106 0.0517739 -0.360017 0.0798924 -0.580667 -0.084361 -0.805808
33.5667 0.130346 0.0512028 -0.362439 0.0801073 -0.577115 -0.0831263 -0.808462
33.6 0.133179 0.0511695 -0.362432 0.0798009 -0.574323 -0.0819233 -0.8106
33.6333 0.136253 0.0511299 -0.359774 0.0800532 -0.572033 -0.0809347 -0.812292
33.6667 0.139669 0.0505118 -0.357694 0.0800974 -0.568954 -0.0800705 -0.814533
33.7 0.142488 0.0501482 -0.357595 0.0796766 -0.565163 -0.0790793 -0.817306
33.7333 0.145058 0.0522646 -0.357057 0.0786684 -0.561667 -0.0787321 -0.819843
33.7667 0.148512 0.0509029 -0.354582 0.0790228 -0.559141 -0.0794159 -0.821468
33.8 0.151083 0.0528462 -0.353883 0.077806 -0.555879 -0.0789959 -0.823835
33.8333 0.153951 0.0525831 -0.353666 0.0766944 -0.552038 -0.0796542 -0.826454
33.8667 0.156387 0.055726 -0.353612 0.0747085 -0.548078 -0.0789137 -0.829338
33.9 0.159113 0.0544154 -0.35224 0.0753873 -0.54535 -0.0800385 -0.830966
33.9333 0.162019 0.0537987 -0.34968 0.076329 -0.542759 -0.0803473 -0.832544
33.9667 0.164413 0.0546287 -0.347961 0.0772881 -0.540015 -0.0797001 -0.834301
34 0.167135 0.0543291 -0.345622 0.0782811 -0.536975 -0.079772 -0.836161
34.0333 0.170114 0.0547915 -0.344592 0.0784493 -0.533977 -0.0790936 -0.838128
34.0667 0.172614 0.0541379 -0.342284 0.0787091 -0.531583 -0.0790194 -0.839631
34.1 0.175116 0.0514435 -0.340041 0.0796408 -0.528766 -0.0800319 -0.841225
34.1333 0.178255 0.0520987 -0.339054 0.080303 -0.525259 -0.080119 -0.843348
34.1667 0.181478 0.0516714 -0.336556 0.0805291 -0.522052 -0.0793664 -0.845386
34.2 0.183438 0.0517802 -0.334643 0.0804273 -0.519435 -0.078162 -0.847118
34.2333 0.186357 0.0523758 -0.33423 0.0807484 -0.51521 -0.078212 -0.84966
34.2667 0.189865 0.0516075 -0.330861 0.0818229 -0.511376 -0.0781355 -0.851877
34.3 0.193468 0.052375 -0.331862 0.0801073 -0.505979 -0.0768339 -0.855374
34.3333 0.195917 0.0526581 -0.329819 0.0794663 -0.50179 -0.0755406 -0.858013
34.3667 0.198635 0.052222 -0.327492 0.0801246 -0.497751 -0.0741814 -0.860419
34.4 0.201254 0.0531211 -0.324975 0.0813372 -0.494134 -0.0724957 -0.862531
34.4333 0.205143 0.0517315 -0.324006 0.083706 -0.489911 -0.0714596 -0.864797
34.4667 0.208644 0.0510145 -0.321823 0.0846126 -0.486516 -0.0697159 -0.866765
34.5 0.211794 0.0518909 -0.322993 0.0842489 -0.482893 -0.0671823 -0.869024
34.5333 0.213834 0.0526086 -0.321584 0.0845321 -0.479672 -0.0660844 -0.870863
34.5667 0.216304 0.0515311 -0.318403 0.0868856 -0.475544 -0.0667633 -0.872841
34.6 0.219281 0.0510805 -0.315618 0.0886205 -0.471556 -0.0668361 -0.874822
34.6333 0.222916 0.0495624 -0.3151 0.0898721 -0.46671 -0.0667695 -0.877295
34.6667 0.225338 0.0506471 -0.313572 0.0895441 -0.462696 -0.0655822 -0.879542
34.7 0.22813 0.0500544 -0.313522 0.089015 -0.457561 -0.06514 -0.88231
34.7333 0.232227 0.0476634 -0.311766 0.0901585 -0.452326 -0.064281 -0.884952
34.7667 0.234366 0.0469572 -0.310111 0.0889881 -0.448289 -0.06185 -0.887295
34.8 0.238522 0.0501654 -0.308315 0.088037 -0.440842 -0.0560657 -0.891496
34.8333 0.241764 0.0493014 -0.307925 0.0890415 -0.436459 -0.0536629 -0.893698
34.8667 0.242858 0.0494103 -0.304511 0.0891991 -0.433287 -0.0516692 -0.895342
34.9 0.245228 0.0477514 -0.303436 0.0900591 -0.42811 -0.051238 -0.897767
34.9333 0.249036 0.0484013 -0.302793 0.0907758 -0.422552 -0.0499877 -0.900395
34.9667 0.250748 0.0479737 -0.300523 0.0902617 -0.417881 -0.0491476 -0.90267
35 0.252642 0.0495166 -0.299513 0.0891111 -0.412985 -0.0480957 -0.905091
35.0333 0.255451 0.0501138 -0.29864 0.0886743 -0.407629 -0.0474295 -0.907594
35.0667 0.257853 0.0473289 -0.296513 0.0893403 -0.403042 -0.0474161 -0.909575
35.1 0.25927 0.0468727 -0.294041 0.089026 -0.398522 -0.0470449 -0.911615
35.1333 0.261425 0.0469771 -0.292859 0.0887457 -0.392739 -0.0462103 -0.914191
35.1667 0.264764 0.0467134 -0.289504 0.0882027 -0.38238 -0.0457991 -0.918645
35.2 0.267152 0.0460705 -0.287609 0.0888902 -0.378029 -0.0460924 -0.920363
35.2333 0.269733 0.0453735 -0.285986 0.0894772 -0.373681 -0.0458645 -0.922091
35.2667 0.271271 0.0457032 -0.282691 0.0888248 -0.369786 -0.0449651 -0.923768
35.3 0.27435 0.0442899 -0.281933 0.0883253 -0.364733 -0.0443967 -0.92585
35.3333 0.274417 0.0446371 -0.279407 0.0877361 -0.361108 -0.0430862 -0.927387
35.3667 0.275651 0.0446732 -0.277543 0.0873703 -0.357059 -0.0423201 -0.929023
35.4 0.278296 0.0435976 -0.275769 0.087398 -0.352722 -0.0414875 -0.930714
35.4333 0.279597 0.0435256 -0.273022 0.0869882 -0.348825 -0.0399028 -0.932288
35.4667 0.281701 0.0433592 -0.270883 0.0865256 -0.345283 -0.0382842 -0.933717
35.5 0.282556 0.0429199 -0.269346 0.0865396 -0.342204 -0.0370425 -0.934898
35.5333 0.283386 0.0439248 -0.267455 0.0862458 -0.339011 -0.035818 -0.936136
35.5667 0.284525 0.0435342 -0.26509 0.086066 -0.335878 -0.0346896 -0.937323
35.6 0.284907 0.0436618 -0.263362 0.08554 -0.332914 -0.0337866 -0.938461
35.6333 0.286872 0.0423948 -0.26093 0.0854519 -0.328924 -0.0323517 -0.939926
35.6667 0.288093 0.0412167 -0.257807 0.0835216 -0.326477 -0.0298567 -0.941034
35.7 0.289789 0.0408683 -0.255256 0.0796136 -0.322459 -0.0275072 -0.942828
35.7333 0.291552 0.0403757 -0.253257 0.0797939 -0.320458 -0.0273275 -0.9435
35.7667 0.292402 0.0406049 -0.250806 0.0791606 -0.319013 -0.0261713 -0.944076
35.8 0.295776 0.0386331 -0.249367 0.079428 -0.315824 -0.0254131 -0.945146
35.8333 0.295944 0.0375861 -0.245566 0.0781945 -0.314938 -0.0247665 -0.945562
35.8667 0.297812 0.0372129 -0.244035 0.0768105 -0.312331 -0.0231416 -0.94658
35.9 0.300437 0.0371483 -0.243434 0.0758659 -0.309066 -0.0213955 -0.947768
35.9333 0.301555 0.03725 -0.241366 0.0754308 -0.307801 -0.0197786 -0.94825
35.9667 0.303007 0.0363144 -0.240315 0.0771676 -0.305508 -0.0184478 -0.948878
36 0.304597 0.0350983 -0.236871 0.0784988 -0.303492 -0.0183263 -0.949418
36.0333 0.307028 0.0361899 -0.234607 0.0777576 -0.300636 -0.0169231 -0.950413
36.0667 0.305422 0.0357116 -0.230456 0.0780948 -0.29957 -0.0172532 -0.950716
36.1 0.30808 0.0337248 -0.228191 0.0791462 -0.295978 -0.0171576 -0.951755
36.1333 0.310251 0.0335747 -0.225196 0.0776256 -0.292834 -0.0166439 -0.952862
36.1667 0.310836 0.0326996 -0.222656 0.0758529 -0.290512 -0.0174206 -0.953701
36.2 0.311491 0.0334452 -0.220049 0.0751 -0.287587 -0.0169852 -0.954654
36.2333 0.315649 0.033007 -0.219203 0.0748253 -0.283601 -0.0167045 -0.955873
36.2667 0.31715 0.0327703 -0.217562 0.0742899 -0.280266 -0.0169048 -0.956894
36.3 0.31743 0.0322284 -0.214905 0.0745933 -0.276801 -0.0167235 -0.957882
36.3333 0.319867 0.0323775 -0.211793 0.0740424 -0.273137 -0.0165461 -0.958979
36.3667 0.322086 0.0328433 -0.210214 0.0723381 -0.268656 -0.0151349 -0.960397
36.4 0.323961 0.0316294 -0.208541 0.0713164 -0.264751 -0.0141135 -0.961572
36.4333 0.323718 0.0307564 -0.205037 0.0699253 -0.262115 -0.012964 -0.962413
36.4667 0.324908 0.0302063 -0.20307 0.0681553 -0.259564 -0.0119158 -0.963244
36.5 0.325538 0.0300212 -0.201858 0.0672404 -0.257129 -0.011121 -0.963971
36.5333 0.326431 0.031245 -0.199981 0.0674327 -0.254074 -0.0102999 -0.964776
36.5667 0.328297 0.0308229 -0.196746 0.0683982 -0.250741 -0.00949868 -0.965588
36.6 0.330822 0.0311965 -0.193988 0.0675453 -0.246242 -0.0070831 -0.966826
36.6333 0.331166 0.0317737 -0.191759 0.0658934 -0.242641 -0.00485373 -0.967864
36.6667 0.332692 0.0304748 -0.189311 0.0659971 -0.239132 -0.00403886 -0.968733
36.7 0.334564 0.0302935 -0.186788 0.0658585 -0.235129 -0.00383249 -0.969723
36.7333 0.333465 0.0289918 -0.183173 0.0660296 -0.232973 -0.00381805 -0.970231
36.7667 0.333187 0.0287772 -0.179516 0.0659722 -0.230236 -0.00423735 -0.970887
36.8 0.333855 0.0302657 -0.176757 0.0647069 -0.22679 -0.00396248 -0.971784
36.8333 0.334402 0.0308679 -0.173422 0.0636841 -0.222801 -0.00348928 -0.972775
36.8667 0.337715 0.0294528 -0.170437 0.0628852 -0.217982 -0.00284162 -0.97392
36.9 0.336717 0.0304301 -0.16597 0.0605659 -0.215695 -0.00197982 -0.974579
36.9333 0.337986 0.0300488 -0.16251 0.0584975 -0.212977 -0.001296 -0.975304
36.9667 0.341347 0.0324057 -0.160636 0.0556592 -0.20997 -0.000462642 -0.976122
37 0.344056 0.0329688 -0.158726 0.0546515 -0.206593 9.42629e-05 -0.976899
37.0333 0.342833 0.0346797 -0.155365 0.053515 -0.204317 0.00115654 -0.97744
37.0667 0.343276 0.0341509 -0.151238 0.0529979 -0.201814 0.00144221 -0.977988
37.1 0.344456 0.0327647 -0.146886 0.0513424 -0.199308 0.00212474 -0.978589
37.1333 0.343374 0.0326083 -0.142918 0.0485384 -0.198249 0.00311742 -0.978944
37.1667 0.343701 0.0337285 -0.140034 0.0478142 -0.196684 0.00340432 -0.979294
37.2 0.346383 0.0336543 -0.136434 0.0478123 -0.19411 0.00353512 -0.979808
37.2333 0.346647 0.0323347 -0.132049 0.0471556 -0.192935 0.00340627 -0.980072
37.2667 0.347897 0.0320613 -0.128374 0.046629 -0.19027 0.00315184 -0.980619
37.3 0.348994 0.0309964 -0.124384 0.0475733 -0.188403 0.00280046 -0.980935
37.3333 0.352117 0.0332419 -0.122094 0.0461154 -0.185894 0.00241103 -0.981484
37.3667 0.351862 0.0331699 -0.118738 0.0453457 -0.183605 0.0020986 -0.981951
37.4 0.351521 0.0319536 -0.115614 0.0451238 -0.180633 0.00261432 -0.982511
37.4333 0.353923 0.0317667 -0.112272 0.0445417 -0.17601 0.00287626 -0.983376
37.4667 0.35416 0.0353833 -0.108904 0.0416824 -0.172653 0.00390243 -0.984093
37.5 0.354511 0.0365383 -0.10554 0.0403092 -0.169591 0.00464194 -0.984679
37.5333 0.35678 0.0356806 -0.102539 0.0395674 -0.166166 0.00524431 -0.98529
37.5667 0.358327 0.034218 -0.100121 0.0394236 -0.163483 0.00509554 -0.985745
37.6 0.358439 0.0354599 -0.097223 0.0387411 -0.160858 0.00482643 -0.986205
37.6333 0.35906 0.0330328 -0.0917024 0.0396332 -0.158507 0.00477562 -0.986551
37.6667 0.359975 0.0318125 -0.0880228 0.0390895 -0.156005 0.00445146 -0.986973
37.7 0.357623 0.0307689 -0.0844592 0.038379 -0.155039 0.00379937 -0.987155
37.7333 0.357309 0.0318098 -0.0817678 0.037646 -0.153404 0.00387472 -0.987439
37.7667 0.360078 0.0312902 -0.0788992 0.0382815 -0.150846 0.00446433 -0.987806
37.8 0.360514 0.0312542 -0.0753984 0.0385571 -0.149279 0.00486295 -0.988031
37.8333 0.362905 0.031031 -0.0731102 0.0382721 -0.146277 0.00555001 -0.988487
37.8667 0.363229 0.02922 -0.0688959 0.038556 -0.144082 0.00528054 -0.9888
37.9 0.363346 0.0281695 -0.0659442 0.0376403 -0.141981 0.00543062 -0.989139
37.9333 0.364273 0.0274529 -0.0627566 0.0370778 -0.139799 0.00603366 -0.989467
37.9667 0.365434 0.0261363 -0.0592019 0.0365708 -0.137499 0.006444 -0.989806
38 0.36517 0.0261199 -0.0576926 0.035414 -0.135695 0.00743329 -0.99009
38.0333 0.365607 0.0261794 -0.0545289 0.0353418 -0.133475 0.00700715 -0.990397
38.0667 0.3662 0.0244872 -0.0508422 0.0360124 -0.130906 0.0066128 -0.990718
38.1 0.368748 0.0229048 -0.0471643 0.0357963 -0.127946 0.0071212 -0.991109
38.1333 0.369629 0.0240091 -0.0455313 0.0343315 -0.125909 0.00717605 -0.991422
38.1667 0.371243 0.0230336 -0.0430623 0.0344504 -0.123816 0.00744866 -0.991679
38.2 0.372431 0.0221664 -0.0398239 0.0340844 -0.121892 0.00777153 -0.991928
38.2333 0.374281 0.0192458 -0.0368059 0.0350974 -0.119521 0.00837725 -0.992176
38.2667 0.376799 0.019307 -0.0348977 0.0348598 -0.117322 0.00896756 -0.992441
38.3 0.378519 0.0175506 -0.0310364 0.0350895 -0.115359 0.008749 -0.992665
38.3333 0.378936 0.0184896 -0.0290085 0.0338005 -0.113868 0.00923164 -0.992878
38.3667 0.380269 0.0176015 -0.0255441 0.0334727 -0.11246 0.00898427 -0.993052
38.4 0.382245 0.016976 -0.0220302 0.0322947 -0.111206 0.00984125 -0.993224
38.4333 0.382323 0.0178927 -0.0194915 0.0307089 -0.111185 0.0111287 -0.993263
38.4667 0.383126 0.0164667 -0.015943 0.0306671 -0.110936 0.0113846 -0.993289
38.5 0.384308 0.0131565 -0.0122876 0.0318366 -0.109898 0.0107507 -0.993375
38.5333 0.384976 0.0118813 -0.00891567 0.0314518 -0.108348 0.00971426 -0.993568
38.5667 0.387316 0.0106165 -0.00602888 0.0307368 -0.105903 0.00892151 -0.993861
38.6 0.386162 0.010693 0.00212828 0.0267185 -0.104431 0.00807538 -0.99414
38.6333 0.387946 0.00814114 0.00570186 0.0257092 -0.10283 0.00881187 -0.994328
38.6667 0.388512 0.00564824 0.00979797 0.0251762 -0.102328 0.00847593 -0.994396
38.7 0.388513 0.00359677 0.0123278 0.0254226 -0.101628 0.00792556 -0.994466
38.7333 0.389523 0.00126207 0.0167251 0.0255709 -0.100725 0.00721993 -0.994559
38.7667 0.389881 0.000824974 0.0206532 0.0243013 -0.100806 0.00724036 -0.994583
38.8 0.390122 -0.0015368 0.0248216 0.0251628 -0.100813 0.00687209 -0.994563
38.8333 0.391832 -0.00375325 0.028885 0.0257042 -0.100048 0.00636135 -0.99463
38.8667 0.390396 -0.0056915 0.0331532 0.0249528 -0.101102 0.0064095 -0.994542
38.9 0.390199 -0.00588355 0.0364949 0.0237258 -0.10177 0.00619469 -0.994506
38.9333 0.390926 -0.00651337 0.040343 0.0216099 -0.101612 0.00625145 -0.99457
38.9667 0.39042 -0.00780262 0.0440661 0.0203757 -0.102428 0.00679266 -0.994509
39 0.389151 -0.00813754 0.0469454 0.0197496 -0.103611 0.00617925 -0.994403
39.0333 0.388275 -0.0101417 0.0514049 0.0199374 -0.103913 0.00446483 -0.994377
39.0667 0.388483 -0.012832 0.0553894 0.0185822 -0.103334 0.00403138 -0.994465
39.1 0.386927 -0.0125906 0.058545 0.0153258 -0.103317 0.00336921 -0.994525
39.1333 0.387857 -0.015266 0.0618736 0.0138741 -0.102529 0.00313744 -0.994628
39.1667 0.387518 -0.0150818 0.0650889 0.011576 -0.102436 0.00374277 -0.994665
39.2 0.386397 -0.0167234 0.0718326 0.0102809 -0.102852 0.00335018 -0.994638
39.2333 0.386404 -0.0174914 0.076103 0.0096597 -0.102061 0.0033781 -0.994725
39.2667 0.385761 -0.0170709 0.0790794 0.007875 -0.102006 0.0030644 -0.994748
39.3 0.385149 -0.0176789 0.0821812 0.00605563 -0.102256 0.00332427 -0.994734
39.3333 0.385277 -0.0182266 0.0856532 0.00540289 -0.102324 0.00187292 -0.994735
39.3667 0.386561 -0.0205837 0.0889899 0.0051511 -0.100957 0.00150095 -0.994876
39.4 0.384081 -0.0195137 0.0903603 0.00459665 -0.101132 0.00182776 -0.994861
39.4333 0.384187 -0.0224055 0.0954737 0.00913628 -0.099672 0.000520812 -0.994978
39.4667 0.385926 -0.0227235 0.0996111 0.0104955 -0.0970789 -0.000328733 -0.995221
39.5 0.387512 -0.021636 0.10368 0.00919242 -0.0955092 0.000754171 -0.995386
39.5333 0.386678 -0.021331 0.107462 0.00900482 -0.0963785 0.002278 -0.995301
39.5667 0.386145 -0.021685 0.111572 0.00963059 -0.0969463 0.00265614 -0.995239
39.6 0.385859 -0.0227714 0.11546 0.0105725 -0.0970103 0.00248909 -0.995224
39.6333 0.384404 -0.0223928 0.117992 0.0114786 -0.0966777 0.000743961 -0.995249
39.6667 0.385379 -0.0245788 0.123642 0.0143096 -0.0939256 5.6118e-05 -0.995476
39.7 0.385096 -0.0232704 0.127781 0.0146311 -0.0920528 -3.15354e-06 -0.995647
39.7333 0.384966 -0.0213209 0.129754 0.0145181 -0.0908081 -0.000150019 -0.995763
39.7667 0.388356 -0.0203179 0.133596 0.0132315 -0.0887892 0.000555956 -0.995962
39.8 0.386613 -0.0195827 0.135156 0.0126923 -0.089602 0.000968396 -0.995896
39.8333 0.387515 -0.0229374 0.14021 0.0152643 -0.0889041 0.000476177 -0.995923
39.8667 0.388233 -0.0190492 0.142643 0.0120976 -0.0885601 -0.000241429 -0.995997
39.9 0.388441 -0.0198553 0.147264 0.011256 -0.0892381 0.000325207 -0.995947
39.9333 0.390006 -0.0235732 0.151734 0.0129698 -0.0894396 0.000919522 -0.995907
39.9667 0.39131 -0.0227326 0.1558 0.0114174 -0.0894016 0.002389 -0.995927
40 0.393296 -0.0235674 0.159561 0.0124207 -0.0892736 0.00255296 -0.995926
40.0333 0.390307 -0.0203853 0.162527 0.0128938 -0.0914468 0.000410278 -0.995726
40.0667 0.392451 -0.0203277 0.166249 0.0132329 -0.0910423 -0.00109206 -0.995759
40.1 0.392061 -0.0189836 0.169063 0.0116084 -0.0922153 -0.00218896 -0.995669
40.1333 0.39208 -0.0191729 0.173998 0.011578 -0.0933811 -0.00407124 -0.995555
40.1667 0.391196 -0.01722 0.179192 0.00996441 -0.0953517 -0.00529812 -0.99538
40.2 0.391743 -0.0180778 0.182802 0.00933476 -0.0964387 -0.00603651 -0.995277
40.2333 0.392005 -0.0187292 0.187058 0.0089668 -0.0978427 -0.0058049 -0.995145
40.2667 0.393095 -0.0209033 0.190703 0.0106852 -0.0987179 -0.00630341 -0.995038
40.3 0.392595 -0.0200039 0.193372 0.0103453 -0.0999164 -0.00672183 -0.994919
40.3333 0.392575 -0.0236468 0.197404 0.0131468 -0.100196 -0.00668315 -0.994858
40.3667 0.392832 -0.0231898 0.201307 0.0143816 -0.099289 -0.00561701 -0.994939
40.4 0.39533 -0.0244696 0.20881 0.0158485 -0.0961204 -0.00507526 -0.995231
40.4333 0.394627 -0.0255574 0.212669 0.0157913 -0.0957856 -0.00371768 -0.99527
40.4667 0.395876 -0.0277272 0.215842 0.0166226 -0.093778 -0.0023202 -0.995452
40.5 0.395721 -0.026773 0.218501 0.0160347 -0.0919003 -0.00113614 -0.995638
40.5333 0.393516 -0.0259952 0.223525 0.016329 -0.0876301 0.0012772 -0.996018
40.5667 0.395275 -0.0286464 0.226421 0.0184526 -0.0834251 0.00109796 -0.996343
40.6 0.393375 -0.0284515 0.230113 0.0180193 -0.082232 0.00254774 -0.996447
40.6333 0.395881 -0.0281716 0.232076 0.0170995 -0.0785601 0.00359424 -0.996756
40.6667 0.391495 -0.0250889 0.234092 0.0153736 -0.0796038 0.004825 -0.996696
40.7 0.388918 -0.024318 0.237012 0.0148998 -0.07993 0.00550026 -0.996674
40.7333 0.388371 -0.0273009 0.23985 0.0174187 -0.078477 0.00548435 -0.996749
40.7667 0.388211 -0.0287475 0.243459 0.0187157 -0.0761974 0.00593483 -0.996899
40.8 0.389608 -0.0294706 0.245389 0.0192749 -0.0721679 0.00673362 -0.997184
40.8333 0.389365 -0.0300993 0.248008 0.0200048 -0.0696784 0.0077699 -0.997339
40.8667 0.38763 -0.0322141 0.252393 0.0214379 -0.0681236 0.00897145 -0.997406
40.9 0.388895 -0.0359782 0.255487 0.0240634 -0.0646361 0.00980646 -0.997571
40.9333 0.38639 -0.0363794 0.257973 0.0245712 -0.0631291 0.010608 -0.997646
40.9667 0.385502 -0.0370544 0.261543 0.0247807 -0.06059 0.0115334 -0.997788
41 0.385001 -0.0370473 0.264913 0.0245893 -0.0578215 0.0125703 -0.997945
41.0333 0.385299 -0.0378635 0.268674 0.024431 -0.055051 0.0135607 -0.998092
41.0667 0.384358 -0.038495 0.271945 0.0245432 -0.0538166 0.015147 -0.998134
41.1 0.380151 -0.0380562 0.274177 0.0243385 -0.0551338 0.015754 -0.998058
41.1333 0.383217 -0.0418369 0.276683 0.0270007 -0.0511048 0.0159778 -0.9982
41.1667 0.384185 -0.0424073 0.279619 0.0278628 -0.0484103 0.0156827 -0.998316
41.2 0.379565 -0.0399268 0.282439 0.0267522 -0.0501284 0.0154474 -0.998265
41.2333 0.378759 -0.0412428 0.286388 0.0289476 -0.049139 0.014341 -0.998269
41.2667 0.376045 -0.0412572 0.28923 0.0296035 -0.0501119 0.0141777 -0.998204
41.3 0.37344 -0.0415174 0.291951 0.0307347 -0.0515072 0.0138113 -0.998104
41.3333 0.370069 -0.0390033 0.294467 0.0291802 -0.053293 0.0132331 -0.998065
41.3667 0.369317 -0.0409174 0.298461 0.0296664 -0.0532305 0.0139094 -0.998045
41.4 0.369204 -0.0431589 0.301604 0.0305212 -0.0526954 0.0134719 -0.998053
