# Format: from_cam from_frame to_cam to_frame
# Newline means next odometry; Empty line means next step

































0 0 0 33





0 33 0 38




0 38 0 42





0 42 0 47





0 47 0 52





0 52 0 57





0 57 0 62





0 62 0 67





0 67 0 72




0 72 0 76




0 76 0 80




0 80 0 84




0 84 0 88





0 88 0 93




0 93 0 97





0 97 0 102










0 102 0 112








0 112 0 120




0 120 0 124






0 124 0 130







0 130 0 137


















0 137 0 155

















0 155 0 172











0 172 0 183














0 183 0 197









0 197 0 206









0 206 0 215















0 215 0 230
















0 230 0 246














0 246 0 260











0 260 0 271














0 271 0 285

















0 285 0 302






0 302 0 308









0 308 0 317








0 317 0 325





0 325 0 330





0 330 0 335






0 335 0 341






0 341 0 347







0 347 0 354




0 354 0 358


0 358 0 360


0 360 0 362




0 362 0 366









0 366 0 375

































































































































































































































































































































































































































































































































































































































































































































































































































































































