1.36667 0.0100733 -0.00110495 -0.00894938 -0.00375791 0.0493619 0.0117929 0.998704
1.4 0.00983276 -0.000533262 -0.00917835 -0.00357873 0.0530393 0.0125348 0.998507
1.43333 0.0101724 -0.000574036 -0.00935952 -0.00388455 0.0565748 0.0131046 0.998305
1.46667 0.0106328 -0.00132671 -0.00900118 -0.00447529 0.0601605 0.0135524 0.998087
1.5 0.0110968 -0.00151942 -0.00947118 -0.00462793 0.0637566 0.0149351 0.997843
1.53333 0.0112455 -0.00145736 -0.00949482 -0.00476143 0.0672116 0.016175 0.997596
1.56667 0.0109589 -0.000790122 -0.00999522 -0.00496719 0.0709867 0.017401 0.997313
1.6 0.0115188 -0.00201594 -0.00958169 -0.00597369 0.0746168 0.0180207 0.997032
1.63333 0.0122388 -0.00232673 -0.00991429 -0.0059936 0.077948 0.01847 0.996768
1.66667 0.0103542 -0.00161655 -0.011115 -0.00616494 0.0821304 0.0192914 0.996416
1.7 0.0105718 -0.00373463 -0.0103405 -0.00767234 0.0857048 0.0200376 0.99609
1.73333 0.0112724 -0.00322728 -0.0111105 -0.00691752 0.0890463 0.0200522 0.995802
1.76667 0.0112037 -0.00234433 -0.0107196 -0.00655488 0.0924995 0.0197621 0.995495
1.8 0.0118652 -0.00320608 -0.0107482 -0.00753753 0.0961489 0.0205582 0.995126
1.83333 0.0110147 -0.00359557 -0.0103969 -0.00776157 0.100425 0.0216003 0.99468
1.86667 0.0119245 -0.00378543 -0.0107666 -0.00777461 0.103632 0.0218753 0.994345
1.9 0.0124739 -0.00329919 -0.0115388 -0.007814 0.106986 0.0223848 0.993978
1.93333 0.0120993 -0.00329543 -0.010959 -0.00835285 0.111361 0.0247351 0.993437
1.96667 0.0132312 -0.00426087 -0.0107098 -0.0089815 0.115007 0.0262747 0.992977
2 0.0139035 -0.00362974 -0.0113633 -0.00853627 0.118944 0.0271345 0.992493
2.03333 0.0145117 -0.00249458 -0.0123752 -0.00835726 0.122918 0.0273449 0.992005
2.06667 0.0140677 -0.00327637 -0.0115785 -0.00904282 0.127598 0.0289193 0.991363
2.1 0.0155992 -0.00339643 -0.01173 -0.00902434 0.130948 0.029672 0.990904
2.13333 0.015749 -0.00224907 -0.0128137 -0.00824806 0.134981 0.030336 0.990349
2.16667 0.0166297 -0.0031499 -0.0132783 -0.00931158 0.139017 0.0306066 0.989773
2.2 0.0152457 -0.00188212 -0.0134665 -0.00891476 0.143509 0.0309643 0.989124
2.23333 0.0156427 -0.00197654 -0.0146797 -0.0101615 0.147083 0.0312677 0.988578
2.26667 0.0179247 -0.00191417 -0.0146164 -0.0116306 0.149844 0.0324187 0.98811
2.3 0.0177721 -0.00192517 -0.0145706 -0.0124185 0.154111 0.0336462 0.987402
2.33333 0.0177449 -0.00190985 -0.014501 -0.0130835 0.157989 0.0350782 0.986731
2.36667 0.0177146 -0.00144355 -0.0145561 -0.0134604 0.161559 0.0367196 0.986088
2.4 0.0177103 -0.00156265 -0.0149645 -0.0139079 0.165194 0.037706 0.985442
2.43333 0.019276 -0.00343239 -0.0152384 -0.014972 0.168012 0.0382306 0.98493
2.46667 0.0196077 -0.00277155 -0.0163066 -0.0148413 0.171691 0.0398933 0.984231
2.5 0.0206973 -0.00300723 -0.0164056 -0.015582 0.175213 0.0414141 0.983536
2.53333 0.0217265 -0.00290968 -0.0167081 -0.0160774 0.179069 0.042078 0.982805
2.56667 0.02216 -0.00334184 -0.0170422 -0.0163698 0.183447 0.0433239 0.981938
2.6 0.0226312 -0.00270893 -0.0177861 -0.0158722 0.187569 0.0434286 0.981163
2.63333 0.0227923 -0.00382851 -0.0171959 -0.0166634 0.192122 0.0448246 0.980205
2.66667 0.0248839 -0.00338268 -0.0188709 -0.0165338 0.195386 0.044587 0.979573
2.7 0.0245948 -0.00284388 -0.0187787 -0.0166911 0.20052 0.045638 0.978484
2.73333 0.0249639 -0.00227712 -0.0201301 -0.0168343 0.205256 0.0457276 0.977495
2.76667 0.0263311 -0.00309347 -0.0197332 -0.0180865 0.209219 0.046432 0.976598
2.8 0.0269646 -0.000442126 -0.021164 -0.0181565 0.213044 0.045802 0.975799
2.83333 0.0297621 -0.00366252 -0.0191116 -0.0204262 0.216392 0.0464115 0.974989
2.86667 0.0282807 -0.00331189 -0.0202087 -0.0198761 0.221043 0.0460868 0.973972
2.9 0.0300948 -0.00306394 -0.021409 -0.0194204 0.22377 0.0443961 0.973437
2.93333 0.0295142 -0.00402799 -0.0205129 -0.0195863 0.228078 0.0453577 0.972389
2.96667 0.0285957 -0.00331861 -0.0214011 -0.018617 0.232568 0.0463678 0.971296
3 0.0308105 -0.00513886 -0.0207542 -0.0195085 0.235324 0.0455291 0.970654
3.03333 0.0301293 -2.23302e-05 -0.023976 -0.0168314 0.239003 0.0464951 0.969759
3.06667 0.032391 -0.000254104 -0.0241202 -0.0165977 0.241456 0.0478319 0.96909
3.1 0.0334646 -0.000736743 -0.0240424 -0.0159342 0.244617 0.049198 0.96824
3.13333 0.0349687 -0.000749283 -0.0245151 -0.0150101 0.247745 0.0484116 0.967499
3.16667 0.0371056 -0.00155044 -0.0246607 -0.0146485 0.251473 0.0479446 0.966565
3.2 0.0443101 -0.00645585 -0.0219698 -0.0168799 0.25273 0.0463251 0.96628
3.23333 0.0411852 -0.00429499 -0.0242847 -0.0159527 0.25823 0.0469746 0.964809
3.26667 0.0443555 -0.00525847 -0.0231213 -0.0166563 0.260452 0.0463725 0.964229
3.3 0.0448609 -0.00446201 -0.0237401 -0.0159923 0.263774 0.0458138 0.963363
3.33333 0.046309 -0.00448016 -0.023949 -0.0162049 0.266828 0.0453419 0.96254
3.36667 0.0490754 -0.0049026 -0.0240271 -0.0164297 0.268622 0.0447754 0.962064
3.4 0.0493859 -0.00477353 -0.0246039 -0.0160985 0.271051 0.043896 0.961429
3.43333 0.0508315 -0.00595888 -0.0244297 -0.0169742 0.272639 0.0434022 0.960987
3.46667 0.0529067 -0.00544625 -0.0245828 -0.0165857 0.273592 0.0432702 0.960729
3.5 0.0542753 -0.0060974 -0.0241289 -0.0164678 0.27497 0.0424975 0.960372
3.53333 0.0551656 -0.00523776 -0.025785 -0.0159394 0.275833 0.0419466 0.960158
3.56667 0.0580323 -0.00637505 -0.0253458 -0.0165445 0.276415 0.0406786 0.960034
3.6 0.0591161 -0.00658914 -0.0251622 -0.0165713 0.277489 0.0398918 0.959757
3.63333 0.0611215 -0.00802889 -0.0238671 -0.0184093 0.279488 0.0408999 0.959101
3.66667 0.0637494 -0.00743692 -0.0247672 -0.0185865 0.279519 0.0416255 0.959057
3.7 0.0676278 -0.00706126 -0.0251461 -0.0182667 0.279147 0.0411913 0.959191
3.73333 0.0678185 -0.0065359 -0.0265482 -0.0180812 0.280354 0.0412578 0.958839
3.76667 0.0690668 -0.00814703 -0.0249672 -0.0198689 0.281063 0.0410793 0.958604
3.8 0.0716622 -0.00918318 -0.0252135 -0.0213084 0.281484 0.0417688 0.958419
3.83333 0.0777228 -0.00675458 -0.0289659 -0.0208389 0.280451 0.0401296 0.958803
3.86667 0.0762135 -0.00385316 -0.0300852 -0.0203453 0.283701 0.0409095 0.957824
3.9 0.0790446 -0.0061917 -0.0270732 -0.0231686 0.285292 0.0422136 0.95723
3.93333 0.081708 -0.00800319 -0.0263127 -0.026338 0.286782 0.0418482 0.956719
3.96667 0.081708 -0.00800319 -0.0263127 -0.026338 0.286782 0.0418482 0.956719
