0.02 0.11314 0.11314 2.0 0.967538790584 0.252722552842 0.0 0.0
0.04 0.22633 0.22622 2.0 0.967574920327 0.252584191023 0.0 0.0
0.06 0.33968 0.33914 2.0 0.967686671218 0.252155718452 0.0 0.0
0.08 0.4533 0.45179 2.0 0.96787151404 0.251445286911 0.0 0.0
0.1 0.5673 0.56406 2.0 0.968132365733 0.250439059295 0.0 0.0
0.12 0.68179 0.67583 2.0 0.968467493325 0.249139949372 0.0 0.0
0.14 0.79687 0.78699 2.0 0.96887916488 0.247534167059 0.0 0.0
0.16 0.91265 0.89742 2.0 0.96936151373 0.245638465432 0.0 0.0
0.18 1.02925 1.00698 2.0 0.969922434279 0.243414197372 0.0 0.0
0.2 1.14677 1.11556 2.0 0.970562241975 0.240850440009 0.0 0.0
0.22 1.26533 1.22301 2.0 0.971274015492 0.23796383513 0.0 0.0
0.24 1.38503 1.32918 2.0 0.972061358689 0.234726894376 0.0 0.0
0.26 1.50597 1.43392 2.0 0.972927821017 0.23110918435 0.0 0.0
0.28 1.62828 1.53708 2.0 0.973866348726 0.227121850157 0.0 0.0
0.3 1.75206 1.63847 2.0 0.974879210649 0.222734201784 0.0 0.0
0.32 1.8774 1.73791 2.0 0.975964391903 0.217930047807 0.0 0.0
0.34 2.00442 1.83521 2.0 0.977121143647 0.212683498745 0.0 0.0
0.36 2.1332 1.93016 2.0 0.978342651252 0.206991924339 0.0 0.0
0.38 2.26384 2.02253 2.0 0.979629620506 0.200812864695 0.0 0.0
0.4 2.39642 2.1121 2.0 0.980972626754 0.194146093338 0.0 0.0
0.42 2.53101 2.19862 2.0 0.982368854436 0.18695302574 0.0 0.0
0.44 2.66768 2.28181 2.0 0.983807050553 0.17923082124 0.0 0.0
0.46 2.80647 2.36142 2.0 0.985278214066 0.170958594071 0.0 0.0
0.48 2.94741 2.43715 2.0 0.98677091295 0.162120835662 0.0 0.0
0.5 3.09052 2.5087 2.0 0.988273580345 0.152693583336 0.0 0.0
0.52 3.23578 2.57578 2.0 0.989767356697 0.142690502897 0.0 0.0
0.54 3.38316 2.63806 2.0 0.991237218249 0.132093819526 0.0 0.0
0.56 3.53259 2.69525 2.0 0.992661733008 0.120924289623 0.0 0.0
0.58 3.68398 2.74703 2.0 0.994021237539 0.109186900868 0.0 0.0
0.6 3.83721 2.7931 2.0 0.99529382144 0.0969030907802 0.0 0.0
0.62 3.9921 2.83319 2.0 0.99645558829 0.0841205121608 0.0 0.0
0.64 4.14848 2.86704 2.0 0.997485333181 0.070873197246 0.0 0.0
0.66 4.30612 2.89441 2.0 0.998361785593 0.0572166502734 0.0 0.0
0.68 4.46478 2.91512 2.0 0.999065182458 0.0432291707168 0.0 0.0
0.7 4.62417 2.92901 2.0 0.999580397968 0.0289659800123 0.0 0.0
0.72 4.78402 2.93599 2.0 0.999894479438 0.0145268712554 0.0 0.0
0.74 4.94402 2.93599 2.0 1.0 0.0 0.0 0.0
0.76 5.10387 2.92901 2.0 0.999894479438 -0.0145268712554 0.0 0.0
0.78 5.26326 2.91512 2.0 0.999580397968 -0.0289659800123 0.0 0.0
0.8 5.42192 2.89441 2.0 0.999065182458 -0.0432291707168 0.0 0.0
0.82 5.57956 2.86704 2.0 0.998361785593 -0.0572166502734 0.0 0.0
0.84 5.73594 2.83319 2.0 0.997485333181 -0.070873197246 0.0 0.0
0.86 5.89083 2.7931 2.0 0.99645558829 -0.0841205121608 0.0 0.0
0.88 6.04406 2.74703 2.0 0.99529382144 -0.0969030907802 0.0 0.0
0.9 6.19545 2.69525 2.0 0.994021237539 -0.109186900868 0.0 0.0
0.92 6.34488 2.63806 2.0 0.992661733008 -0.120924289623 0.0 0.0
0.94 6.49226 2.57578 2.0 0.991237218249 -0.132093819526 0.0 0.0
0.96 6.63752 2.5087 2.0 0.989767356697 -0.142690502897 0.0 0.0
0.98 6.78063 2.43715 2.0 0.988273580345 -0.152693583336 0.0 0.0
1.0 6.92157 2.36142 2.0 0.98677091295 -0.162120835662 0.0 0.0
1.02 7.06036 2.28181 2.0 0.985278214066 -0.170958594071 0.0 0.0
1.04 7.19703 2.19862 2.0 0.983807050553 -0.17923082124 0.0 0.0
1.06 7.33162 2.1121 2.0 0.982368854436 -0.18695302574 0.0 0.0
1.08 7.4642 2.02253 2.0 0.980972626754 -0.194146093338 0.0 0.0
1.1 7.59484 1.93016 2.0 0.979629620506 -0.200812864695 0.0 0.0
1.12 7.72362 1.83521 2.0 0.978342651252 -0.206991924339 0.0 0.0
1.14 7.85064 1.73791 2.0 0.977121143647 -0.212683498745 0.0 0.0
1.16 7.97598 1.63847 2.0 0.975964391903 -0.217930047807 0.0 0.0
1.18 8.09976 1.53708 2.0 0.974879210649 -0.222734201784 0.0 0.0
1.2 8.22206 1.43392 2.0 0.973866348726 -0.227121850157 0.0 0.0
1.22 8.34301 1.32918 2.0 0.972927821017 -0.23110918435 0.0 0.0
1.24 8.46271 1.22301 2.0 0.972061358689 -0.234726894376 0.0 0.0
1.26 8.58126 1.11556 2.0 0.971274015492 -0.23796383513 0.0 0.0
1.28 8.69879 1.00698 2.0 0.970562241975 -0.240850440009 0.0 0.0
1.3 8.81538 0.89742 2.0 0.969922434279 -0.243414197372 0.0 0.0
1.32 8.93117 0.78699 2.0 0.96936151373 -0.245638465432 0.0 0.0
1.34 9.04625 0.67583 2.0 0.96887916488 -0.247534167059 0.0 0.0
1.36 9.16074 0.56406 2.0 0.968467493325 -0.249139949372 0.0 0.0
1.38 9.27474 0.45179 2.0 0.968132365733 -0.250439059295 0.0 0.0
1.4 9.38836 0.33914 2.0 0.96787151404 -0.251445286911 0.0 0.0
1.42 9.50171 0.22622 2.0 0.967686671218 -0.252155718452 0.0 0.0
1.44 9.6149 0.11314 2.0 0.967574920327 -0.252584191023 0.0 0.0
1.46 9.72804 0.0 2.0 0.967538790584 -0.252722552842 0.0 0.0
1.48 9.84123 -0.11308 2.0 0.967574920327 -0.252584191023 0.0 0.0
1.5 9.95458 -0.226 2.0 0.967686671218 -0.252155718452 0.0 0.0
1.52 10.0682 -0.33865 2.0 0.96787151404 -0.251445286911 0.0 0.0
1.54 10.1822 -0.45092 2.0 0.968132365733 -0.250439059295 0.0 0.0
1.56 10.29669 -0.56269 2.0 0.968467493325 -0.249139949372 0.0 0.0
1.58 10.41177 -0.67385 2.0 0.96887916488 -0.247534167059 0.0 0.0
1.6 10.52755 -0.78428 2.0 0.96936151373 -0.245638465432 0.0 0.0
1.62 10.64415 -0.89385 2.0 0.969922434279 -0.243414197372 0.0 0.0
1.64 10.76167 -1.00242 2.0 0.970562241975 -0.240850440009 0.0 0.0
1.66 10.88023 -1.10987 2.0 0.971274015492 -0.23796383513 0.0 0.0
1.68 10.99993 -1.21604 2.0 0.972061358689 -0.234726894376 0.0 0.0
1.7 11.12087 -1.32079 2.0 0.972927821017 -0.23110918435 0.0 0.0
1.72 11.24318 -1.42394 2.0 0.973866348726 -0.227121850157 0.0 0.0
1.74 11.36696 -1.52533 2.0 0.974879210649 -0.222734201784 0.0 0.0
1.76 11.4923 -1.62477 2.0 0.975964391903 -0.217930047807 0.0 0.0
1.78 11.61932 -1.72207 2.0 0.977121143647 -0.212683498745 0.0 0.0
1.8 11.7481 -1.81702 2.0 0.978342651252 -0.206991924339 0.0 0.0
1.82 11.87874 -1.9094 2.0 0.979629620506 -0.200812864695 0.0 0.0
1.84 12.01132 -1.99896 2.0 0.980972626754 -0.194146093338 0.0 0.0
1.86 12.14591 -2.08548 2.0 0.982368854436 -0.18695302574 0.0 0.0
1.88 12.28258 -2.16868 2.0 0.983807050553 -0.17923082124 0.0 0.0
1.9 12.42137 -2.24828 2.0 0.985278214066 -0.170958594071 0.0 0.0
1.92 12.56231 -2.32401 2.0 0.98677091295 -0.162120835662 0.0 0.0
1.94 12.70542 -2.39557 2.0 0.988273580345 -0.152693583336 0.0 0.0
1.96 12.85068 -2.46264 2.0 0.989767356697 -0.142690502897 0.0 0.0
1.98 12.99806 -2.52493 2.0 0.991237218249 -0.132093819526 0.0 0.0
2.0 13.14749 -2.58211 2.0 0.992661733008 -0.120924289623 0.0 0.0
2.02 13.29888 -2.63389 2.0 0.994021237539 -0.109186900868 0.0 0.0
2.04 13.45211 -2.67997 2.0 0.99529382144 -0.0969030907802 0.0 0.0
2.06 13.607 -2.72006 2.0 0.99645558829 -0.0841205121608 0.0 0.0
2.08 13.76338 -2.7539 2.0 0.997485333181 -0.070873197246 0.0 0.0
2.1 13.92102 -2.78128 2.0 0.998361785593 -0.0572166502734 0.0 0.0
2.12 14.07968 -2.80198 2.0 0.999065182458 -0.0432291707168 0.0 0.0
2.14 14.23907 -2.81588 2.0 0.999580397968 -0.0289659800123 0.0 0.0
2.16 14.39892 -2.82285 2.0 0.999894479438 -0.0145268712554 0.0 0.0
2.18 14.55892 -2.82285 2.0 1.0 -0.0 0.0 0.0
2.2 14.71877 -2.81588 2.0 0.999894479438 0.0145268712554 0.0 0.0
2.22 14.87816 -2.80198 2.0 0.999580397968 0.0289659800123 0.0 0.0
2.24 15.03682 -2.78128 2.0 0.999065182458 0.0432291707168 0.0 0.0
2.26 15.19446 -2.7539 2.0 0.998361785593 0.0572166502734 0.0 0.0
2.28 15.35084 -2.72006 2.0 0.997485333181 0.070873197246 0.0 0.0
2.3 15.50573 -2.67997 2.0 0.99645558829 0.0841205121608 0.0 0.0
2.32 15.65896 -2.63389 2.0 0.99529382144 0.0969030907802 0.0 0.0
2.34 15.81035 -2.58211 2.0 0.994021237539 0.109186900868 0.0 0.0
2.36 15.95978 -2.52493 2.0 0.992661733008 0.120924289623 0.0 0.0
2.38 16.10716 -2.46264 2.0 0.991237218249 0.132093819526 0.0 0.0
2.4 16.25242 -2.39557 2.0 0.989767356697 0.142690502897 0.0 0.0
2.42 16.39553 -2.32401 2.0 0.988273580345 0.152693583336 0.0 0.0
2.44 16.53647 -2.24828 2.0 0.98677091295 0.162120835662 0.0 0.0
2.46 16.67526 -2.16868 2.0 0.985278214066 0.170958594071 0.0 0.0
2.48 16.81193 -2.08548 2.0 0.983807050553 0.17923082124 0.0 0.0
2.5 16.94652 -1.99896 2.0 0.982368854436 0.18695302574 0.0 0.0
2.52 17.0791 -1.9094 2.0 0.980972626754 0.194146093338 0.0 0.0
2.54 17.20974 -1.81702 2.0 0.979629620506 0.200812864695 0.0 0.0
2.56 17.33852 -1.72207 2.0 0.978342651252 0.206991924339 0.0 0.0
2.58 17.46554 -1.62477 2.0 0.977121143647 0.212683498745 0.0 0.0
2.6 17.59088 -1.52533 2.0 0.975964391903 0.217930047807 0.0 0.0
2.62 17.71466 -1.42394 2.0 0.974879210649 0.222734201784 0.0 0.0
2.64 17.83697 -1.32079 2.0 0.973866348726 0.227121850157 0.0 0.0
2.66 17.95791 -1.21604 2.0 0.972927821017 0.23110918435 0.0 0.0
2.68 18.07761 -1.10987 2.0 0.972061358689 0.234726894376 0.0 0.0
2.7 18.19617 -1.00242 2.0 0.971274015492 0.23796383513 0.0 0.0
2.72 18.31369 -0.89385 2.0 0.970562241975 0.240850440009 0.0 0.0
2.74 18.43029 -0.78428 2.0 0.969922434279 0.243414197372 0.0 0.0
2.76 18.54607 -0.67385 2.0 0.96936151373 0.245638465432 0.0 0.0
2.78 18.66115 -0.56269 2.0 0.96887916488 0.247534167059 0.0 0.0
2.8 18.77564 -0.45092 2.0 0.968467493325 0.249139949372 0.0 0.0
2.82 18.88964 -0.33865 2.0 0.968132365733 0.250439059295 0.0 0.0
2.84 19.00326 -0.226 2.0 0.96787151404 0.251445286911 0.0 0.0
2.86 19.11661 -0.11308 2.0 0.967686671218 0.252155718452 0.0 0.0
2.88 19.2298 -0.0 2.0 0.967574920327 0.252584191023 0.0 0.0
2.9 19.34294 0.11314 2.0 0.967538790584 0.252722552842 0.0 0.0
2.92 19.45613 0.22622 2.0 0.967574920327 0.252584191023 0.0 0.0
2.94 19.56948 0.33914 2.0 0.967686671218 0.252155718452 0.0 0.0
2.96 19.68311 0.45179 2.0 0.96787151404 0.251445286911 0.0 0.0
2.98 19.7971 0.56406 2.0 0.968132365733 0.250439059295 0.0 0.0
3.0 19.91159 0.67583 2.0 0.968467493325 0.249139949372 0.0 0.0
3.02 20.02667 0.78699 2.0 0.96887916488 0.247534167059 0.0 0.0
3.04 20.14246 0.89742 2.0 0.96936151373 0.245638465432 0.0 0.0
3.06 20.25905 1.00698 2.0 0.969922434279 0.243414197372 0.0 0.0
3.08 20.37658 1.11556 2.0 0.970562241975 0.240850440009 0.0 0.0
3.1 20.49513 1.22301 2.0 0.971274015492 0.23796383513 0.0 0.0
3.12 20.61483 1.32918 2.0 0.972061358689 0.234726894376 0.0 0.0
3.14 20.73578 1.43392 2.0 0.972927821017 0.23110918435 0.0 0.0
3.16 20.85808 1.53708 2.0 0.973866348726 0.227121850157 0.0 0.0
3.18 20.98186 1.63847 2.0 0.974879210649 0.222734201784 0.0 0.0
3.2 21.1072 1.73791 2.0 0.975964391903 0.217930047807 0.0 0.0
3.22 21.23422 1.83521 2.0 0.977121143647 0.212683498745 0.0 0.0
3.24 21.363 1.93016 2.0 0.978342651252 0.206991924339 0.0 0.0
3.26 21.49364 2.02253 2.0 0.979629620506 0.200812864695 0.0 0.0
3.28 21.62622 2.1121 2.0 0.980972626754 0.194146093338 0.0 0.0
3.3 21.76081 2.19862 2.0 0.982368854436 0.18695302574 0.0 0.0
3.32 21.89748 2.28181 2.0 0.983807050553 0.17923082124 0.0 0.0
3.34 22.03627 2.36142 2.0 0.985278214066 0.170958594071 0.0 0.0
3.36 22.17721 2.43715 2.0 0.98677091295 0.162120835662 0.0 0.0
3.38 22.32032 2.5087 2.0 0.988273580345 0.152693583336 0.0 0.0
3.4 22.46558 2.57578 2.0 0.989767356697 0.142690502897 0.0 0.0
3.42 22.61296 2.63806 2.0 0.991237218249 0.132093819526 0.0 0.0
3.44 22.7624 2.69525 2.0 0.992661733008 0.120924289623 0.0 0.0
3.46 22.91379 2.74703 2.0 0.994021237539 0.109186900868 0.0 0.0
3.48 23.06701 2.7931 2.0 0.99529382144 0.0969030907802 0.0 0.0
3.5 23.2219 2.83319 2.0 0.99645558829 0.0841205121608 0.0 0.0
3.52 23.37828 2.86704 2.0 0.997485333181 0.070873197246 0.0 0.0
3.54 23.53592 2.89441 2.0 0.998361785593 0.0572166502734 0.0 0.0
3.56 23.69458 2.91512 2.0 0.999065182458 0.0432291707168 0.0 0.0
3.58 23.85397 2.92901 2.0 0.999580397968 0.0289659800123 0.0 0.0
3.6 24.01382 2.93599 2.0 0.999894479438 0.0145268712554 0.0 0.0
3.62 24.17382 2.93599 2.0 1.0 0.0 0.0 0.0
3.64 24.33367 2.92901 2.0 0.999894479438 -0.0145268712554 0.0 0.0
3.66 24.49307 2.91512 2.0 0.999580397968 -0.0289659800123 0.0 0.0
3.68 24.65172 2.89441 2.0 0.999065182458 -0.0432291707168 0.0 0.0
3.7 24.80936 2.86704 2.0 0.998361785593 -0.0572166502734 0.0 0.0
3.72 24.96574 2.83319 2.0 0.997485333181 -0.070873197246 0.0 0.0
