0.02 0.113139981707 0.113139989641 2.00000000124 0.967538790809 0.252722551981 0.0 2.83276944882e-16
0.04 0.22688424371 0.22199251807 2.00510821857 -0.967511829434 -0.252821625475 -0.0006783219748 0.00127494159721
0.06 0.343221468777 0.33420109216 2.00931058462 -0.967586201347 -0.252530347612 -0.000961491192318 0.00210761313108
0.08 0.460613798479 0.443930576757 2.0167848835 -0.967700246106 -0.252071049818 -0.000955929268595 0.00393773152772
0.1 0.570719698857 0.558732103641 2.02324554669 -0.967749497694 -0.25187220431 -0.00206294029141 0.00412876334284
0.12 0.689138165279 0.678650915398 2.02827394119 -0.967887140166 -0.251354765662 -0.00203365034538 0.00333615745305
0.14 0.808287837953 0.795876867173 2.03416353101 -0.968236404248 -0.250015795147 -0.00201074407777 0.00251487059583
0.16 0.927548025468 0.909685027015 2.03763754709 -0.968695836287 -0.248228934436 -0.0019988675758 0.0026033436275
0.18 1.04968907616 1.02706128804 2.03998945863 -0.969294051096 -0.245888729719 -0.00167024983205 0.00223279469733
0.2 1.17386389133 1.13992192756 2.04201070174 -0.969882331514 -0.243557749049 -0.00131638719853 0.00248052825052
0.22 1.29833465013 1.25328844742 2.04378114042 -0.970599794496 -0.24068455353 -0.00101937711317 0.00243833692091
0.24 1.42211866907 1.3617222956 2.0452268746 -0.971355026391 -0.237613295292 -0.00106932339892 0.00286201888271
0.26 1.54369352109 1.47152995451 2.0466080235 -0.972166411477 -0.234270644626 -0.00148618754388 0.00274312017088
0.28 1.66942051132 1.57982837724 2.04820972856 -0.973089221962 -0.230407039034 -0.00162711983125 0.00270461576718
0.3 1.79712332744 1.68670940237 2.05003631744 -0.974097285797 -0.226108864666 -0.00166787668857 0.00254505615782
0.32 1.92766896108 1.79073512565 2.05163149357 -0.975203926548 -0.22128727417 -0.00146713545308 0.00266297745325
0.34 2.06006216893 1.89268016116 2.05288848403 -0.976357986699 -0.216137962069 -0.00132417895733 0.0027766369321
0.36 2.19507300557 1.99138649372 2.05393785376 -0.977562203624 -0.210621117123 -0.00112887001118 0.00309979352824
0.38 2.33134775229 2.08876496591 2.0552589029 -0.978862390946 -0.204494316963 -0.000941416896612 0.00309962168276
0.4 2.46986106289 2.18342870156 2.05638916142 -0.980229932946 -0.197836419831 -0.000721804397907 0.00308359253218
0.42 2.61049851167 2.27541311537 2.05663033162 -0.981661803292 -0.19060600232 -0.000588887182092 0.00301812024793
0.44 2.75216124406 2.36335703619 2.05744860002 -0.983144493907 -0.18280593957 -0.000555506728771 0.00292984136343
0.46 2.89709579202 2.44771695161 2.05786085884 -0.984648846294 -0.174522293174 -0.000404487565855 0.0029077596552
0.48 3.04410086389 2.52742359802 2.05814844438 -0.986169270085 -0.165714245897 -0.00027686179781 0.002980401724
0.5 3.19367063053 2.60323903294 2.05824863025 -0.987708214479 -0.156280306519 -0.000110080805988 0.0029894359272
0.52 3.3450319978 2.67446263871 2.05827166426 -0.989243165922 -0.146250597181 -2.87808754709e-06 0.00295321732586
0.54 3.49809872587 2.74040184586 2.0582444086 -0.990754002616 -0.135638508626 3.39795587424e-05 0.00294959723226
0.56 3.6527349014 2.80176904161 2.05781182433 -0.992224954176 -0.124426132988 -6.25488641683e-05 0.00278815862154
0.58 3.80975249619 2.85695538066 2.05750197022 -0.993624854874 -0.112703622305 -9.40672164113e-05 0.00274453057732
0.6 3.96846601445 2.90582775313 2.05739482559 -0.994939700919 -0.10043591469 -0.000142069039815 0.00275651805469
0.62 4.12961879637 2.94687935689 2.0568353043 -0.996142277547 -0.0876947335258 -5.13664359077e-05 0.00319279755055
0.64 4.29151135347 2.98242088364 2.05645313091 -0.997219864363 -0.0744399666176 -0.000112974870715 0.00334973521148
0.66 4.45475874828 3.01132553091 2.05622361364 -0.998146205575 -0.0607624184431 -0.000145482044375 0.00347269863213
0.68 4.61886881383 3.03372792615 2.05605705287 -0.99890114554 -0.0467356834938 -0.000195648345155 0.00349843511943
0.7 4.78364743548 3.04818258943 2.05586018109 -0.999465410619 -0.0324823886435 -0.000265257214005 0.00370365265815
0.72 4.94940769112 3.05512050907 2.05612003111 -0.999829109059 -0.018051036767 -0.000187292930008 0.00398467947705
0.74 5.11491006573 3.0549622678 2.05613243428 -0.999984810326 -0.00350981091521 -0.000198302029475 0.00424511740484
0.76 5.28045727349 3.04793530646 2.05595001794 -0.999928602469 0.0110934989578 -0.000206731035021 0.00443638460517
0.78 5.44623986476 3.03426520637 2.05575840173 -0.999663621393 0.0255350483357 -0.000123870534069 0.00453762339677
0.8 5.61087788901 3.01348042548 2.05563911577 -0.999195805572 0.0398309684707 -6.78703913765e-05 0.00460776210383
0.82 5.77474736689 2.98612177419 2.05539294793 -0.998537457719 0.0538688941356 2.06338156876e-05 0.00459209646929
0.84 5.93437481391 2.9546494197 2.0539273837 -0.997727156301 0.0672652013271 -0.000366224418225 0.00397242373452
0.86 6.09335798865 2.91436940392 2.05432689204 -0.996757106622 0.0803680667035 -0.000478340197587 0.00400192989176
0.88 6.25198944923 2.86740697014 2.05449573461 -0.995647666206 0.0931056293451 -0.000448779363002 0.00410672129281
0.9 6.40927970887 2.81412096917 2.05447255092 -0.994428133528 0.105329485428 -0.000355034501754 0.00427325378379
0.92 6.56396329439 2.75522146962 2.05438871786 -0.993117203866 0.11703899864 -0.000357629644874 0.00446814087192
0.94 6.71674664917 2.69101445401 2.05433803346 -0.991738839029 0.128188310403 -0.000327283028711 0.00466102179095
0.96 6.86726021053 2.62183411324 2.05417079187 -0.9903119197 0.138775542876 -0.000328295277135 0.00485207390669
0.98 7.01588193688 2.54761835292 2.05400567349 -0.988857378565 0.148777697907 -0.000255434728662 0.00512017737171
1.0 7.16271438864 2.46976426668 2.0536514463 -0.987386412817 0.158242795542 -0.000133164395727 0.00522223233814
1.02 7.30695748797 2.38730446395 2.05318172841 -0.985927309805 0.167085551434 -5.55057523687e-05 0.00545483290035
1.04 7.44943017723 2.30152705435 2.05250541843 -0.984481900975 0.175397313338 7.41206861939e-05 0.0055824397032
1.06 7.58960622313 2.21233857111 2.05167133825 -0.983065644382 0.183164656901 0.000174791229377 0.00571110734536
1.08 7.72798995419 2.1193926107 2.05080340225 -0.981692420634 0.190380031335 0.000352540010548 0.0059422769301
1.1 7.8633055326 2.02303734077 2.04921425131 -0.980373300406 0.197048417494 0.000293597717879 0.00632667485904
1.12 7.99849479385 1.92663400425 2.04783598977 -0.979088301216 0.203343797857 0.000474859775432 0.00609695030602
1.14 8.13081227173 1.82744752478 2.04656876935 -0.97787603964 0.20909861209 0.000542839612944 0.00599390061137
1.16 8.25966262253 1.72665533392 2.04428095248 -0.976718479044 0.214445219451 0.000177768745267 0.00585055096623
1.18 8.38829560287 1.62573921684 2.04295262708 -0.975633351879 0.219345311709 4.28494579178e-05 0.00521489180427
1.2 8.51547514274 1.52258840655 2.0418466186 -0.974640574408 0.223727769462 -4.6153508655e-06 0.00465143717129
1.22 8.64125042562 1.41824718766 2.04093855809 -0.973719915058 0.227713354161 -6.39849160038e-05 0.00401886323388
1.24 8.76541876922 1.31152179978 2.04058028258 -0.972873884762 0.231307926961 -0.000178510002675 0.0036076873524
1.26 8.88927135229 1.20296931572 2.04041883141 -0.972113978975 0.234486360709 -0.000173692663887 0.00324474241679
1.28 9.01108378693 1.09321705317 2.04029119116 -0.971410454721 0.237387702683 -0.000312386911299 0.00295118418126
1.3 9.13330409229 0.981456129069 2.04053597226 -0.970793298561 0.239901645573 -0.000255802221843 0.0027397968255
1.32 9.25472475628 0.869657403314 2.04125271826 -0.970236074123 0.24214891302 -0.000137854581515 0.00241772407313
1.34 9.37463593998 0.756092739894 2.04156017129 -0.969766698206 0.244023141603 -0.000194912181625 0.00228460522372
1.36 9.49353229582 0.641577278325 2.04184350708 -0.969374016046 0.245578852407 -0.000306591847814 0.0022249193387
1.38 9.61095450576 0.526234266597 2.04180162678 -0.969026424776 0.24694591424 -0.000496373940383 0.002292844904
1.4 9.72939267092 0.410744897518 2.04207546029 -0.968773359125 0.247937584229 -0.000557102152739 0.00219604502269
1.42 9.84797988003 0.294476671152 2.04255516893 -0.968592489218 0.248643463131 -0.000538153078087 0.00217450336328
1.44 9.96731914585 0.174935151676 2.04354330134 -0.96856207539 0.248759007483 -0.000213505917172 0.00253312590269
1.46 10.0821938562 0.0557491555138 2.04431708286 -0.968507467574 0.248961618428 -0.000796367913048 0.00328079291071
1.48 10.1998300293 -0.0621633798337 2.04457350556 -0.968532611217 0.248859559408 -0.000948137802434 0.00354989223766
1.5 10.318467544 -0.180003864196 2.04492544463 -0.96862672368 0.248489102842 -0.000968660912136 0.00380757641309
1.52 10.4379318804 -0.297319803763 2.04503006075 -0.968787182393 0.247860775601 -0.000922225943263 0.00394723292961
1.54 10.5574133868 -0.415247832855 2.04416430552 -0.969015432515 0.246961204426 -0.000791025079222 0.0043161713377
1.56 10.6762317503 -0.530156127977 2.04385742767 -0.969331641923 0.245716128749 -0.000886819919184 0.00435495015436
1.58 10.7972995779 -0.645933331177 2.04326888869 -0.969722865801 0.24416503095 -0.000746656079621 0.0045214719037
1.6 10.9187222995 -0.760545669559 2.04249539132 -0.97018736874 0.242310709237 -0.000680504099834 0.00463968107309
1.62 11.0405948197 -0.876088514283 2.04092021408 -0.970740858526 0.240074573434 -0.000674762983447 0.00509209913949
1.64 11.1637797318 -0.988078392857 2.04033010642 -0.97135853331 0.237563887321 -0.000684961467745 0.00505272549737
1.66 11.2874063047 -1.09944217824 2.03999998963 -0.972058062369 0.23468129323 -0.000710489645981 0.00522582008135
1.68 11.4126574456 -1.20859899973 2.03931524254 -0.972822173379 0.231494790775 -0.00072794799292 0.00516245280828
1.7 11.5391436249 -1.31585560041 2.03863720037 -0.973659044006 0.227952354196 -0.000774531337512 0.00501899827671
1.72 11.6664391857 -1.42163811872 2.03834466182 -0.974585714345 0.223957996203 -0.000845899608686 0.00497853238671
1.74 11.7967592404 -1.52605545311 2.03772303532 -0.975589833836 0.219545340727 -0.000810435995131 0.004864429543
1.76 11.9282483563 -1.62669600955 2.03699302856 -0.976650122754 0.214788367245 -0.000878538223584 0.00444107995383
1.78 12.0610559468 -1.72550665293 2.03667141413 -0.977786735586 0.209559272679 -0.000954024903863 0.00413530924269
1.8 12.1962683211 -1.82152961694 2.03632528479 -0.978986308026 0.203889859031 -0.000927979983654 0.00372463889249
1.82 12.332747619 -1.91524615202 2.03623392266 -0.980258224861 0.197689194401 -0.00101694142423 0.00342940794432
1.84 12.4710603311 -2.00642173011 2.03635353864 -0.981582598191 0.191007641893 -0.00112628303589 0.00322725182696
1.86 12.6126828916 -2.09382885697 2.03596090198 -0.982957279284 0.183809558255 -0.00112561743782 0.00278682283813
1.88 12.7556509889 -2.17813069662 2.03630932829 -0.984371914701 0.176080251655 -0.00116516618482 0.00251414268338
1.9 12.9016571107 -2.26976064942 2.03520082953 -0.985793404437 0.16789787259 -0.000352398714246 0.00464154762747
1.92 13.0492385877 -2.34952460478 2.03430356188 -0.987253485393 0.159078543416 -0.000276500920336 0.00494935869153
1.94 13.2057324932 -2.42634091371 2.03072032705 -0.988707419005 0.149754100025 0.00141753950365 0.00541661450272
1.96 13.3511223228 -2.4943435205 2.03268327647 -0.990205314057 0.139507489427 0.00010132517688 0.00557549466741
1.98 13.5046540617 -2.55851769513 2.03177394662 -0.991636092204 0.128939468429 0.000159896042622 0.0056963632034
2.0 13.6600892309 -2.61776269977 2.03057746524 -0.993023725194 0.117765805198 0.000181286457436 0.00592144092204
2.02 13.8165412487 -2.67140079664 2.02946651013 -0.994341298837 0.106052310145 4.66299762583e-05 0.00618763010175
2.04 13.9754189466 -2.71866073341 2.02836531523 -0.995571713883 0.0937919842148 1.10838581604e-05 0.00632661764506
2.06 14.1352572027 -2.75896543508 2.02752645785 -0.996688206584 0.081070891691 -0.000125712719184 0.00633352776165
2.08 14.2965856157 -2.7929776848 2.02670229002 -0.997674136196 0.0678651882971 -0.000278096156431 0.00636842570854
2.1 14.4580304479 -2.81837224315 2.02605750134 -0.998510202926 0.0542285579393 -0.00065786254517 0.00601709007222
2.12 14.6208559963 -2.83668226847 2.02619079807 -0.999162653532 0.0405063826871 -0.00084944542967 0.00570115689942
2.14 14.7846838297 -2.84897400734 2.02627122605 -0.999638559219 0.0262976605082 -0.00104204606884 0.00548617480811
2.16 14.9488459002 -2.85393522203 2.0265340471 -0.999914519212 0.0119209849675 -0.00124474504792 0.00522446134791
2.18 15.112873504 -2.85170072154 2.02696906769 -0.999983387751 -0.00255668118133 -0.00148501318822 0.00494796317699
2.2 15.2780802736 -2.84064099045 2.02711380925 -0.999846376636 -0.0169214368984 -0.00148679694323 0.00432175157381
2.22 15.4435137907 -2.82382483455 2.02696845514 -0.999500386606 -0.0313347213785 -0.0013560293924 0.00390814456003
2.24 15.607039145 -2.80120538762 2.02765801439 -0.998949874598 -0.0456316550095 -0.00141005627833 0.00386158556638
2.26 15.7690613116 -2.77137120233 2.0280798069 -0.998211232622 -0.0596527739645 -0.00151198806539 0.00368720993563
2.28 15.9298794449 -2.73471801933 2.02838708253 -0.997303652994 -0.0732865246694 -0.0015536571529 0.00347781203737
2.3 16.0882081629 -2.69202187359 2.02889707806 -0.996239760188 -0.0865579301784 -0.00174767830781 0.00331821692009
2.32 16.2459044708 -2.64326963162 2.02931425749 -0.995049266019 -0.0993150687906 -0.00173377210239 0.00323563611434
2.34 16.4015014313 -2.58900539522 2.02985314317 -0.993745930223 -0.111605598272 -0.00173811425084 0.00319304843309
2.36 16.5552009631 -2.53233690313 2.03127911041 -0.992356249101 -0.12333213831 -0.00190708391483 0.00382381496
2.38 16.7063757305 -2.46778073065 2.03242234147 -0.990906906021 -0.134478318372 -0.00201017398177 0.0038787482936
2.4 16.855373338 -2.39853271836 2.03365477781 -0.989415835486 -0.145038019075 -0.00211892192719 0.00397337167987
2.42 17.0025132097 -2.32430942868 2.03499563173 -0.987895667486 -0.155053264592 -0.00216167938877 0.00399530281205
2.44 17.1479846718 -2.24644427067 2.03643598667 -0.986366330861 -0.164497279187 -0.00212806478481 0.00419259153219
2.46 17.2902636348 -2.16387954458 2.0378253482 -0.98485406918 -0.17331980171 -0.00224491703947 0.00420346318037
2.48 17.4305631735 -2.07547406122 2.03931331813 -0.983374400193 -0.181536737618 -0.00222167732983 0.00377704790161
2.5 17.5686280098 -1.98559177128 2.04071757825 -0.981914101606 -0.189275786381 -0.00230405901477 0.00375034261563
2.52 17.7052692612 -1.89258588184 2.0420300504 -0.980496081495 -0.196489479121 -0.00227763646266 0.00375914089413
2.54 17.8397353864 -1.79687487231 2.0433671386 -0.979131885759 -0.203177408694 -0.00227870491403 0.00380767518228
2.56 17.9718318214 -1.69862212557 2.04455983353 -0.977828510719 -0.209357878965 -0.00238407402429 0.00387276782286
2.58 18.1026553903 -1.59733477118 2.0460691733 -0.976594483655 -0.215042312686 -0.00235060176343 0.00380695683412
2.6 18.2331588866 -1.49339981543 2.04727712828 -0.97541789758 -0.220322090984 -0.00203862274902 0.0037343435248
2.62 18.3592205543 -1.38829000849 2.04856535806 -0.974317591461 -0.225137794213 -0.00218562828666 0.00366437101532
2.64 18.4874458486 -1.27856580995 2.04923420407 -0.973292986071 -0.229538837038 -0.00153109366261 0.00321579047869
2.66 18.6121161282 -1.1690786979 2.04969000716 -0.972345828528 -0.233521508666 -0.00140352500389 0.00305366222474
2.68 18.7354322765 -1.05846677979 2.05006754908 -0.971474237453 -0.237123373775 -0.0012740418493 0.00294760779759
2.7 18.8574543606 -0.947528479927 2.05080494913 -0.970685590303 -0.240330314359 -0.00124391977544 0.00304588946338
2.72 18.9781790558 -0.835281755126 2.05139972085 -0.969971681847 -0.243195010073 -0.00122799981008 0.00310088792292
2.74 19.0978068422 -0.722084779377 2.05204504553 -0.969329319721 -0.245742204486 -0.00123498699312 0.00314859823023
2.76 19.2164800003 -0.607930180987 2.05277199707 -0.968767498888 -0.247947225757 -0.00126298737081 0.00317981137936
2.78 19.3342235911 -0.494127273489 2.05337733643 -0.968273315508 -0.249866414569 -0.00136710061091 0.00341941250055
2.8 19.4513851251 -0.378989414977 2.05429797614 -0.967855021097 -0.251480219269 -0.00142315783169 0.00351170551048
2.82 19.5678444327 -0.263621079975 2.05527750202 -0.967518224949 -0.252770416924 -0.00152477356335 0.00364359503314
2.84 19.6840982697 -0.148038254008 2.05638143699 -0.96725570844 -0.253770145284 -0.00159179860196 0.00381759482895
2.86 19.8000183417 -0.0319041038807 2.05767668493 -0.96707451719 -0.254457409541 -0.00165454837096 0.00394555468708
2.88 19.9146315421 0.0850715532807 2.05961901995 -0.966975729176 -0.254831282642 -0.00199450547449 0.00387020916276
2.9 20.0303160936 0.201700279906 2.06138315679 -0.966936936519 -0.254976374668 -0.00209266591144 0.00395346752125
2.92 20.1462363339 0.318809384369 2.06287515501 -0.966965862769 -0.254865609388 -0.00219494628494 0.00396529976734
2.94 20.2622082567 0.435562409589 2.06465516639 -0.967076516906 -0.254443790655 -0.002296811776 0.00401154593774
2.96 20.3786741164 0.552492090158 2.06655126143 -0.967262659773 -0.253735135026 -0.00235368620819 0.00398602850086
2.98 20.4956786287 0.669472061981 2.06847996761 -0.967514592063 -0.252773955834 -0.00239444000545 0.00388690804846
3.0 20.6118421002 0.784366171809 2.07131791739 -0.967885863873 -0.251344044431 -0.00279562391973 0.00391284186814
3.02 20.7301826167 0.900077666396 2.0737472126 -0.968291264261 -0.249777538679 -0.00286262764873 0.00387480186054
3.04 20.849145844 1.01504164662 2.07542851797 -0.968777335032 -0.247882889968 -0.00303732228841 0.00391441743335
3.06 20.969511864 1.12935601846 2.07783925207 -0.969327507797 -0.245723196355 -0.00303864818365 0.00388072389347
3.08 21.0909559772 1.24334368773 2.08006273621 -0.969956405606 -0.243231488525 -0.00300299504716 0.0037411540595
3.1 21.2135747928 1.35586889765 2.08222170545 -0.970664706087 -0.24039003116 -0.00300220237921 0.0036943275231
3.12 21.3380919724 1.46746946055 2.08434872531 -0.971439275005 -0.237243329887 -0.00288110605026 0.00361062728667
3.14 21.4642904126 1.57937014558 2.08711607684 -0.972266008111 -0.233841965848 -0.00269757735809 0.00307693942515
3.16 21.5912146797 1.68865714336 2.08885633731 -0.973204481981 -0.229909134219 -0.00259423710883 0.00284538023895
3.18 21.7200340777 1.79583912469 2.09031311858 -0.974220978414 -0.225566076229 -0.0024612384677 0.00271528597828
3.2 21.8504679245 1.89922601369 2.0917047099 -0.975299977358 -0.220851146754 -0.00244644029857 0.00295636124769
3.22 21.9827660534 2.00318549118 2.09288986726 -0.976489393552 -0.215536360218 -0.00231907560971 0.00267648882919
3.24 22.1169689808 2.10565308739 2.09339668287 -0.977779829127 -0.209610414466 -0.00223100295247 0.00225887722008
3.26 22.2529043099 2.20386783748 2.09416123913 -0.979089112916 -0.203410168677 -0.00215480613607 0.00204182725472
3.28 22.3900365448 2.29856508839 2.09487802658 -0.980456992528 -0.196712444518 -0.00219251687128 0.00186891544062
3.3 22.5302055552 2.38996714263 2.09548782051 -0.981868776134 -0.189541618351 -0.00210908559822 0.00179808873587
3.32 22.6725822461 2.47660575349 2.09586704691 -0.983313780879 -0.181894785673 -0.00207638988742 0.00199596703403
3.34 22.8171009313 2.56053638106 2.09645220902 -0.984802553114 -0.173654920579 -0.00199176672758 0.00198312980668
3.36 22.963925786 2.63998922489 2.09705840428 -0.986309273342 -0.164882638088 -0.00188369983936 0.00204564204273
3.38 23.1128289101 2.71497861846 2.09748342866 -0.987830180422 -0.155510918545 -0.00182198235757 0.00213757822803
3.4 23.2638046785 2.78479427124 2.0979108279 -0.989346633521 -0.14554934804 -0.0017990779601 0.00232149600119
3.42 23.4189561725 2.85283627092 2.09695089885 -0.990804141115 -0.135281552535 -0.00126423656708 0.00211120813449
3.44 23.5754418674 2.91267851649 2.09727945456 -0.992254574164 -0.124198201133 -0.000860296737506 0.00221963417277
3.46 23.7325732173 2.96691130449 2.09674966351 -0.993651824044 -0.112472674979 -0.000744752574503 0.00232277850275
3.48 23.8909558743 3.01571794833 2.0961760234 -0.994971119605 -0.100133153455 -0.000699539398637 0.00230941031616
3.5 24.0521280461 3.05738102049 2.09566496952 -0.996181715463 -0.087267126545 -0.000536776364086 0.00247997442512
3.52 24.2131073748 3.09205576423 2.09475195317 -0.997255780349 -0.073979452788 -0.000651306961624 0.00274315960786
3.54 24.3751940618 3.12052033344 2.09428207707 -0.998171946015 -0.0603665889043 -0.000713566213218 0.00285165850672
3.56 24.542330226 3.14225161851 2.09236855129 -0.998935656576 -0.0460422884478 -0.000204582028786 0.00276040599007
3.58 24.7069643065 3.15699771904 2.09154163019 -0.999492508446 -0.0317302130921 -0.000117164138193 0.00281165610625
3.6 24.8714539569 3.16389551324 2.0908233189 -0.999846251345 -0.0172720920808 -9.77090834919e-05 0.00302307107531
3.62 25.0360627347 3.16293276115 2.09047865704 -0.999990344345 -0.00285925966513 1.70159183583e-05 0.00333699884333
3.64 25.2001832266 3.15625824249 2.08970951742 -0.999926035331 0.0116733622593 7.29783851591e-08 0.00341415874322
3.66 25.3639426066 3.14237250243 2.0890712811 -0.999651169458 0.0261782002151 3.77425246992e-06 0.00349874554208
3.68 25.5277991437 3.12218519145 2.08843165779 -0.999177837772 0.0403927313466 0.000100355210901 0.00347356990263
3.7 25.6893615809 3.09516993266 2.08783528728 -0.998512845495 0.0544072407019 6.3007842201e-05 0.00345623650793
3.72 25.8484413207 3.06286025889 2.08741752627 -0.997660930899 0.0682825250194 -0.000132581910037 0.00318530312959
