0.08 0.4533 0.45179 2.0 0.82312 0.21384 -3.25260651746e-19 -8.47032947254e-20
0.1 0.567403507525 0.559670189242 2.00116588892 0.823357908566 0.212919477165 0.000238797157398 -0.00080222846568
0.12 0.683648114873 0.66891349947 2.00240320033 0.823661168252 0.211741823672 0.000152124794354 -0.00142310656608
0.14 0.798238887189 0.778730199339 2.00459220877 0.824022430307 0.210328941547 0.000379059443757 -0.00172749568874
0.16 0.913661543687 0.891919289096 2.00349000749 0.824421031319 0.208763746284 0.000236176121506 -0.00113714554932
0.18 1.03158372854 1.00258005791 2.0034442568 0.824896256431 0.206877677349 4.04055400458e-05 -0.00105794314407
0.2 1.14915497255 1.1123442699 2.00289044787 0.825405107791 0.204838777747 -1.28833037806e-05 -0.000904526247659
0.22 1.26867934664 1.22275603215 2.002585705 0.826047346248 0.202236261932 -0.000162510622349 -0.000342860639808
0.24 1.3900503409 1.33301572131 2.00216592145 0.826712767179 0.199496929964 -0.000488473146688 0.000239847205247
0.26 1.51122641695 1.4376605708 2.00256320282 0.827452965889 0.196406689653 -0.000486676399858 0.0001553494818
0.28 1.63352917929 1.54487679009 2.00168107951 0.828260790769 0.19296926505 -0.00054562706365 0.000895642566881
0.3 1.75593204862 1.64708336595 2.00135641303 0.829141928901 0.18914634076 -0.000320082709987 0.00120600200926
0.32 1.8810737454 1.7450541717 2.001405536 0.830046141304 0.18513637042 -0.000341046250194 0.000999647595372
0.34 2.00730095549 1.84153326676 2.00128320393 0.831010568959 0.180761045414 -0.000154191751675 0.000850792454572
0.36 2.13569808482 1.9388094583 2.00083723386 0.832066025651 0.175835523444 -0.00015969105051 0.00140362615985
0.38 2.26767934474 2.0290390838 2.00047344611 0.833142936647 0.170662757101 -0.000285888190747 0.000870555580634
0.4 2.40003021753 2.11706551918 2.00016490429 0.834258543275 0.165122998961 -0.000237359436883 0.000642838187415
0.42 2.53579127221 2.20347032363 1.99924807572 0.835451907305 0.158976339485 -0.000409221853317 0.000563805974293
0.44 2.67040100306 2.2839752401 1.99955717599 0.836671712165 0.15242871211 0.000109044161389 0.000144188187914
0.46 2.80909694564 2.36234714329 1.9999290618 0.83789715411 0.145541852147 8.68530965339e-05 -6.68922631012e-05
0.48 2.94980979104 2.43716016215 2.00034844745 0.8391789916 0.137957492505 0.000160707328895 -0.000252157038989
0.5 3.09264254564 2.50818639298 2.00030889405 0.84047343014 0.129841102521 0.000202513472192 -0.000266070014888
0.52 3.23840655184 2.57670484645 2.00055530406 0.84174346237 0.121335578585 8.59524934232e-05 3.27314589551e-05
0.54 3.38639461769 2.63877456916 2.00067694856 0.842991654987 0.112335367208 -3.00355890449e-05 6.56262033164e-06
0.56 3.53646443051 2.6948115661 2.00059820687 0.8442087391 0.102787358654 -8.57033398425e-05 -0.000243783911969
0.58 3.68760065473 2.74610044109 2.00040256272 0.845357785159 0.0928687710835 -2.7036023434e-05 -0.000337928583806
0.6 3.84210061845 2.79289027649 2.00041876364 0.846445140324 0.0823681347647 -0.000258207299473 -0.000230146274024
0.62 3.99755781398 2.83285225382 2.00040212641 0.847436109769 0.0714507609353 -0.000329242117903 -0.000228917754737
0.64 4.15333232631 2.86692405204 2.00015729787 0.848309567172 0.0602052709795 -0.000263006913012 -0.000151104388822
0.66 4.31041184652 2.89480668255 1.99987107043 0.849057148396 0.0485350573279 -0.000179198661885 2.62151106644e-05
0.68 4.46988341109 2.91565599997 1.99940668336 0.849653794614 0.0366426750836 -0.000307164040461 6.863855817e-05
0.7 4.62922073495 2.9312217634 1.99927736446 0.850087974777 0.0245616385321 -0.000341270278195 0.000367700213021
0.72 4.78903279888 2.93761275741 1.99934276549 0.850354763467 0.0122714862435 -0.000327794999804 0.000296566341619
0.74 4.94741405677 2.93822702309 1.99915363357 0.85044331611 -8.52964028265e-05 -7.37664490126e-05 0.00044240062015
0.76 5.10684346494 2.93120140455 1.9989756062 0.850351806803 -0.0124688106333 -3.67137277819e-05 0.000476406865366
0.78 5.26559743982 2.91673024883 1.99919774476 0.850084107683 -0.0247111139538 2.99271389031e-05 0.00038987616223
0.8 5.4238876735 2.89556883556 1.99915915389 0.849644989047 -0.0368453095801 7.95691903322e-05 0.000277338154265
0.82 5.58130878288 2.86783292317 1.99910202187 0.849046342957 -0.0487197433562 8.56347151905e-05 0.000244937651726
0.84 5.73725815028 2.83370702442 1.99943409182 0.848302994452 -0.0603022397623 0.000126694886088 0.000201911679664
0.86 5.8923678407 2.79360102296 1.99929028756 0.84742565302 -0.0715780767494 6.671715295e-05 0.000228717321123
0.88 6.04563907699 2.74743346656 1.99937846578 0.84643807883 -0.0824414527871 1.41663117558e-05 0.000233940965835
0.9 6.1973596187 2.6950945314 1.99932883314 0.845354373083 -0.0928985774574 -8.00468073378e-05 0.000151564212906
0.92 6.34618657116 2.63804944906 1.99956043817 0.844197090908 -0.102882836608 1.58178770663e-05 0.000191109789588
0.94 6.49369028835 2.57540025595 1.99938389895 0.842984981474 -0.112380167143 -5.12851859319e-05 0.000122216655201
0.96 6.63904680614 2.50752385231 1.99927517857 0.841737345257 -0.121376984572 -0.000103412805349 -5.06893493099e-06
0.98 6.78150709368 2.4362047804 1.99934347125 0.840465628152 -0.129889089817 -3.16282577725e-05 1.64604056286e-05
1.0 6.92218440433 2.35973619513 1.99895755049 0.839181795551 -0.137938910999 -3.64172580744e-05 -0.000119743154958
1.02 7.06136627991 2.27996658562 1.99889702956 0.837916823272 -0.145426807029 -0.000155238757386 -0.000115487028991
1.04 7.19748390159 2.19680903063 1.99880617985 0.836662620249 -0.152477129499 -0.00010210031137 -0.000121383230561
1.06 7.33230801079 2.11104411165 1.99870497645 0.835437045782 -0.15905347482 -0.000154038371899 1.76074739931e-05
1.08 7.46449562238 2.02120764493 1.99836873288 0.834254436907 -0.165148345106 -0.000140905681447 -5.98844685384e-05
1.1 7.5951857578 1.9291710645 1.99840362756 0.833114097202 -0.17080766889 -0.000170242234945 -3.34793909693e-06
1.12 7.72314293857 1.83494302477 1.99843252248 0.832014804657 -0.176082193821 -5.15872573068e-05 9.65441284614e-05
1.14 7.8496550709 1.73760569227 1.99838282164 0.830974230958 -0.180930376798 1.97192152123e-06 6.43820146804e-05
1.16 7.97488876677 1.63909731715 1.99841423194 0.829987936802 -0.185403249736 -2.66296796704e-05 0.000215377787767
1.18 8.09848954729 1.53769305612 1.99836410942 0.829065807256 -0.189483243488 -2.63303729252e-05 0.000191705508662
1.2 8.22018956704 1.43492878792 1.99845261485 0.828203657647 -0.193217788107 1.53607477984e-05 0.000221375846537
1.22 8.3403812618 1.33002184419 1.99853489729 0.827404212398 -0.196611645879 8.82088443054e-05 0.000120112750065
1.24 8.46044505093 1.22367687095 1.99853314072 0.826671128982 -0.199672217396 -2.04506592851e-06 0.000109866165997
1.26 8.57834169567 1.11709735651 1.99866508304 0.826001287312 -0.202423711986 0.000103267142132 0.000219075731947
1.28 8.69555887834 1.00852014848 1.99867853637 0.825395115816 -0.204882245433 9.01974910086e-05 0.000176921970148
1.3 8.81235413614 0.899274315607 1.99873522917 0.824848200672 -0.207074006693 3.23188474339e-05 0.000215261544678
1.32 8.92823500276 0.787921391461 1.9985933503 0.824373141877 -0.20895628497 -3.88872953959e-05 7.22763674138e-05
1.34 9.04278018128 0.677369882051 1.99873673848 0.823956598211 -0.21059334142 1.9368720795e-06 0.00011692580202
1.36 9.15733248249 0.565911062191 1.99876484517 0.823612302892 -0.211934902359 -2.5444293663e-05 0.00015300335774
1.38 9.27094520877 0.453447358485 1.99873164464 0.823328589951 -0.213035619704 -1.72774840211e-05 7.74228889735e-05
1.4 9.3844914576 0.340695300223 1.99859129821 0.823103812145 -0.213901376819 -6.55841896977e-05 2.98500231111e-05
1.42 9.49834548041 0.227636324755 1.99824984845 0.822956499805 -0.21446846708 -0.00017583455733 7.84074720598e-06
1.44 9.61115649234 0.114450197162 1.99820751838 0.822857453262 -0.214845947703 -0.000175090304063 -4.45344578228e-05
1.46 9.72357985987 0.00232264993993 1.9983199895 0.822823224454 -0.214978457036 -9.46030509206e-05 5.64842441671e-05
1.48 9.83700556803 -0.11070263592 1.99805613955 0.822856974627 -0.214848625505 -0.000174256703061 4.57189569262e-05
1.5 9.94951149924 -0.223262545808 1.99807936889 0.822944867609 -0.214511640766 -9.69593955958e-05 4.43469175027e-05
1.52 10.062975048 -0.335014409703 1.99785019755 0.823106199149 -0.213891925262 -8.65812969571e-05 0.000150525836246
1.54 10.1767561031 -0.447087814305 1.99782594355 0.823333376523 -0.213017859119 -8.90146921551e-05 0.00013192322736
1.56 10.2906345889 -0.557831729506 1.99782359948 0.823615378875 -0.211924277516 -5.44992935469e-06 0.000249742480331
1.58 10.4049436122 -0.669221789778 1.99788154875 0.823963044918 -0.210567811674 2.87223644343e-05 0.000146162053732
1.6 10.5199543303 -0.778898416965 1.99793822177 0.824375716513 -0.208947087696 0.000110949005582 0.000202745796789
1.62 10.636567244 -0.887860087104 1.99789693876 0.824849602759 -0.207066407006 7.91629848144e-05 0.000267079554183
1.64 10.7536997836 -0.995959576292 1.99814989378 0.825399268254 -0.204866089768 9.46132167502e-05 0.000304560847893
1.66 10.8720039818 -1.10269790932 1.99825272131 0.825996046243 -0.202446081395 8.89284784747e-05 0.000375899360758
1.68 10.9916366308 -1.20876021765 1.99835279424 0.826676663015 -0.199649251961 5.84489254786e-05 0.000360147118109
1.7 11.112207251 -1.31283998362 1.99847311968 0.827411383014 -0.196582270159 8.54282132072e-05 0.000415248711626
1.72 11.2341173808 -1.41610081983 1.99861003475 0.828210537847 -0.193184893972 8.24167453258e-05 0.000346174507478
1.74 11.3573930576 -1.5172084342 1.9986762978 0.829073186702 -0.189449102637 0.000103247381046 0.000349808658846
1.76 11.4825153196 -1.61637055043 1.99879012953 0.829997755111 -0.18535794402 0.000103635254986 0.000349620709227
1.78 11.6096070168 -1.71449947339 1.99860259572 0.830983511963 -0.180886498969 1.5148411724e-05 0.000176242860145
1.8 11.7382538639 -1.80902353064 1.9987017705 0.832021108183 -0.176053924641 -8.88493958464e-06 0.000222613528005
1.82 11.8685185106 -1.90127533573 1.99879920968 0.833113501648 -0.170807169663 -2.18810128119e-05 0.000177094168067
1.84 12.0010565636 -1.99120827152 1.99858788207 0.834259640316 -0.165119360688 -6.61646835919e-05 8.5257623664e-05
1.86 12.1352834458 -2.07716551167 1.99866388542 0.835441602142 -0.159031633481 -5.3654411637e-05 0.000132011631896
1.88 12.2718031566 -2.16083758065 1.99857412979 0.836667271112 -0.152452989313 -0.000117556146029 1.71508152079e-05
1.9 12.4101744736 -2.24021746659 1.99841638041 0.837917052246 -0.145425569947 -9.63846959691e-05 -9.69143504274e-07
1.92 12.5506143937 -2.31556949958 1.99835157042 0.839186270285 -0.137914002142 -6.80547550765e-05 7.00822882199e-06
1.94 12.6925504639 -2.38701053092 1.99823220781 0.840465428873 -0.129890677148 5.10538146294e-05 -4.1063457832e-05
1.96 12.8373152007 -2.4533828689 1.9982604932 0.841731430306 -0.121418324378 7.45906225613e-05 4.5261356182e-05
1.98 12.9839745448 -2.51562140924 1.99816468224 0.84297626515 -0.11244880805 0.000117329422035 -1.65361250029e-05
2.0 13.1334167216 -2.57238468669 1.99817793235 0.844192034815 -0.10292545632 5.82806099042e-05 4.65427977818e-05
2.02 13.2839124795 -2.62338958849 1.99830402973 0.845346310532 -0.0929711552711 0.000140707033671 0.000139653276533
2.04 13.43672612 -2.66943201076 1.99825616585 0.846430768214 -0.0825125741075 0.000114487885399 0.000113058348942
2.06 13.5910699355 -2.70869875101 1.99818149544 0.847420188196 -0.0716441998695 0.000173369590593 0.000219611990566
2.08 13.7468611346 -2.74282803399 1.99832265544 0.848294864696 -0.060411519127 0.000167334866779 0.000135068396251
2.1 13.9046495186 -2.76971626727 1.99826021798 0.849043808248 -0.0487669803336 9.39539898259e-05 0.000224271739309
2.12 14.0623157653 -2.7894773531 1.99854953277 0.84964357142 -0.0368742933672 0.000174692341971 0.000361736738587
2.14 14.2215899486 -2.80317214706 1.99854518654 0.850081798804 -0.0247826482918 0.000112327033391 0.000378582782103
2.16 14.3805812715 -2.81010432762 1.99869326248 0.850351813736 -0.0124735002705 0.000167888471466 0.000368987662091
2.18 14.5404373011 -2.80972426825 1.9986456796 0.850442785729 -0.000126150048852 0.000110958547945 0.000422892696282
2.2 14.7001762178 -2.80308098458 1.99868889259 0.850354902831 0.0122411537136 3.96341479614e-05 0.000356592324058
2.22 14.8591600626 -2.78871296358 1.99850342077 0.850090474315 0.0244950064139 1.97738748472e-05 0.000451416030458
2.24 15.0173233836 -2.76824713532 1.99857054758 0.849653669779 0.0366299417065 1.34487775327e-05 0.000400326289615
2.26 15.1749321568 -2.74110530063 1.99838656316 0.849057675315 0.0485289244286 -4.73150308581e-05 0.000385677104365
2.28 15.330730563 -2.70723786896 1.99825882991 0.848312537171 0.0601606358853 -5.91530365742e-05 0.000401597195818
2.3 15.4844788898 -2.66702928512 1.99822731487 0.847439418077 0.0714139451161 5.13439264141e-05 0.000449256201141
2.32 15.6373784147 -2.62144663215 1.9981119417 0.846452866758 0.0822880332893 -4.2036105267e-06 0.000368532665656
2.34 15.7877712918 -2.57021031702 1.99821848855 0.845371870278 0.0927397987063 8.72715976286e-05 0.000297169267772
2.36 15.9370117422 -2.5133847492 1.99798825299 0.844219063434 0.102701287679 4.15612276815e-05 0.000272122832183
2.38 16.0836062017 -2.4507797432 1.99782566043 0.843009608267 0.112198342756 7.53584860978e-05 0.000371876103727
2.4 16.2282488992 -2.38448608773 1.99794993715 0.841762212331 0.121200123296 0.000104909618626 0.000275944613294
2.42 16.3706831253 -2.31339907906 1.99783948595 0.840489799974 0.129731268658 0.000112692707938 0.00023853591216
2.44 16.5109395133 -2.23797566468 1.9980868339 0.839212494806 0.137752231634 0.000140631827381 0.000231466297326
2.46 16.6492502434 -2.15843162771 1.9980237629 0.837945163014 0.145262558152 0.000116689113796 0.000293807038977
2.48 16.7854027863 -2.07572522465 1.99811448674 0.83669223074 0.152315053912 0.000129379310118 0.000259026532577
2.5 16.9194843469 -1.98944651849 1.99788460597 0.835478009672 0.158841608561 0.000137795348993 0.000266808360095
2.52 17.0519054747 -1.90056753699 1.99799961596 0.834289817371 0.164969394837 7.94678089151e-05 0.000209626924077
2.54 17.1817359068 -1.80840545696 1.99809499239 0.833150266056 0.170630744398 0.000125993692298 0.000232420289533
2.56 17.3104339603 -1.71353289959 1.99799731221 0.832059225166 0.175873055352 4.18458379026e-05 0.000290119437418
2.58 17.4366967521 -1.61622324867 1.99791127478 0.83101547448 0.180739142644 6.46057942375e-05 0.00036027461068
2.6 17.5619050767 -1.51747892945 1.99775574569 0.830035803148 0.185185803923 5.39295652589e-06 0.000320128554835
2.62 17.6852214624 -1.41612975218 1.99759984608 0.829107230656 0.189301026682 -1.53104644785e-05 0.000370667835285
2.64 17.8070198229 -1.31369427425 1.99773994004 0.828252734067 0.193005635051 -6.08262897203e-06 0.000343798386391
2.66 17.9276540969 -1.20938673005 1.99751160394 0.827465102272 0.196355887009 -3.76409049175e-05 0.000351532269808
2.68 18.0469240282 -1.1032945611 1.99721688893 0.826726336926 0.199440854132 -6.5991530882e-05 0.000411716046115
2.7 18.164699517 -0.996240351998 1.99708319816 0.826051500774 0.202217636609 -3.54910991951e-05 0.000434621662639
2.72 18.2817583304 -0.888880182025 1.99722875756 0.825454498966 0.204640668376 6.07614823562e-06 0.00033131826816
2.74 18.3978152428 -0.779693778684 1.99698701783 0.824904480891 0.206848647648 -8.55049754492e-06 0.000323343472265
2.76 18.5131879061 -0.669569526734 1.99688941295 0.824429762208 0.208733403124 -3.86688184195e-05 0.000398470091197
2.78 18.6276256597 -0.559605344427 1.99672328727 0.824026612205 0.210319748663 1.06038652256e-05 0.000284346835744
2.8 18.7413375128 -0.44838496816 1.99673617805 0.823669967149 0.211709435523 5.23171539224e-05 0.000300371403985
2.82 18.854453205 -0.336588171401 1.99673577901 0.823391111134 0.212794181622 0.000106378464956 0.000337463039782
2.84 18.9675163219 -0.225183913933 1.99690675506 0.823167205408 0.213656737744 0.000150978356876 0.000232547354297
2.86 19.0809311798 -0.11237881851 1.9966687503 0.823008793862 0.214265861419 2.37934098247e-05 0.000281489812763
2.88 19.1929254624 -0.000366882348024 1.99685257137 0.822909877904 0.214645829806 0.000152690523978 0.000233283230873
2.9 19.3056542255 0.1122816399 1.99664665127 0.822880359892 0.214758639179 0.000116613181479 0.000244224596635
2.92 19.4183816614 0.22477255886 1.99681617396 0.822913878444 0.214630384684 0.000132173320238 0.000237198641304
2.94 19.5314494331 0.337020538112 1.99681573913 0.823002099892 0.214292577029 8.70986260865e-05 0.000214210973157
2.96 19.6444631437 0.449283869003 1.99683271767 0.823157233803 0.213694561374 0.000115029320861 0.000252218849941
2.98 19.7583501893 0.561124351093 1.99660165022 0.823385412679 0.212813179187 4.45954476166e-05 0.000278554974493
3.0 19.8721098427 0.672463084294 1.99669319173 0.823670362163 0.211707967352 7.35190880694e-05 0.000302582744937
3.02 19.9866042449 0.783302278022 1.9966816604 0.824018280987 0.210350810143 4.6405674997e-05 0.000361117209059
3.04 20.1023401038 0.89326537041 1.9965170685 0.824421575534 0.208765330383 -1.85511869365e-05 0.000359314100269
3.06 20.2183943258 1.00213277693 1.99645651815 0.824904523502 0.20684830575 -1.00393416709e-05 0.000336995927181
3.08 20.335518122 1.1101882508 1.99641373367 0.825443202 0.204687108357 -2.4803002809e-05 0.000338799083506
3.1 20.4533670887 1.21719282944 1.99631835836 0.826054619094 0.202206502412 -1.78401136906e-05 0.000375609672238
3.12 20.5724769253 1.32328664218 1.99606766951 0.826726231446 0.199440691702 -4.10974261756e-05 0.000463034415632
3.14 20.6929131519 1.42689281623 1.99605785187 0.82745766845 0.196384294369 -7.53138294214e-06 0.000365120941207
3.16 20.8142949765 1.52929853294 1.99600957103 0.828258806819 0.192978876325 5.36103783124e-05 0.000370159067894
3.18 20.9375471059 1.62974671584 1.99585671093 0.829115424502 0.189263936065 4.65182797096e-05 0.00030633352752
3.2 21.0623610327 1.7287492385 1.99587533867 0.830042890279 0.185155463325 5.22618561096e-05 0.000319106757124
3.22 21.1891229125 1.82565507481 1.99570608682 0.831025687449 0.180693217589 -3.13344998285e-05 0.000339681212995
3.24 21.3166832276 1.91939134623 1.99590865791 0.832056548131 0.175884085941 9.30042613746e-05 0.000242958767149
3.26 21.4463105442 2.01171138187 1.9957924929 0.833155004574 0.170604176386 0.000133410645906 0.000366804727636
3.28 21.5780449602 2.10006880471 1.99587544914 0.834293161966 0.164949605023 0.000171168350117 0.000253695027781
3.3 21.712404458 2.18629926474 1.99578101099 0.83548048771 0.158825011649 0.000101149214504 0.000286022597222
3.32 21.8484385506 2.26868823417 1.99577084659 0.836702381085 0.152259515957 0.00010789385303 0.000239115262577
3.34 21.9865373454 2.34763658066 1.99587246951 0.837948070381 0.145249029492 9.77404727416e-05 0.000211935315359
3.36 22.1265401128 2.42277908103 1.99578297072 0.839219987867 0.13770694032 0.000132101487319 0.000209754701296
3.38 22.2692675069 2.49387141903 1.9957346236 0.840496100187 0.129690570832 7.51322098069e-05 0.000207052975484
3.4 22.4137950691 2.5605324246 1.99576141932 0.841764611392 0.121184792875 7.86321843119e-05 0.000222134757637
3.42 22.5601645743 2.62187456103 1.99580217704 0.84301450233 0.112159066173 0.000101367493655 0.000139819417477
3.44 22.7091242816 2.67899941653 1.99577129665 0.844224424705 0.10266132977 4.39179044596e-05 0.000211335789865
3.46 22.8598303332 2.73056888067 1.9956258827 0.845377598469 0.0926812514198 1.88999553144e-05 0.000244668213588
3.48 23.0124283475 2.77632502085 1.99565742179 0.846458197181 0.0822321705025 -6.9781086391e-06 0.000242501388592
3.5 23.1662723851 2.81619971928 1.99554529097 0.847444294412 0.0713533926238 5.10251341005e-06 0.000287463151608
3.52 23.32163573 2.84930116397 1.99561978009 0.848317039124 0.0601021399693 1.82551937786e-05 0.000224371379869
3.54 23.4783795167 2.87668765778 1.99556904406 0.849061208316 0.0484632156715 3.38473284963e-05 0.000274274651731
3.56 23.6358816785 2.89703295752 1.99556395398 0.849656074271 0.0365788102255 7.79420932778e-05 0.000272321916317
3.58 23.7938704249 2.91082179569 1.99555014576 0.850091830598 0.0244349747344 0.000140979253425 0.00029534799067
3.6 23.9528669705 2.91793710858 1.99562450181 0.850356380629 0.0121583510603 0.00013305216304 0.000358503731801
3.62 24.111995375 2.91790951492 1.99558243744 0.850443307673 -0.000201539385098 0.000142494785132 0.00037774347724
3.64 24.2708912308 2.91017248917 1.99570624478 0.850350206104 -0.0125567737475 0.000131919778448 0.000243150412708
3.66 24.4288541731 2.89638150371 1.99587148084 0.850080009511 -0.0248383196988 0.000188644738365 0.000285505113233
3.68 24.5866316059 2.87520146797 1.99591557949 0.849638931952 -0.036972356554 0.000167525732841 0.000201865978697
3.7 24.7434372934 2.84803624016 1.99592121656 0.849037958136 -0.0488693561713 0.000154498470368 0.000257127433812
3.72 24.8986768135 2.8139165767 1.99606808663 0.848290639508 -0.060473134479 0.000198089052949 0.000171811061696
