# Format: timestamp tx ty tz qx qy qz qw
# Where translations and quaternions are defined in world coordinates (=> inverse of pose)
1 28.24627272819134 28.27579491957547 -9.976063884707006 -0.2352462182419733 -0.568613121314786 0.7282958082551851 0.3015353225567993
2 18.29492018955268 35.72124299704594 -9.849468111137885 -0.1446288297306154 -0.5997177701132265 0.7648666735552205 0.1854725572847456
3 6.158807883584126 39.46660386065558 -9.845005395641579 -0.04710123760894362 -0.6147396649632361 0.7849484346683647 0.06109478413316285
4 -6.175157968850648 39.50472182331033 -9.952582240156429 0.04714669796877529 -0.6137125577548015 0.7857181067614183 -0.06149099146990972
5 -18.09577353395939 35.5511642167514 -9.99273520384051 0.1427074228752732 -0.597811160360272 0.7668068499444651 -0.1851044647847507
6 -28.23934293362304 28.25349240820717 -9.904505683405546 0.2348880443764898 -0.5694129289263198 0.7274313213473127 -0.3023907996342506
7 -35.52267157572077 18.15253968392277 -9.980680901616676 0.3208861717704283 -0.5252321303299644 0.6712559288271789 -0.4130118061870954
8 -39.54745791481592 6.155332259949809 -10.12510635077442 -0.3995213355527401 0.4664475723128482 -0.5992807771148082 0.513489936515095
9 -39.46501578233325 -6.201081614562273 -10.03711684532004 -0.4667133503319658 0.4001493148222435 -0.5115663016974725 0.6002991699450955
10 -35.56743856418915 -18.12612205899324 -10.20502630662251 -0.5225105488964318 0.32095116825075 -0.411246356993802 0.6744253166583787
11 -28.27363084495323 -28.23081988732662 -9.86200028442039 -0.5691600020855618 0.2362582809964959 -0.3009273225134785 0.7277923215117162
12 -18.1459544859165 -35.53887257920896 -9.989484039563765 -0.5978927195436357 0.1439884674760161 -0.1843084001358151 0.7666955267836116
13 -6.382329831953242 -39.39228742174831 -10.00868160509191 -0.6130953489913438 0.04941977820223843 -0.06317842309384077 0.7859263740472128
14 6.194284492474186 -39.49932313650871 -10.08132321250166 -0.6125436297212176 -0.04835733727026977 0.06136826131289842 0.7865658307627639
15 18.19465593859969 -35.5204975437019 -9.931315212336674 -0.5984521960226612 -0.1444213635424816 0.1845116935855769 0.7661284968974634
16 28.27057945424256 -28.32472087505043 -9.877974863105671 -0.5694436273875796 -0.2356455783162577 0.3008419166971746 0.7278044090314667
17 35.62348136351881 -18.15085368007278 -10.06749408106086 -0.5233163184359786 -0.3224903349144489 0.4108473496776922 0.6733085993867866
18 39.56024538239596 -6.197799315877108 -9.856163745492937 -0.4690303594659791 -0.4009153861993391 0.511631762171194 0.5979216628835651
19 39.53821122994601 6.327201880219571 -10.02953875792609 -0.3987688199716043 -0.4678682869025768 0.5995071709904979 0.5125171667956823
20 35.72402928646002 18.14326938631776 -9.879000354220496 -0.3219700519316573 -0.5257089602256633 0.6705532885835219 0.4127028737086791
