0.0333333333333 0.1089 1.3 0.1 -1.69178750969e-33 -0.999940590493 4.92766526089e-32 0.0109002516018
0.0666666666667 0.108897 1.2996 0.0998531 -0.000331626446119 -0.999946494085 0.00159918795719 0.0102147730774
0.1 0.108963 1.30228 0.100752 -5.37283224393e-05 -0.999945743876 0.00283283610253 0.0100240439586
0.133333333333 0.108803 1.30156 0.10067 -0.000195736953139 -0.999951811503 0.000640333494001 0.00979419891705
0.166666666667 0.108995 1.30116 0.100499 6.5287043739e-05 -0.999945738568 0.000208891821128 0.0104149902162
0.2 0.108861 1.30226 0.100826 0.000477014236502 -0.999940912824 0.000345738257351 0.0108546664297
0.233333333333 0.108973 1.30246 0.100903 0.000777411227992 -0.999937786594 -0.00081394846606 0.0110975700904
0.266666666667 0.109123 1.30113 0.100465 0.000471121498104 -0.999934490513 -0.00205666025959 0.0112500167362
0.3 0.108915 1.30113 0.100405 0.000389236517037 -0.999938359991 -0.00122162247345 0.011028705818
0.333333333333 0.10887 1.30187 0.100578 0.000544100742167 -0.999938883883 -0.000748985939908 0.011016872208
0.366666666667 0.108991 1.30126 0.100386 0.000464184139139 -0.999937465967 -0.00150171918322 0.0110721961805
0.4 0.10899 1.30041 0.100107 0.00033277213123 -0.999937339996 -0.00121785844426 0.0111230465449
0.433333333333 0.10901 1.29996 0.0997768 0.000145029963851 -0.999936536195 -0.000122046003735 0.0112644420111
0.466666666667 0.108831 1.29991 0.0996912 -0.000290163220213 -0.999938020194 0.000931485398169 0.0110907128472
0.5 0.108845 1.29982 0.0996261 -0.000760927606738 -0.999940324531 0.0016294022363 0.0107755934611
0.533333333333 0.108528 1.29987 0.0996878 -0.000979848611634 -0.999942691988 0.00233277108329 0.010402442779
0.566666666667 0.108647 1.30001 0.0996579 -0.00113619038115 -0.999942812076 0.00256654688095 0.0103196165275
0.6 0.108667 1.30069 0.0999077 -0.000954947329982 -0.999945182714 0.00289948383445 0.0100156195796
0.633333333333 0.108744 1.30061 0.0999483 -0.000345285693439 -0.9999481428 0.00233144055877 0.00990741507314
0.666666666667 0.10891 1.30088 0.100061 0.00042128867291 -0.999948119975 0.00201147624792 0.0099766646841
0.7 0.109013 1.30097 0.100198 0.00123140069062 -0.999946374486 0.00126858256329 0.0102040434144
0.733333333333 0.108907 1.30081 0.100101 0.00170539392631 -0.999944979716 0.000690840500017 0.0103272412521
0.766666666667 0.109218 1.30097 0.100164 0.00212902395832 -0.999943903939 0.000458762794196 0.0103656050728
0.8 0.109199 1.30083 0.100151 0.00229735308265 -0.99994543889 -6.45123994545e-05 0.0101900564242
0.833333333333 0.109492 1.30079 0.100152 0.0023864686283 -0.999946091299 -0.000179082592253 0.0101038206775
0.866666666667 0.109332 1.30054 0.100108 0.0024786264528 -0.999950641425 -0.000212249902718 0.00961904746557
0.9 0.109574 1.3006 0.100126 0.00264601499799 -0.999950073101 9.88247362675e-05 0.00963535903691
0.933333333333 0.109685 1.30071 0.100092 0.0029704841924 -0.999948888479 0.000280654638232 0.00966011837358
0.966666666667 0.110055 1.30042 0.0999759 0.00318682439882 -0.999946093522 -1.08328546966e-05 0.00988200805866
1.0 0.109829 1.30003 0.100012 0.00346198945342 -0.999945984101 2.84471577313e-06 0.00980017865611
1.03333333333 0.110019 1.30029 0.100025 0.00378401686375 -0.999943465914 0.000463204792749 0.00992631021528
1.06666666667 0.110266 1.30069 0.100059 0.00394989080703 -0.999941531589 0.000570510993424 0.0100501882269
1.1 0.110516 1.30053 0.0998954 0.00438987589694 -0.999940267842 -0.000363018191012 0.0100028973081
1.13333333333 0.110958 1.30086 0.0998212 0.00476147261194 -0.999938121784 -9.35244325275e-05 0.0100534688245
1.16666666667 0.111287 1.30171 0.100047 0.00505513151685 -0.999934130181 -0.000121322019597 0.0103036995646
1.2 0.111657 1.30187 0.100057 0.00526975992605 -0.999926810049 -0.000844759275173 0.0108577418
1.23333333333 0.111783 1.30139 0.0998146 0.00534817979001 -0.999915128718 -0.0013535573402 0.0118025512789
1.26666666667 0.111951 1.30196 0.0997785 0.00532636591816 -0.999903221217 -0.00106614289915 0.0128078633801
1.3 0.112548 1.30349 0.100103 0.00506459599791 -0.99988738006 -0.00128066444536 0.0140690071558
1.33333333333 0.112815 1.30305 0.0996832 0.00421383770853 -0.999874570986 -0.003396173879 0.0148846185497
1.36666666667 0.113166 1.30183 0.0989545 0.00313772711267 -0.999869383478 -0.00447234789108 0.0152108104918
1.4 0.113731 1.30212 0.098599 0.00229342019175 -0.999869142065 -0.00365266531471 0.0155915684621
1.43333333333 0.113929 1.30225 0.0980511 0.00174600639195 -0.99986597345 -0.00353316347191 0.0158903541155
1.46666666667 0.114369 1.30187 0.0973926 0.00144823348644 -0.999859558907 -0.00342794277278 0.0163405719042
1.5 0.114651 1.30237 0.0968336 0.00189076031166 -0.999847759133 -0.00248121748935 0.0171676190139
1.53333333333 0.114916 1.30349 0.0962829 0.00297985857829 -0.999831495445 -0.00208509319954 0.0179931527125
1.56666666667 0.114951 1.30388 0.0953848 0.0042510717219 -0.999805505122 -0.00302696342359 0.0190188803585
1.6 0.115266 1.30393 0.093931 0.00571253364024 -0.999775293706 -0.0039316794888 0.0200317485626
1.63333333333 0.115182 1.30537 0.0928987 0.00755119287265 -0.999756018141 -0.00418329586152 0.0203318399008
1.66666666667 0.115111 1.30592 0.0913795 0.00949053845794 -0.999724386343 -0.00601403072122 0.0206134049816
1.7 0.115019 1.30572 0.0894794 0.0111604205963 -0.999688957414 -0.00771802504118 0.0209252365808
1.73333333333 0.114412 1.30585 0.0875697 0.0127345540107 -0.999670181533 -0.00831959621907 0.0206916313303
1.76666666667 0.113984 1.30709 0.0859333 0.0139414197644 -0.999659595273 -0.00859057434055 0.0203108942539
1.8 0.112974 1.30781 0.0841656 0.0152038045331 -0.999634859539 -0.00998952332264 0.0199800236674
1.83333333333 0.112567 1.30755 0.0816659 0.0159752182537 -0.999610812416 -0.0115869344704 0.0197169737071
1.86666666667 0.112 1.30731 0.0791595 0.0165120142915 -0.99961888306 -0.0121879183388 0.0184633870362
1.9 0.110829 1.3074 0.0767808 0.0174201158761 -0.999638967367 -0.0121319033568 0.0164709260608
1.93333333333 0.110101 1.30637 0.0739371 0.0186489087418 -0.999639228632 -0.0121512330534 0.0150325752606
1.96666666667 0.108753 1.30665 0.0713199 0.0201767920663 -0.999654781938 -0.0103104328111 0.0133007137126
2.0 0.107778 1.30796 0.0689352 0.0226321759694 -0.999635656091 -0.00878960421923 0.0117933260522
2.03333333333 0.106439 1.30797 0.0660337 0.0250506131659 -0.99959457521 -0.00879223959658 0.0102882706512
2.06666666667 0.105087 1.30805 0.0631471 0.0275290728844 -0.999548908041 -0.00839543761314 0.00858179513269
2.1 0.10362 1.30869 0.0604848 0.0297759832473 -0.999505165751 -0.00789073195897 0.00636795164736
2.13333333333 0.101961 1.30836 0.0573641 0.0318108933433 -0.999454837713 -0.00796406710117 0.00382989191995
2.16666666667 0.100697 1.30873 0.0545424 0.0344934834402 -0.999374910432 -0.007660813841 0.00114014493067
2.2 0.0988601 1.30971 0.0520392 -0.0377053316323 0.999255740556 0.00798972301587 0.00156117247832
2.23333333333 0.0966771 1.30825 0.0487718 -0.0407577869414 0.999115588035 0.00937641804828 0.00435055562954
2.26666666667 0.0962851 1.30803 0.045926 -0.0444918089577 0.998960155178 0.00755898379023 0.00647680988776
2.3 0.0944025 1.30889 0.0432967 -0.0474179592881 0.998813039273 0.0057464701078 0.00954084886068
2.33333333333 0.0928494 1.30962 0.0408524 -0.0498564664938 0.998664048277 0.00541020799034 0.0124571696814
2.36666666667 0.091531 1.3089 0.0378414 -0.0514505944834 0.998535918805 0.00593571865756 0.0156084088862
2.4 0.0899873 1.30918 0.0352032 -0.0526097866662 0.998421646967 0.00532813351754 0.0189218447477
2.43333333333 0.0886075 1.3097 0.0327687 -0.0537423964706 0.998299495161 0.00561820031454 0.021870267671
2.46666666667 0.087067 1.30884 0.0299066 -0.0552320261775 0.998130433196 0.00645569635088 0.025365046739
2.5 0.0856536 1.3085 0.0272333 -0.0572798282265 0.99792104332 0.00548396978463 0.0290265163836
2.53333333333 0.0841176 1.30973 0.0250801 -0.0601745654836 0.997634927344 0.00401120545882 0.0329770168964
2.56666666667 0.0829755 1.31087 0.0230022 -0.0630404057706 0.997328851561 0.00450435652719 0.0366166609074
2.6 0.0814011 1.31018 0.0201999 -0.0664012597218 0.996954372776 0.00609368316589 0.0404440148313
2.63333333333 0.0805175 1.30997 0.0174903 -0.0696696722821 0.996606823961 0.00599257082213 0.0434173271159
2.66666666667 0.0793912 1.31104 0.015286 -0.0725641769779 0.996238590841 0.00529808964262 0.0470642176674
2.7 0.0780119 1.31128 0.0127875 -0.0755802832048 0.995778681688 0.0061530859075 0.0517163167704
2.73333333333 0.0774287 1.31152 0.0102846 -0.0788259528919 0.995297216565 0.00682301441008 0.0558870854726
2.76666666667 0.0762799 1.31244 0.00791054 -0.0822068361484 0.994746917196 0.00739735443792 0.0605465603185
2.8 0.0754691 1.31264 0.0053783 -0.0849868284611 0.994233528028 0.0093979507858 0.0647194658102
2.83333333333 0.074818 1.31225 0.00261572 -0.0874365191045 0.993712258454 0.0112234645643 0.0690277941738
2.86666666667 0.0739543 1.3124 5.8739e-05 -0.0898279780482 0.993156614093 0.011795235054 0.0737003844809
2.9 0.0730252 1.31235 -0.00277606 -0.0923390301033 0.992565102439 0.0120773618802 0.0783719227148
2.93333333333 0.072182 1.31269 -0.00552496 -0.0950365228683 0.991961044069 0.0118969831265 0.0827031327244
2.96666666667 0.0713021 1.31266 -0.00841724 -0.09772906763 0.991375632183 0.0120712441277 0.0864735238075
3.0 0.0707725 1.31264 -0.0113732 -0.100780198289 0.990762736107 0.0116943066012 0.0899766390099
3.03333333333 0.0694773 1.31321 -0.0143568 -0.104067819631 0.990068177411 0.0107263077121 0.0939139995825
3.06666666667 0.0688664 1.31345 -0.0175216 -0.106920698518 0.989448443403 0.0108321630434 0.0971720449529
3.1 0.0683465 1.31396 -0.0204515 -0.108672911272 0.988898880974 0.0110298993233 0.1007350132
3.13333333333 0.0674747 1.31376 -0.0236194 -0.109892453857 0.988330251538 0.0120825481196 0.104790145104
3.16666666667 0.0665624 1.31397 -0.0266746 -0.111321782684 0.987683785314 0.0125763377624 0.109224707166
3.2 0.0655672 1.31382 -0.0299033 -0.113301900975 0.986867543908 0.0137608880378 0.114305590316
3.23333333333 0.0649323 1.31237 -0.0335249 -0.116465471092 0.985880153845 0.014671137505 0.119418901447
3.26666666667 0.0642336 1.3125 -0.0366684 -0.119751985011 0.984963107928 0.0132178802644 0.123824172715
3.3 0.0631113 1.31249 -0.039877 -0.123134010789 0.983982629768 0.0127085680764 0.1282758434
3.33333333333 0.0628347 1.31087 -0.0434891 -0.126391840693 0.98299248272 0.0125998113055 0.132635313084
3.36666666667 0.0622053 1.31031 -0.0468623 -0.128932314584 0.982077014809 0.0101823764192 0.137104027842
3.4 0.0614513 1.31062 -0.0498018 -0.130938596725 0.981219267392 0.00779929367285 0.141431977307
3.43333333333 0.0610537 1.30941 -0.0531962 -0.132923680799 0.980271326869 0.00630738984115 0.146149367547
3.46666666667 0.0601254 1.30937 -0.0563151 -0.134763088584 0.979250049388 0.00323615122381 0.15132011781
3.5 0.059614 1.30924 -0.0590396 -0.136644019809 0.978328367522 0.000984276957958 0.15556686135
3.53333333333 0.0594308 1.30851 -0.0618708 -0.138190109342 0.977475782652 -0.0012073917316 0.159509028627
3.56666666667 0.0587648 1.30916 -0.0643099 -0.139334661608 0.976627303227 -0.00377979281101 0.163617467991
3.6 0.0585815 1.30824 -0.0670733 -0.140813231008 0.975710515297 -0.00467398279279 0.167746171929
3.63333333333 0.0583203 1.30736 -0.0697572 -0.142126730821 0.974728694438 -0.00643578756748 0.172228177903
3.66666666667 0.0578818 1.30702 -0.0723016 -0.142289770938 0.973743432362 -0.00918072089139 0.177462850709
3.7 0.0573182 1.3068 -0.0748236 -0.141991954075 0.972616642128 -0.0116251501498 0.183630085547
3.73333333333 0.0567944 1.30658 -0.0772192 -0.141688513539 0.971433379143 -0.0137696494613 0.189873515194
3.76666666667 0.0570761 1.30586 -0.0796545 -0.141827776179 0.970201298982 -0.0155561522778 0.195837502754
3.8 0.0566577 1.30603 -0.08208 -0.141908236658 0.968874769731 -0.0179952279909 0.202039364277
3.83333333333 0.0562181 1.30609 -0.0844233 -0.142377365607 0.967497448156 -0.0197407674533 0.208056904895
3.86666666667 0.0563095 1.30541 -0.0870158 -0.143359836208 0.96611815339 -0.0210568466354 0.213589045277
3.9 0.0560367 1.30569 -0.0894506 -0.143704500244 0.964781948798 -0.0227882433435 0.219147219579
3.93333333333 0.0559242 1.30551 -0.0921375 -0.144030961505 0.96318674465 -0.0238565864072 0.225737104491
3.96666666667 0.0553537 1.30538 -0.0950971 -0.143961815167 0.961423376943 -0.0256033795317 0.232990456881
4.0 0.0551727 1.30565 -0.0978566 -0.144516238165 0.959750451366 -0.0274062289326 0.239255149631
4.03333333333 0.054879 1.30549 -0.100897 -0.145555616386 0.957903368346 -0.0284015374664 0.245821179153
4.06666666667 0.0547735 1.30544 -0.103974 -0.147138163974 0.955817903647 -0.0300859194269 0.252700085521
4.1 0.0546145 1.30529 -0.107123 -0.148092778211 0.953859837835 -0.0312938551104 0.25930798954
4.13333333333 0.0545003 1.30498 -0.110193 -0.148655775482 0.951992915239 -0.0324561787003 0.265626704634
4.16666666667 0.054133 1.30466 -0.113496 -0.149167729657 0.949944203061 -0.033830674354 0.272416014531
4.2 0.0537951 1.30472 -0.11664 -0.150147233886 0.947813217369 -0.0355062125961 0.279007566214
4.23333333333 0.053229 1.30463 -0.1199 -0.151640530221 0.945703550334 -0.0364110606112 0.285173945416
4.26666666667 0.0526882 1.30412 -0.123088 -0.153514668635 0.943496027966 -0.0373606017338 0.291294828591
4.3 0.0520822 1.3041 -0.126186 -0.154428418549 0.941403840938 -0.0389712950565 0.297307769783
4.33333333333 0.0514098 1.30483 -0.128822 -0.155536146771 0.939421625056 -0.0394323029265 0.302887125692
4.36666666667 0.0507457 1.3046 -0.131608 -0.156663760884 0.937367369297 -0.0384172023551 0.308744230012
4.4 0.0503543 1.30407 -0.134549 -0.157108954933 0.935222349011 -0.0378629418888 0.315027509626
4.43333333333 0.0496143 1.30464 -0.137087 -0.158283155414 0.932867933573 -0.0381571095334 0.32132210664
4.46666666667 0.0489443 1.30397 -0.140128 -0.1603044932 0.930291954619 -0.0376670032358 0.327781246411
4.5 0.0483833 1.3043 -0.142403 -0.161723331233 0.927740376362 -0.0388114314435 0.334121281859
4.53333333333 0.0476096 1.30504 -0.144657 -0.163195343861 0.924935786858 -0.039240340857 0.341059035331
4.56666666667 0.046784 1.30528 -0.147145 -0.164341677039 0.922085855515 -0.0385020556668 0.348234231453
4.6 0.0462672 1.30516 -0.149458 -0.164599228354 0.919574606393 -0.0376036068194 0.354789523602
4.63333333333 0.0458369 1.30533 -0.151727 -0.163874756597 0.916866333501 -0.0375519579113 0.362064968066
4.66666666667 0.0455062 1.30578 -0.153992 -0.163229735164 0.913741439518 -0.0377973231352 0.370140510656
4.7 0.0453768 1.30624 -0.158114 -0.162459249149 0.907650980173 -0.0354732259494 0.385380773778
4.73333333333 0.0454365 1.30673 -0.160147 -0.161110869734 0.904479864786 -0.0350085369333 0.393362255678
4.76666666667 0.0455586 1.30717 -0.162048 -0.159841331896 0.901303052306 -0.0338036009167 0.401199293477
4.8 0.0459833 1.30709 -0.164043 -0.158716175285 0.898238626128 -0.03248932611 0.408559652834
4.83333333333 0.0465617 1.30708 -0.165844 -0.157844752794 0.895243232617 -0.0320264410829 0.415450232326
4.86666666667 0.0471377 1.30688 -0.167779 -0.156561820861 0.892003608783 -0.0326087358747 0.422793836889
4.9 0.047802 1.30782 -0.169315 -0.155737049067 0.888608504066 -0.0340800200718 0.430069122679
4.93333333333 0.0486349 1.30853 -0.17074 -0.15585121322 0.885332997285 -0.0339543453819 0.436741325828
4.96666666667 0.0495357 1.30862 -0.17254 -0.155928946726 0.881890410941 -0.0332544735293 0.443677367749
5.0 0.0504155 1.30889 -0.174561 -0.155930932198 0.878395071982 -0.0329028449099 0.450583005336
5.03333333333 0.0515062 1.30907 -0.17635 -0.155909660043 0.875115987873 -0.0326573252333 0.456943852988
5.06666666667 0.0525614 1.30929 -0.178274 -0.15534148989 0.871817720329 -0.0326677391368 0.463395838197
5.1 0.0536086 1.30957 -0.180563 -0.154798753286 0.868144997222 -0.0332630351757 0.470377699588
5.13333333333 0.0548105 1.31001 -0.18257 -0.154402959712 0.864630745193 -0.0339810718714 0.476884354172
5.16666666667 0.0561892 1.31021 -0.184611 -0.154218317167 0.861376270934 -0.0343341157761 0.482771994854
5.2 0.0589629 1.31115 -0.188863 -0.153239419579 0.855832338068 -0.0341252469272 0.492853078438
5.23333333333 0.0603027 1.31126 -0.191194 -0.152762954214 0.852562882043 -0.0332066345016 0.498695630027
5.26666666667 0.0617235 1.31172 -0.193241 -0.152379216487 0.849139806864 -0.0330624976161 0.504627619174
5.3 0.0633276 1.31196 -0.195276 -0.153044476126 0.845469331078 -0.0323973765108 0.510597109793
5.33333333333 0.0648365 1.3119 -0.197456 -0.153503263253 0.841840003504 -0.0319600301041 0.516450107123
5.36666666667 0.0664654 1.31198 -0.199428 -0.154427279299 0.838047856191 -0.0324250608566 0.52228021365
5.4 0.0682051 1.31224 -0.201288 -0.156072482796 0.834429119517 -0.0323266548214 0.527564604578
5.43333333333 0.0697188 1.31227 -0.203056 -0.157128553257 0.830956589517 -0.0313722529302 0.532764062072
5.46666666667 0.07121 1.31229 -0.205016 -0.157470686962 0.827009372159 -0.0309751835326 0.538794041462
5.5 0.0727561 1.31252 -0.207018 -0.158260104693 0.822812173999 -0.0304969637741 0.54498055083
5.53333333333 0.074164 1.31263 -0.208845 -0.158590119414 0.818939915334 -0.0293422001537 0.550750056185
5.56666666667 0.075634 1.3123 -0.211073 -0.157836807453 0.815099742756 -0.0286008174275 0.556670409501
5.6 0.0770661 1.3129 -0.212576 -0.157522292442 0.811397614024 -0.0289469371627 0.562123397634
5.63333333333 0.0784941 1.31311 -0.214081 -0.158092435506 0.807755080069 -0.0278875354252 0.567239629986
5.66666666667 0.079585 1.31329 -0.215836 -0.157577013982 0.804098600207 -0.0275478823071 0.57256968134
5.7 0.0805873 1.31406 -0.217317 -0.157019500675 0.800222397475 -0.0276775914817 0.578120179476
5.73333333333 0.0817355 1.31463 -0.218414 -0.15697614736 0.796431096652 -0.0262599371467 0.58340930156
5.76666666667 0.0826788 1.31513 -0.219392 -0.156394134477 0.792890493755 -0.0240849371286 0.588460241152
5.8 0.0834901 1.31564 -0.220453 -0.154703684188 0.789149342591 -0.0222679247143 0.593981670353
5.83333333333 0.084331 1.31623 -0.221577 -0.152829279261 0.784996623829 -0.020539206993 0.600001377459
5.86666666667 0.085162 1.31671 -0.222205 -0.151158565422 0.781090570776 -0.0185093072641 0.605562559848
5.9 0.0857499 1.31733 -0.223072 -0.149031621911 0.776758647196 -0.0167056140664 0.611683334852
5.93333333333 0.0863186 1.31791 -0.223779 -0.147549054181 0.772080416999 -0.014848815149 0.617981083032
5.96666666667 0.0867889 1.31829 -0.224552 -0.14601844607 0.767349999857 -0.0132316355887 0.624241551762
6.0 0.0872021 1.31879 -0.225393 -0.143876814394 0.76252509496 -0.0119556365543 0.630644118811
6.03333333333 0.0877286 1.31914 -0.22584 -0.141923653508 0.757782453857 -0.0102318641561 0.636803531835
6.06666666667 0.0882003 1.31937 -0.22631 -0.139976842738 0.752932269517 -0.00854155694208 0.642982521397
6.1 0.0885954 1.31968 -0.226471 -0.137881587282 0.747802627479 -0.00756208371433 0.649401811757
6.13333333333 0.0893203 1.32022 -0.227005 -0.134283158166 0.736385799423 -0.00558430093284 0.663078278505
6.16666666667 0.0896147 1.32047 -0.227214 -0.132342595951 0.730192025747 -0.00599904549344 0.670275357063
6.2 0.0901223 1.32079 -0.228181 -0.131183224058 0.724025364838 -0.00591945213732 0.677158174198
6.23333333333 0.0904391 1.32094 -0.229465 -0.131225407712 0.717812621126 -0.00520995441042 0.683738100224
6.26666666667 0.090638 1.32118 -0.230793 -0.131140926191 0.711677603514 -0.00448024105885 0.690142719715
6.3 0.0907928 1.32144 -0.232153 -0.132144957468 0.705461955444 -0.00305435979841 0.696313011887
6.33333333333 0.090768 1.3213 -0.233677 -0.133845759442 0.699074938229 -0.00183910235317 0.702407403949
6.36666666667 0.0904582 1.32142 -0.235051 -0.134430726193 0.692528280871 -0.00311536847577 0.70874766633
6.4 0.0903379 1.32168 -0.236811 -0.134397500045 0.685984450186 -0.00461488198376 0.715081358272
6.43333333333 0.0902959 1.32177 -0.238355 -0.135039863025 0.679865927001 -0.00448129675115 0.720781849575
6.46666666667 0.0901244 1.32181 -0.239726 -0.135567918604 0.674023146053 -0.00399021883917 0.726153025322
6.5 0.0898844 1.32195 -0.240891 -0.135345565163 0.668228960311 -0.00381009599293 0.731530667683
6.53333333333 0.0897086 1.32217 -0.241887 -0.134918391218 0.662738168374 -0.003404834747 0.736589135809
6.56666666667 0.0894827 1.32249 -0.242818 -0.134334926482 0.657407092497 -0.00262085865968 0.74146016303
6.6 0.0892379 1.32261 -0.243826 -0.134108549981 0.651720392404 -0.00171629474299 0.746506852801
6.63333333333 0.0889581 1.32281 -0.244262 -0.133339189286 0.646475162415 -0.00136103335132 0.751191501928
6.66666666667 0.088724 1.32313 -0.245087 -0.13215905315 0.641391015957 -0.000814717383314 0.755745251759
6.7 0.0885845 1.32328 -0.245905 -0.131390446766 0.636296043823 0.000560140801173 0.760173389008
6.73333333333 0.0883043 1.3234 -0.246298 -0.130446686765 0.631172056555 0.00151421740384 0.764593489432
6.76666666667 0.0881957 1.32336 -0.246671 -0.129328182768 0.626184700011 0.00202464640987 0.768871148776
6.8 0.0880672 1.32334 -0.247244 -0.127908749743 0.6211513536 0.0024287592769 0.773178148158
6.83333333333 0.0879879 1.32326 -0.247824 -0.126368766938 0.616337497173 0.00266803954455 0.777272092569
6.86666666667 0.0879884 1.32299 -0.247989 -0.124808788129 0.611610755878 0.00322305107969 0.781245583438
6.9 0.0878842 1.32288 -0.248334 -0.122367994371 0.606672603792 0.00327032864763 0.785470388183
6.93333333333 0.0878909 1.32284 -0.248464 -0.119762373996 0.602044316088 0.00304105448976 0.789424073125
6.96666666667 0.0879208 1.32294 -0.248441 -0.117289116952 0.597631697948 0.00373426080037 0.793136603586
7.0 0.0880339 1.32285 -0.248625 -0.11579462974 0.593083115896 0.00504392031666 0.796755031506
7.03333333333 0.0880408 1.32272 -0.248493 -0.114620677865 0.588712727994 0.00622846282124 0.800150379838
7.06666666667 0.0880708 1.32246 -0.247992 -0.113122044191 0.584551912862 0.00738839069808 0.803397707223
7.1 0.0880493 1.32246 -0.247694 -0.111124416972 0.580259715476 0.00834624546865 0.806771570356
7.13333333333 0.0880421 1.32239 -0.24718 -0.109641809367 0.576324688806 0.00923811064053 0.809779713269
7.16666666667 0.0881444 1.32201 -0.246767 -0.108424326593 0.572606017275 0.010068767568 0.812567002962
7.2 0.0882361 1.32172 -0.246251 -0.106583544781 0.568966576236 0.0103911591671 0.815358207734
7.23333333333 0.0883937 1.32138 -0.245806 -0.104591658481 0.565057532985 0.0107007796202 0.818325157079
7.26666666667 0.0885053 1.32101 -0.245292 -0.102417102125 0.561067897954 0.0110642863062 0.821334969818
7.3 0.0886268 1.32061 -0.244888 -0.10028035945 0.5572058278 0.0111678314984 0.82422132617
7.33333333333 0.0887387 1.32023 -0.244307 -0.0982520746766 0.553217119146 0.0107831649597 0.827152387568
7.36666666667 0.0888269 1.32004 -0.243913 -0.0960543153518 0.549486611689 0.00990516022914 0.829903560588
7.4 0.0890118 1.31964 -0.243361 -0.0942259437186 0.545980181012 0.00858755669071 0.83243820632
7.43333333333 0.0893329 1.31909 -0.242668 -0.0921181172465 0.542932530348 0.00736332853502 0.834676165563
7.46666666667 0.0896279 1.31886 -0.242034 -0.0895272445609 0.53994656053 0.00687846882062 0.836896212753
7.5 0.0899892 1.31829 -0.241221 -0.0871261210728 0.536716411066 0.00704338955841 0.839222809379
7.53333333333 0.0902933 1.31791 -0.240413 -0.0844675118681 0.533060101482 0.00667689256736 0.841823964231
7.56666666667 0.0907069 1.31751 -0.239623 -0.0820886935009 0.529399683336 0.00651693979292 0.844366597622
7.6 0.0910801 1.31708 -0.23883 -0.0794097823552 0.525967373129 0.00594196567893 0.8467686236
7.63333333333 0.091502 1.31697 -0.237873 -0.0766551245131 0.523234246587 0.00547459975364 0.848716645202
7.66666666667 0.0919839 1.31658 -0.236866 -0.0745108526569 0.520870558283 0.00568960364135 0.850358526012
7.7 0.0925387 1.316 -0.235819 -0.0721660975899 0.518139917461 0.00596056139694 0.852225059477
7.73333333333 0.0930797 1.31546 -0.234843 -0.0696918115039 0.515513324646 0.00556807387352 0.854024624982
7.76666666667 0.0936927 1.31501 -0.234116 -0.0669611548043 0.512975737542 0.004518280884 0.855775485497
7.8 0.094321 1.31456 -0.232858 -0.0642039388751 0.511004675055 0.00319908837614 0.857170836029
7.83333333333 0.0949675 1.31425 -0.231904 -0.0619523601672 0.509321418715 0.00181084514271 0.858341609354
7.86666666667 0.0957009 1.31369 -0.230797 -0.0600254385983 0.507863096861 0.000113537247961 0.859343940851
7.9 0.0964946 1.31326 -0.229774 -0.0578508408284 0.506614466476 -0.000883383431373 0.860229203298
7.93333333333 0.0983289 1.31144 -0.227471 -0.05394899585 0.504126977544 -0.00400384773424 0.861933562151
7.96666666667 0.0993102 1.31063 -0.226317 -0.0511397997072 0.50266075643 -0.00587893596206 0.862949780082
8.0 0.100393 1.30933 -0.225037 -0.0483484692017 0.500940011716 -0.00809954020949 0.864092545759
8.03333333333 0.101463 1.30851 -0.224059 -0.0445375233069 0.499289352619 -0.0104994630596 0.865226162719
8.06666666667 0.102541 1.30778 -0.223005 -0.0406103318642 0.497747666447 -0.0130488978808 0.866272351952
8.1 0.103607 1.30695 -0.221501 -0.0369880099423 0.496750852504 -0.0152790966 0.866970026509
8.13333333333 0.104767 1.30602 -0.220278 -0.033416575137 0.495814474707 -0.0171606658179 0.867615612311
8.16666666667 0.105806 1.30547 -0.218922 -0.0300519018037 0.495220136689 -0.0182171377194 0.868056470115
8.2 0.10696 1.30455 -0.217439 -0.0271696548341 0.49422342802 -0.0182530137149 0.868718504778
8.23333333333 0.108084 1.30346 -0.21607 -0.023933602278 0.492984606682 -0.0186693018616 0.869508376857
8.26666666667 0.109212 1.30246 -0.214386 -0.0203717919854 0.491742261035 -0.0193799617096 0.870286709015
8.3 0.110201 1.30173 -0.212782 -0.0167250977705 0.490618913697 -0.0207229431192 0.870967228003
8.33333333333 0.111253 1.30083 -0.211339 -0.0132995541245 0.489456409957 -0.0216783732297 0.87165680904
8.36666666667 0.112377 1.2995 -0.209793 -0.00985687283229 0.487882920332 -0.0227024902119 0.872558132759
8.4 0.113407 1.29848 -0.208158 -0.00597956997812 0.485867693963 -0.0242918727503 0.87367427204
8.43333333333 0.114316 1.29745 -0.206424 -0.00272278085351 0.483802794191 -0.0262806079093 0.874778127553
8.46666666667 0.115334 1.29632 -0.204844 0.000544957351221 0.481426732336 -0.0283259034747 0.876028337217
8.5 0.116391 1.2954 -0.20336 0.00423678351286 0.479096670823 -0.0306792139442 0.877215603773
8.53333333333 0.117316 1.29454 -0.201856 0.00775967097544 0.47691391359 -0.0329620123176 0.87829745091
8.56666666667 0.118322 1.29352 -0.20039 0.0112781280267 0.474522385236 -0.0350342883999 0.879473654168
8.6 0.11917 1.29264 -0.198782 0.013838931372 0.472214855419 -0.0369694278475 0.880599157224
8.63333333333 0.120102 1.29178 -0.197207 0.0159385770487 0.469905360098 -0.038057950026 0.881751953075
8.66666666667 0.121112 1.29064 -0.195757 0.0187401776185 0.467184891482 -0.0390440249092 0.883098322404
8.7 0.121977 1.28995 -0.194201 0.0220143847679 0.464196886436 -0.0408488156282 0.884515682025
8.73333333333 0.122844 1.28926 -0.192589 0.0245768631218 0.461557747136 -0.0424616230091 0.885752467922
8.76666666667 0.123779 1.28838 -0.191062 0.0265899932122 0.45865509341 -0.0435822653899 0.887146585235
8.8 0.124756 1.28753 -0.189448 0.0287986011405 0.455262180677 -0.0444846899801 0.888778993775
8.83333333333 0.125669 1.28732 -0.188134 0.0318515330883 0.451595898976 -0.0461047263525 0.89046110419
8.86666666667 0.126448 1.28691 -0.186544 0.0338337367818 0.44848233681 -0.0479840811731 0.891861199839
8.9 0.127376 1.28617 -0.184874 0.0346869587789 0.445625824884 -0.0488676139771 0.893211282615
8.93333333333 0.128272 1.28573 -0.183139 0.0361664484088 0.442395129693 -0.0498905576065 0.894700770926
8.96666666667 0.129183 1.28549 -0.181781 0.038119134439 0.439157499941 -0.0514690929983 0.896124184642
9.0 0.130059 1.28517 -0.180142 0.0403992040765 0.436599924185 -0.0533366599072 0.897164205272
9.03333333333 0.130756 1.28454 -0.178007 0.0421028036302 0.434476467929 -0.054302950532 0.898058317876
9.06666666667 0.131704 1.28394 -0.17636 0.0432076673956 0.431686755657 -0.0543514396789 0.899347298586
9.1 0.132603 1.28347 -0.174496 0.0454711278642 0.428449912464 -0.0543915647568 0.90077999907
9.13333333333 0.133498 1.28328 -0.172907 0.0474534173956 0.424945366465 -0.0549820164133 0.902300718479
9.16666666667 0.134056 1.28326 -0.170967 0.0485746672657 0.422015923509 -0.0555213881607 0.903582003728
9.2 0.13488 1.28315 -0.169265 0.0495135727218 0.418869051019 -0.0559659256486 0.904966816729
9.23333333333 0.13578 1.28303 -0.167756 0.0509815843544 0.415801338964 -0.0565977981022 0.90625979378
9.26666666667 0.136584 1.28294 -0.166131 0.0525897101956 0.413035125374 -0.0578219916342 0.907354905686
9.3 0.137283 1.28299 -0.164485 0.0535318092045 0.410521434926 -0.058817714596 0.908376008776
9.33333333333 0.138074 1.28254 -0.162804 0.0539523130349 0.408172687902 -0.0589786497895 0.909398550493
9.36666666667 0.138861 1.28228 -0.16122 0.0546973944039 0.405406407154 -0.0591908653283 0.910576894911
9.4 0.139749 1.28195 -0.159582 0.0553877710076 0.402092620668 -0.0593425462384 0.9119935205
9.43333333333 0.140685 1.28164 -0.158052 0.0558348528786 0.398219887212 -0.0596397157172 0.913644621799
9.46666666667 0.141505 1.2815 -0.156581 0.0560036121997 0.394111051129 -0.0592769043209 0.91543777692
9.5 0.142525 1.28132 -0.154887 0.0559207017606 0.389647048087 -0.059029425771 0.917367745195
9.53333333333 0.143476 1.2813 -0.153025 0.055797038509 0.385221090304 -0.0587426704982 0.919260953561
9.56666666667 0.144543 1.2814 -0.151408 0.0557405107337 0.380834091039 -0.0577440541456 0.921153632559
9.6 0.145624 1.2815 -0.149459 0.0558701595735 0.376292520088 -0.0563494830526 0.923096528189
9.63333333333 0.147385 1.28179 -0.148206 0.0555389208836 0.371340378257 -0.0542610609434 0.925244556324
9.66666666667 0.148808 1.28198 -0.1463 0.055368313518 0.366929803405 -0.052303300248 0.927125252603
9.7 0.150338 1.28226 -0.144628 0.0563017720346 0.362416574283 -0.0505249498068 0.928941099638
9.73333333333 0.152001 1.28294 -0.143149 0.0563791270975 0.357823969697 -0.0494160339389 0.930774653892
9.76666666667 0.153691 1.28349 -0.141592 0.0551904071282 0.353692202873 -0.0481491724632 0.93248994728
9.8 0.155684 1.28356 -0.139747 0.0549106729233 0.349779501176 -0.0461258336892 0.934083254332
9.83333333333 0.15781 1.28364 -0.138237 0.0555142986352 0.345712538524 -0.0447694574474 0.935626367218
9.86666666667 0.159967 1.28384 -0.136755 0.0558183175828 0.341568859162 -0.0438335492232 0.937173222961
9.9 0.162165 1.28402 -0.135355 0.0557810566359 0.337459939167 -0.0434131678074 0.938682353109
9.93333333333 0.164341 1.28421 -0.133854 0.0547784413472 0.333534353235 -0.0431913784538 0.940153531293
9.96666666667 0.166795 1.28406 -0.132507 0.0534697906796 0.329456579755 -0.0420817422955 0.941715705777
10.0 0.169222 1.28431 -0.131049 0.0527025034887 0.32524631461 -0.0407235166454 0.94328091052
10.0333333333 0.171681 1.28417 -0.129596 0.0515070133315 0.321236281836 -0.0392063796432 0.944784175675
10.0666666667 0.174266 1.28384 -0.1282 0.0505041434089 0.317144606842 -0.0372465431866 0.946298750327
10.1 0.176706 1.28386 -0.126623 0.0496877769135 0.312853825917 -0.0361457421061 0.94781173962
10.1333333333 0.179242 1.28406 -0.125299 0.0485473032553 0.308569505854 -0.0358517736383 0.949285346843
10.1666666667 0.181837 1.28368 -0.123749 0.0471502695783 0.304213309244 -0.0358296927564 0.950761456767
10.2 0.184507 1.28335 -0.122438 0.0464131121309 0.299359622715 -0.0361360806991 0.952325481641
10.2333333333 0.187049 1.28327 -0.120951 0.0463328732066 0.294616434891 -0.0368313932152 0.953780828926
10.2666666667 0.189494 1.28384 -0.119751 0.0460211874851 0.290184838169 -0.0378779059939 0.955112597675
10.3 0.192018 1.28414 -0.118479 0.0447969401693 0.285815901724 -0.0383837345179 0.956467037277
10.3333333333 0.19463 1.28395 -0.117122 0.0434926018446 0.281374500196 -0.0385632121316 0.957835926918
10.3666666667 0.197503 1.28394 -0.116259 0.0433270713676 0.27661224198 -0.0384680077726 0.959233363083
10.4 0.199957 1.28438 -0.115174 0.0431765404827 0.271899121458 -0.0384543617115 0.960587276705
10.4333333333 0.202387 1.28465 -0.114095 0.0426402038214 0.266984513584 -0.0376341220031 0.9620211824
10.4666666667 0.205166 1.285 -0.113318 0.0424394512711 0.261383984575 -0.0364881108981 0.963610877557
10.5 0.207556 1.28602 -0.112527 0.0418706900559 0.255793461583 -0.0356388353784 0.965166526429
10.5333333333 0.210104 1.28676 -0.111862 0.0408520223488 0.250302850485 -0.0355185551663 0.966653002658
10.5666666667 0.212244 1.28771 -0.110966 0.0397444966828 0.245833231415 -0.0358330884082 0.967833863373
10.6 0.214384 1.28848 -0.110274 0.0377125329953 0.241870999571 -0.0355646801903 0.96892277192
10.6333333333 0.216412 1.28875 -0.109112 0.0360380518166 0.238382789548 -0.0347815005199 0.969878936615
10.6666666667 0.218481 1.28894 -0.108017 0.0354540619024 0.235002207921 -0.0337060787763 0.970763035978
10.7 0.220122 1.28966 -0.106765 0.0351671015302 0.231961197036 -0.0326298445295 0.971541337919
10.7333333333 0.221765 1.29093 -0.105756 0.0343504214709 0.229207236224 -0.031640068047 0.972256652074
10.7666666667 0.223567 1.29121 -0.104517 0.0328553368422 0.226521334442 -0.0301912362108 0.972983607847
10.8 0.225306 1.29167 -0.103035 0.0318947686017 0.223360471908 -0.0292566443963 0.973774548899
10.8333333333 0.226948 1.29252 -0.101677 0.0311083008293 0.220002179659 -0.0288779016421 0.97457548777
10.8666666667 0.228309 1.2934 -0.100189 0.0299596653198 0.217005336388 -0.0285102439723 0.975293939498
10.9 0.230057 1.29391 -0.0985957 0.0287266891375 0.214077320221 -0.0280154616083 0.975992219338
10.9333333333 0.231614 1.29452 -0.0972228 0.0278603540174 0.211994833438 -0.0274231077916 0.97648858899
10.9666666667 0.233145 1.29521 -0.0955091 0.0267558323515 0.210565060204 -0.0268330641757 0.976845160465
11.0 0.234622 1.29595 -0.0937978 0.0256942231894 0.209440842305 -0.0259696793297 0.977138637157
11.0333333333 0.236064 1.29641 -0.0918396 0.0245811084498 0.20825577293 -0.0252404351289 0.977439626055
11.0666666667 0.237485 1.29717 -0.089963 0.0233821192438 0.207062490392 -0.0247476591853 0.977735114915
11.1 0.238788 1.29729 -0.0875257 0.0218255295293 0.206181289113 -0.0243170711173 0.977968098832
11.1333333333 0.240284 1.29757 -0.0852562 0.0207606748401 0.205215812891 -0.0244527231389 0.97819094703
11.1666666667 0.241561 1.29921 -0.0833638 0.0195912065054 0.204675102677 -0.0251352246459 0.978311048417
11.2 0.242833 1.2992 -0.0807903 0.0164641200978 0.204779168077 -0.0250121303757 0.978350049014
11.2333333333 0.244199 1.29866 -0.0774405 0.0140383529558 0.204437017897 -0.0248937998178 0.978462431108
11.2666666667 0.245536 1.29892 -0.0750745 0.0123370621126 0.203533716565 -0.024922677977 0.978672919438
11.3 0.246955 1.29848 -0.0723905 0.0105312482236 0.202164879806 -0.0246675608419 0.978984149834
11.3333333333 0.248369 1.29794 -0.0696432 0.00976441517482 0.200840478625 -0.0241087618543 0.979278574229
11.3666666667 0.249771 1.29776 -0.0671536 0.00980790216906 0.199426574456 -0.0235915012992 0.979579648381
11.4 0.251115 1.29802 -0.0645318 0.0098857176451 0.198036287363 -0.0239598226044 0.979851942068
11.4333333333 0.25224 1.29865 -0.0619747 0.00954390578307 0.197483396911 -0.0244488877476 0.979954832477
11.4666666667 0.253345 1.29856 -0.0587149 0.00812834123897 0.197094466228 -0.0242160664732 0.980051673931
11.5 0.254432 1.29819 -0.0556111 0.00692785085245 0.196320143228 -0.0236981053064 0.980228955934
11.5333333333 0.255509 1.29812 -0.0528509 0.00658812844901 0.19530248441 -0.023702322939 0.980434462896
11.5666666667 0.256559 1.29834 -0.049951 0.00668808089932 0.194609251372 -0.0236038844172 0.98057399797
11.6 0.257573 1.29874 -0.0474643 0.00635776674438 0.194266830029 -0.0235255153004 0.980645974693
11.6333333333 0.258556 1.29912 -0.0446333 0.00567727931031 0.194296922331 -0.022797905114 0.980661373765
11.6666666667 0.259305 1.29944 -0.0414235 0.00469999723967 0.194443531815 -0.0219115920495 0.980657690071
11.7 0.260116 1.3 -0.0386624 0.00380300270967 0.194439751439 -0.0208969833939 0.980684473373
11.7333333333 0.260965 1.30033 -0.0355943 0.0024733379084 0.194215157641 -0.0198445111039 0.980755092019
11.7666666667 0.261747 1.3006 -0.0328077 0.00128829140246 0.19386193627 -0.0188767636112 0.980846347685
11.8 0.262797 1.30033 -0.0299416 0.000489488370182 0.193065197422 -0.0177746726887 0.9810247963
11.8333333333 0.263572 1.30046 -0.0275465 0.000692579033504 0.192242142871 -0.0170699900551 0.981198804666
11.8666666667 0.264329 1.3006 -0.0248961 0.000859920098261 0.191203901035 -0.0162517082019 0.981415411916
11.9 0.265186 1.30034 -0.0222295 0.00107177934098 0.18952115151 -0.0148378121472 0.981763934839
11.9333333333 0.266235 1.30023 -0.0201177 0.00207707774618 0.187288526195 -0.0137562439128 0.982206424056
11.9666666667 0.266739 1.3012 -0.0176084 0.00336985042545 0.185393174869 -0.0134171502029 0.982567043464
12.0 0.26682 1.30216 -0.0153246 0.00284482932941 0.183526326135 -0.0127098247155 0.982928509566
12.0333333333 0.267408 1.30228 -0.0130864 0.00124276550533 0.180721554642 -0.011387510966 0.983467589611
12.0666666667 0.267946 1.30228 -0.0102809 0.000462969138273 0.177153578471 -0.0105934841885 0.984126096284
12.1 0.268507 1.30303 -0.00824156 0.000112600875283 0.173124261218 -0.0103315661595 0.984845793127
12.1333333333 0.268723 1.30342 -0.00584309 -0.00100059911039 0.169250120895 -0.0104132085678 0.985517610429
12.1666666667 0.269526 1.30292 -0.00337786 -0.00179971514439 0.165382511709 -0.0102755687645 0.986174324616
12.2 0.270145 1.30283 -0.00092235 -0.000846276874703 0.161802567978 -0.0107189439617 0.986764570225
12.2333333333 0.270192 1.30409 0.00139223 0.000209922541098 0.158380295158 -0.0115619634459 0.987310467401
12.2666666667 0.270486 1.30465 0.00379787 -0.000764035709132 0.154160473519 -0.0116440201094 0.987976913419
12.3 0.27102 1.30469 0.00601656 -0.00171219667112 0.149474663311 -0.0117678208452 0.988694043576
12.3333333333 0.271583 1.30438 0.00821653 -0.00218482374575 0.144712967857 -0.0118710080285 0.989400051874
12.3666666667 0.272362 1.3038 0.0109619 -0.00191830660399 0.139674230347 -0.0116386552089 0.990127249994
12.4 0.272749 1.30384 0.0138695 -0.00064199977622 0.134688392749 -0.0113731059665 0.990822525559
12.4333333333 0.273221 1.30343 0.0166248 0.00059428288135 0.129583241261 -0.0108193657838 0.991509340216
12.4666666667 0.274106 1.30306 0.0189382 0.00270571248019 0.124432585818 -0.0103984960354 0.992169885648
12.5 0.274679 1.30425 0.0208073 0.00533868131121 0.119581986171 -0.0101406102812 0.992758185606
12.5333333333 0.275234 1.30479 0.0231557 0.00622778223054 0.115479325664 -0.0093001832007 0.993246820617
12.5666666667 0.2763 1.30373 0.0255617 0.00658237593683 0.111777910759 -0.00788455597059 0.99368013202
12.6 0.276602 1.3042 0.0282835 0.00901984876801 0.108399130137 -0.00670177056175 0.994043941275
12.6333333333 0.277162 1.30524 0.0306407 0.0105162092638 0.104352622196 -0.00632898203843 0.994464621578
12.6666666667 0.277943 1.30504 0.033519 0.0104126249587 0.0998716735207 -0.00614590197135 0.994926858597
12.7 0.278875 1.30505 0.035588 0.0110148408784 0.0955976133911 -0.00601668801964 0.995340931068
12.7333333333 0.2794 1.30544 0.0385485 0.0115712330377 0.0923721308235 -0.00520365836284 0.99564372039
12.7666666667 0.280265 1.30529 0.040718 0.0117036500807 0.0889467824013 -0.00376218242921 0.995960511496
12.8 0.281563 1.30503 0.0433136 0.0121599910675 0.0849979058414 -0.00240413345811 0.996304025266
12.8333333333 0.282908 1.30468 0.0455951 0.0129501273504 0.0813783058567 -0.00127898918003 0.99659832918
12.8666666667 0.283604 1.30456 0.0484524 0.0136012234507 0.0781903835324 -0.000454921166223 0.996845556589
12.9 0.284705 1.30403 0.051095 0.0139244014814 0.0746190412178 0.000153792670947 0.997114881084
12.9333333333 0.286335 1.3033 0.0531445 0.014951060597 0.0708585778777 0.0006759736327 0.997374087686
12.9666666667 0.287311 1.3029 0.0559227 0.016471822035 0.0678015221201 0.000557019432016 0.997562690966
13.0 0.288867 1.30259 0.0581438 0.0177203756563 0.0649028149888 0.000380885754968 0.99773416691
13.0333333333 0.290526 1.30153 0.0604908 0.0185767909709 0.0623513727033 0.000555427704386 0.997881205685
13.0666666667 0.29193 1.30093 0.0629877 0.0204066831498 0.0601916889449 0.000393217319301 0.997978142669
13.1 0.292952 1.30063 0.065374 0.0220390380026 0.058808098046 0.000794628338098 0.998025679516
13.1333333333 0.294299 1.3001 0.0676739 0.0234349077701 0.0572182884357 0.00137268699979 0.998085661803
13.1666666667 0.296322 1.29922 0.0703089 0.0246107617495 0.0555304447571 0.00227072878626 0.998151052648
13.2 0.297256 1.2983 0.073158 0.0260335158672 0.0549420906359 0.00275547352592 0.998146296939
13.2333333333 0.298632 1.29763 0.0751968 0.0281282521655 0.053694238278 0.00297906191775 0.998156728874
13.2666666667 0.299961 1.29812 0.0776824 0.0305584143525 0.0520709373956 0.00288349563636 0.998171571547
13.3 0.30108 1.29822 0.0798597 0.0316358965325 0.0503670598883 0.00233077706017 0.99822687642
13.3333333333 0.302432 1.29697 0.0823877 0.0321470701737 0.0480381886047 0.00211257541839 0.998325816224
13.3666666667 0.303429 1.29681 0.0846616 0.0342651323775 0.0455256732867 0.00193702405604 0.998373458037
13.4 0.304682 1.29644 0.0868258 0.0357540072208 0.0427701019423 0.00146566271151 0.998443899866
13.4333333333 0.305853 1.2957 0.089082 0.0376755142046 0.0404242605032 0.00156310087454 0.998470826568
13.4666666667 0.306195 1.29517 0.0916893 0.0404411423061 0.038268394334 0.00176387716439 0.998447260871
13.5 0.307311 1.29549 0.0934023 0.0434720237652 0.0353340246185 0.00115283966681 0.998428946303
13.5333333333 0.308044 1.29398 0.0958557 0.0448413427038 0.033318981001 -0.000156305939941 0.998438318104
13.5666666667 0.308984 1.29385 0.0975835 0.0476330182115 0.0316477629315 -0.000824713391953 0.998363077505
13.6 0.309452 1.29369 0.0996875 0.0497917794687 0.0300800822657 -0.00105184125365 0.998305995664
13.6333333333 0.310106 1.29361 0.101749 0.0509449405726 0.0281791830097 -0.00107902414358 0.998303251714
13.6666666667 0.310513 1.29239 0.103896 0.0516730407964 0.0263696365947 -0.000513391019033 0.998315719375
13.7 0.310914 1.29189 0.105923 0.0539449422986 0.0244376431871 -0.000110182599329 0.99824482601
13.7333333333 0.311474 1.29124 0.108096 0.0561405818582 0.0229306298659 -0.000313192641107 0.998159467817
13.7666666667 0.312208 1.2911 0.110099 0.057813380536 0.0215300097065 -0.000249171821645 0.998095190664
13.8 0.312513 1.29089 0.112255 0.0588298363694 0.0201196097584 0.000279247742789 0.998065215142
13.8333333333 0.312861 1.28995 0.11477 0.0591986987424 0.0186553618981 0.00144547719678 0.998070840239
13.8666666667 0.313289 1.28981 0.116904 0.0603252077398 0.0168501863192 0.00299264027178 0.998032055916
13.9 0.314091 1.28916 0.119293 0.0615608101102 0.0143154375998 0.00485195282537 0.997988874416
13.9333333333 0.315137 1.28815 0.121713 0.063292177346 0.0114867385109 0.0058294983514 0.997911905969
13.9666666667 0.315601 1.28687 0.124447 0.0658812313738 0.00945177342818 0.00592038347399 0.997765140898
14.0 0.3157 1.287 0.126935 0.0690505102894 0.00796883952486 0.0054034325005 0.997566703305
14.0333333333 0.316218 1.28633 0.129739 0.0705594018872 0.00688310183363 0.00493400497746 0.997471628323
14.0666666667 0.315825 1.28556 0.132553 0.0719187201872 0.00687140657656 0.00464867214885 0.997375992946
14.1 0.316711 1.28495 0.135112 0.0732715064127 0.00656740982851 0.00439037924213 0.997280742843
14.1333333333 0.317043 1.28388 0.138135 0.0745850320257 0.00716149217254 0.00414225023206 0.99718033865
14.1666666667 0.316805 1.2836 0.141208 0.077471431571 0.00831402150863 0.00329855135653 0.996954449258
14.2 0.316655 1.28352 0.144123 0.0792367466683 0.00970310435208 0.0016787479857 0.996807187749
14.2333333333 0.316746 1.28386 0.146937 0.0797742412295 0.0111536211256 -2.30897903271e-06 0.996750554134
14.2666666667 0.31521 1.28318 0.150355 0.0798509792868 0.0136211260852 -0.00158106197791 0.996712489274
14.3 0.314784 1.28303 0.15354 0.0804497559104 0.01505477427 -0.00291939566919 0.99664069136
14.3333333333 0.315269 1.28275 0.156496 0.0807537403755 0.0156706690211 -0.00380034166138 0.996603642855
14.3666666667 0.314901 1.28187 0.160033 0.0808863158824 0.016793517108 -0.00376517954776 0.996574736339
14.4 0.314845 1.28143 0.162975 0.0821230507483 0.0171887290656 -0.00340983146144 0.99646812552
14.4333333333 0.31506 1.28111 0.166282 0.0837105768923 0.0176162260963 -0.00334055265993 0.996328785393
14.4666666667 0.314787 1.28073 0.169359 0.0847579094517 0.0189724011397 -0.00285895600422 0.996216829386
14.5 0.314999 1.27931 0.172795 0.0853435156955 0.0194839013859 -0.00186690901243 0.996159312844
14.5333333333 0.314265 1.2789 0.175996 0.0877383905935 0.0201699842112 -0.00163054003699 0.995937994
14.5666666667 0.313646 1.27866 0.178847 0.0905990362906 0.0210427103492 -0.00246647871142 0.995662058857
14.6 0.312565 1.27834 0.182093 0.0921854303727 0.022517883296 -0.00385520594135 0.995479748034
14.6333333333 0.310376 1.27789 0.185229 0.0939044873401 0.0241686191066 -0.00565001950923 0.995271773129
14.6666666667 0.30981 1.27765 0.187918 0.0960786803496 0.0250089213372 -0.00685133926848 0.995035929093
14.7 0.309172 1.27709 0.190576 0.0982284055927 0.0263023291049 -0.00806198236583 0.994783580614
14.7333333333 0.309022 1.27743 0.193292 0.100810532872 0.027402232072 -0.00853181875222 0.994491609924
14.7666666667 0.308857 1.278 0.195659 0.102825129849 0.0286681916547 -0.008873430502 0.994246644294
14.8 0.308732 1.27803 0.19829 0.103840663037 0.0301718898084 -0.00877346536615 0.994097480165
14.8333333333 0.308842 1.27723 0.201069 0.103772041943 0.0310707840334 -0.00839491765961 0.99408022566
14.8666666667 0.308896 1.27707 0.203804 0.103299844815 0.0313076871645 -0.00854104249799 0.994120727768
14.9 0.309032 1.27652 0.206288 0.102218559924 0.031241542478 -0.00853885406049 0.994234590025
14.9333333333 0.308689 1.27646 0.20882 0.102887328316 0.0317033761284 -0.0085975119849 0.994150479757
14.9666666667 0.308187 1.27751 0.211041 0.103910283108 0.0322564088644 -0.00917432716545 0.994021130999
15.0 0.308648 1.27647 0.216141 0.103582150676 0.0327208364866 -0.00754255315663 0.99405391947
15.0333333333 0.308592 1.27676 0.218653 0.105857799012 0.0332576491652 -0.00669365354158 0.993802420083
15.0666666667 0.308981 1.278 0.220768 0.108169579924 0.0337653429203 -0.00613752264559 0.993539920895
15.1 0.309122 1.27862 0.223097 0.11030379642 0.0349747515679 -0.00535148100293 0.993267940135
15.1333333333 0.309653 1.27806 0.225918 0.111546873252 0.0358781228118 -0.00506995177518 0.993098359157
15.1666666667 0.310257 1.27683 0.228892 0.111286650244 0.0365504452245 -0.00441576640736 0.993106161213
15.2 0.310792 1.27583 0.231631 0.111741939821 0.0368895717081 -0.00391209692 0.993044608203
15.2333333333 0.311312 1.27613 0.234077 0.113765552212 0.0373608283541 -0.00418603231358 0.99279607411
15.2666666667 0.312154 1.27536 0.236863 0.115216132242 0.0376987296259 -0.00389782813639 0.992617174741
15.3 0.313213 1.27523 0.239448 0.118087197863 0.0372687086434 -0.00379578771265 0.992296351426
15.3333333333 0.313509 1.27508 0.242359 0.120332978663 0.0369390288104 -0.00473674956323 0.992034800599
15.3666666667 0.314392 1.27478 0.245183 0.121822365685 0.0366724013636 -0.00525651547646 0.991860280101
15.4 0.314752 1.27561 0.247651 0.125002773069 0.0369937031027 -0.00542697158194 0.991451622943
15.4333333333 0.315321 1.27544 0.250578 0.127246543811 0.0371977780107 -0.00606344589681 0.991154819906
15.4666666667 0.316261 1.27608 0.253121 0.129132085776 0.0376357223664 -0.00724343812504 0.990886466468
15.5 0.317011 1.27563 0.256175 0.130691450508 0.03887074699 -0.00840648062115 0.99062512631
15.5333333333 0.318518 1.27433 0.259441 0.131236625873 0.0394530428304 -0.00914713934433 0.990523465286
15.5666666667 0.319836 1.27312 0.262554 0.131102241768 0.0401750546707 -0.00962461578517 0.990507715243
15.6 0.321036 1.27193 0.265681 0.131526412032 0.0413094754364 -0.00955285991281 0.990405509397
15.6333333333 0.321917 1.27154 0.268542 0.133279699056 0.0425419401302 -0.00932316914179 0.990121095456
15.6666666667 0.323646 1.26879 0.271944 0.133606438486 0.0426562628786 -0.00915179625717 0.990073738394
15.7 0.324159 1.26912 0.274593 0.13729618238 0.0438513551208 -0.0101950109169 0.989506381339
15.7333333333 0.325098 1.26795 0.277625 0.142974810941 0.0454640190822 -0.0116281458653 0.988613176439
15.7666666667 0.326149 1.26832 0.280616 0.148004204857 0.047442498267 -0.0135218646625 0.987755599265
15.8 0.328023 1.26782 0.283348 0.149839502044 0.0488260787435 -0.0146614301797 0.987395148928
15.8333333333 0.329419 1.26647 0.28612 0.151210089774 0.0502845975694 -0.0153028444786 0.987103232164
15.8666666667 0.330619 1.2648 0.288985 0.154130496268 0.0514052543885 -0.016103346776 0.986580950639
15.9 0.331435 1.26282 0.292012 0.155840195066 0.0525461601774 -0.0172343822784 0.986233091475
15.9333333333 0.332549 1.26066 0.294601 0.156482911594 0.0532882356952 -0.0172188217296 0.986091767785
15.9666666667 0.334028 1.25969 0.297127 0.158117433018 0.0527910407722 -0.0169707291217 0.985862048029
16.0 0.334955 1.25875 0.299731 0.160091811443 0.0520132768613 -0.0169752444138 0.985584634629
16.0333333333 0.335973 1.258 0.302118 0.161560343378 0.0507934005993 -0.0172434765369 0.9854039519
16.0666666667 0.337144 1.25696 0.304666 0.163083026832 0.0492380981214 -0.0173793571294 0.98522966561
16.1 0.337906 1.25765 0.306771 0.166248762033 0.0480588853769 -0.0173516802572 0.98475916439
16.1333333333 0.338487 1.25724 0.308769 0.16780472005 0.0468193636033 -0.0176848486065 0.984549018206
16.1666666667 0.338803 1.25699 0.310569 0.168507066143 0.0457618313036 -0.0181195362979 0.984470876085
16.2 0.339099 1.25634 0.312558 0.169071949161 0.0444872044665 -0.0180027594851 0.98443459168
16.2333333333 0.33967 1.25528 0.314592 0.170056620427 0.0428638930061 -0.0174424773966 0.984347089449
16.2666666667 0.340028 1.25455 0.316744 0.171393076093 0.0408779048901 -0.0168592103009 0.984209925467
16.3 0.340317 1.25493 0.318608 0.173477675251 0.0384784132106 -0.016570721989 0.98394629888
16.3333333333 0.340533 1.2542 0.320607 0.174607073395 0.0359487308641 -0.0167627612957 0.983838944393
16.3666666667 0.341499 1.25392 0.322556 0.175033759966 0.0324597232423 -0.0158964562077 0.983898801666
16.4 0.341122 1.253 0.324521 0.175262241011 0.0289082366191 -0.0153016868497 0.983978312317
16.4333333333 0.341419 1.25287 0.326446 0.176211891461 0.0243709386421 -0.0151960511983 0.983933182023
16.4666666667 0.340928 1.25188 0.328395 0.176696416605 0.0206021736039 -0.0148625065938 0.983937514632
16.5 0.34212 1.25233 0.330509 0.178425715129 0.0156954453221 -0.0143741427999 0.983723183216
16.5333333333 0.343561 1.25222 0.332892 0.179969517954 0.0108851302267 -0.0133956003465 0.983520739201
16.5666666667 0.343821 1.25279 0.334796 0.181241316282 0.00701580907709 -0.0127233303752 0.983331317796
16.6 0.342556 1.25461 0.336128 0.182430030151 0.00467717757933 -0.0126563596269 0.983126250626
16.6333333333 0.342015 1.25443 0.338306 0.182344144451 0.00218418967589 -0.0124701610154 0.983153262408
16.6666666667 0.341135 1.25389 0.340608 0.182272079833 0.000260887969011 -0.0124813789198 0.983168874625
16.7 0.342041 1.25593 0.343036 0.184984801818 -0.00285217269412 -0.0118298597446 0.982666038197
16.7333333333 0.343069 1.25672 0.345836 0.187842196621 -0.00614055600471 -0.0110217351966 0.982118182346
16.7666666667 0.342462 1.25561 0.348617 0.188376990101 -0.00862487482036 -0.0115404527259 0.981991109474
16.8 0.341878 1.25502 0.350907 0.188443682377 -0.011181344059 -0.0115612014044 0.981952287405
16.8333333333 0.34165 1.25384 0.353619 0.188056125072 -0.0141105115943 -0.0109142144235 0.981996266393
16.8666666667 0.341934 1.25283 0.356033 0.187972122114 -0.0176155014042 -0.00950779627314 0.981970354557
16.9 0.342662 1.25397 0.358594 0.188928566282 -0.021714446988 -0.00820646015723 0.981716422215
16.9333333333 0.342451 1.25402 0.361347 0.189576052118 -0.0253614705041 -0.00708693211259 0.981512858637
16.9666666667 0.341449 1.25458 0.363444 0.190895090037 -0.0285005768897 -0.0063212620264 0.981176244802
17.0 0.3412 1.25353 0.365799 0.192540398763 -0.0324248530781 -0.00464026856256 0.98074221468
17.0333333333 0.341289 1.25297 0.368444 0.192945653793 -0.0362909412411 -0.00332066043654 0.980532465286
17.0666666667 0.341078 1.25234 0.371283 0.193093737167 -0.0392256971482 -0.00228833912871 0.980393246026
17.1 0.33839 1.25093 0.37417 0.193710382582 -0.0402479860565 -0.000315897406831 0.980232772104
17.1333333333 0.337843 1.25093 0.377318 0.194697501774 -0.0423648063342 0.00109278886436 0.979947402568
17.1666666667 0.336367 1.25154 0.380088 0.195573279107 -0.0438007699438 0.00254596499139 0.979707151711
17.2 0.333914 1.25209 0.382766 0.196879967324 -0.0445108126346 0.00452805874892 0.979406229666
17.2333333333 0.331831 1.25178 0.385233 0.197526337481 -0.0455810819138 0.0059873603217 0.979219006397
17.2666666667 0.330051 1.251 0.387791 0.198539577815 -0.0465716246958 0.00744449520524 0.978957455309
17.3 0.328796 1.25037 0.390466 0.19963873884 -0.0476320024549 0.00907630657339 0.978669089609
17.3333333333 0.328027 1.25072 0.392905 0.200815299939 -0.0489573249405 0.00946536188348 0.978359240039
17.3666666667 0.327076 1.24959 0.395104 0.20116929715 -0.0504406513537 0.0104689169261 0.978200928416
17.4 0.32659 1.24752 0.397501 0.201410074404 -0.0526087060482 0.0120239904801 0.978019288986
17.4333333333 0.325851 1.24706 0.399785 0.201546112613 -0.0549547963508 0.0123275980124 0.977858458662
17.4666666667 0.325633 1.24703 0.402237 0.201059317588 -0.0576638044639 0.0127596324493 0.977797130414
17.5 0.325097 1.24683 0.404545 0.200041050731 -0.0602922514434 0.0135418924949 0.977836918707
17.5333333333 0.324589 1.24625 0.406745 0.19877407173 -0.0634018825049 0.0144750619904 0.977885239833
17.5666666667 0.324076 1.24605 0.408623 0.197597948988 -0.0668116661699 0.0160614770119 0.977871812037
17.6 0.323117 1.2458 0.410446 0.195597811872 -0.0703930362749 0.0180880478129 0.977987289775
17.6333333333 0.322491 1.24669 0.412338 0.19384880771 -0.0738973921013 0.0207168965968 0.978024859288
17.6666666667 0.322768 1.24676 0.414194 0.191907444003 -0.0777103072032 0.0225405171848 0.978071861458
17.7 0.322232 1.2465 0.416051 0.189518056923 -0.081184328691 0.0237198558907 0.978227672534
17.7333333333 0.321444 1.24793 0.417672 0.186880945481 -0.0838759033751 0.0249128635097 0.978478254373
17.7666666667 0.321069 1.24827 0.419288 0.184379165315 -0.0868955657199 0.0256893560746 0.97866927051
17.8 0.320527 1.24915 0.420707 0.183372308883 -0.0900192446931 0.0272956742529 0.978532614728
17.8333333333 0.320435 1.25014 0.422091 0.181907218585 -0.0930427661974 0.0284453734361 0.978490504918
17.8666666667 0.320268 1.24995 0.423677 0.18017033284 -0.0963925181475 0.0300510816165 0.978439607796
17.9 0.320405 1.25094 0.424941 0.178661678826 -0.0997745387176 0.0304128429346 0.978366038315
17.9333333333 0.31982 1.25109 0.426107 0.175944404979 -0.102774022559 0.0310478323709 0.978528026552
17.9666666667 0.319611 1.25209 0.427403 0.172937758361 -0.106035676093 0.030991114922 0.97871779279
18.0 0.31949 1.25236 0.428657 0.170499054666 -0.109024063018 0.031036077503 0.978815911157
18.0333333333 0.319851 1.25262 0.429966 0.168372429993 -0.113018186976 0.0311423776913 0.978727626331
18.0666666667 0.319983 1.254 0.431158 0.166615929522 -0.117194004217 0.0317199864332 0.978518543445
18.1 0.320704 1.25495 0.432298 0.164691908311 -0.121816477941 0.0316793266654 0.978281013462
18.1333333333 0.321283 1.25603 0.433528 0.163463029261 -0.126956101485 0.0320251367364 0.977822262468
18.1666666667 0.321515 1.25739 0.434525 0.162507987378 -0.132285693171 0.032975435356 0.977243199047
18.2 0.321922 1.2583 0.435503 0.160321385781 -0.138160888792 0.0328885620162 0.97679422836
18.2333333333 0.321811 1.25976 0.436509 0.156929372899 -0.14404635005 0.0327859136592 0.976498287159
18.2666666667 0.322318 1.26078 0.437687 0.154192087256 -0.150097713584 0.0323016004892 0.976038976276
18.3 0.322917 1.26426 0.438693 0.151442768516 -0.15544445963 0.034889840277 0.975543339314
18.3333333333 0.323774 1.26505 0.439768 0.148966440385 -0.161054470928 0.0349183172028 0.975013419475
18.3666666667 0.324431 1.26484 0.440902 0.14759768726 -0.166440890696 0.0356492394802 0.974290246459
18.4 0.325209 1.26575 0.441808 0.14634175108 -0.171496410986 0.0358248902779 0.973596245959
18.4333333333 0.326146 1.26772 0.442716 0.144508986858 -0.176007726075 0.0375476041094 0.972999799848
18.4666666667 0.326709 1.26791 0.443568 0.142048866738 -0.180742851774 0.0374414078947 0.972497959877
18.5 0.327131 1.26655 0.444675 0.140052278672 -0.185505682925 0.0365872829362 0.971923027595
18.5333333333 0.327316 1.26683 0.445611 0.139272514015 -0.189889392765 0.0377613557777 0.971143277465
18.5666666667 0.327555 1.26847 0.446363 0.138830972745 -0.194074383042 0.0386037008183 0.970345736908
18.6 0.327368 1.26891 0.446988 0.137301097658 -0.197742317944 0.0377780556148 0.96985524837
18.6333333333 0.327798 1.26925 0.447909 0.135250825399 -0.201111494577 0.0370550294519 0.969478367871
18.6666666667 0.328196 1.2691 0.448672 0.133830497687 -0.204208157643 0.0361139955602 0.969063571478
18.7 0.328035 1.26974 0.449403 0.132382429085 -0.207515842798 0.0357139302584 0.96857451063
18.7333333333 0.328696 1.27037 0.450124 0.131059196569 -0.210626581747 0.0352256774369 0.968100760099
18.7666666667 0.328801 1.27083 0.450802 0.129624122678 -0.213541789517 0.0349504440768 0.967665209362
18.8 0.328974 1.27093 0.451359 0.127915625244 -0.216688752815 0.0336495241275 0.967239001875
18.8333333333 0.329753 1.27179 0.452122 0.125894469296 -0.219896235589 0.0334254058691 0.966787965594
18.8666666667 0.329629 1.27205 0.45263 0.124210776977 -0.22305389642 0.0325741670949 0.966311319303
18.9 0.32995 1.27242 0.453518 0.122647385788 -0.226453569847 0.0323440651562 0.96572783998
18.9333333333 0.330422 1.27307 0.453874 0.120975628791 -0.229563403787 0.0320238331703 0.96521500972
18.9666666667 0.33069 1.27337 0.454492 0.118570117261 -0.232761072719 0.032530346841 0.964730629167
19.0 0.331179 1.27373 0.455079 0.116503864031 -0.23601517691 0.0326630330244 0.9641871251
19.0333333333 0.33141 1.27475 0.455818 0.11412819992 -0.239449602303 0.0345942889536 0.963556888363
19.0666666667 0.331493 1.27445 0.456535 0.111446193211 -0.243390409472 0.0345795126433 0.962883747864
19.1 0.331862 1.27493 0.457389 0.109695253494 -0.247773097136 0.035865747043 0.961919483057
19.1333333333 0.331605 1.27578 0.458395 0.107674323334 -0.252159286278 0.0371711630778 0.960957979869
19.1666666667 0.331616 1.27644 0.459243 0.105436889319 -0.256467297006 0.0377362013371 0.960043523516
19.2 0.331981 1.27731 0.460296 0.102922628729 -0.260998710721 0.0388356265882 0.959050780514
19.2333333333 0.331619 1.27836 0.461112 0.100399041962 -0.26547221802 0.0396430502178 0.958056868042
19.2666666667 0.331639 1.27944 0.461939 0.09781515686 -0.269570453735 0.040116550141 0.957159666914
19.3 0.331669 1.28033 0.462807 0.0954667517099 -0.273736031852 0.0400277738753 0.956217789786
19.3333333333 0.331923 1.28098 0.463589 0.0930986919973 -0.277851488797 0.0392631085771 0.955295552186
19.3666666667 0.332066 1.28195 0.464122 0.0910719118861 -0.281913887806 0.0380312153934 0.954350089528
19.4 0.331405 1.2824 0.464697 0.0891785515609 -0.28617180018 0.0364363360702 0.95332328207
19.4333333333 0.33068 1.2823 0.465384 0.0867516586587 -0.290475952988 0.0357794953571 0.952269761238
19.4666666667 0.331276 1.2837 0.466043 0.0849190206144 -0.294558886647 0.0353332824121 0.951196815275
19.5 0.33059 1.28416 0.466174 0.0822170563627 -0.297958128468 0.0341889870011 0.95041697296
19.5333333333 0.330458 1.28393 0.466726 0.0791267311826 -0.302028356195 0.0334636053804 0.949419833152
19.5666666667 0.330445 1.28442 0.467184 0.0768777590421 -0.306081974919 0.0332306987354 0.948313954055
19.6 0.329881 1.28501 0.467098 0.0745419371246 -0.309854735098 0.0328208016707 0.947288940992
19.6333333333 0.32991 1.28517 0.467532 0.0720990706213 -0.313766811889 0.0322795543585 0.946208297439
19.6666666667 0.329895 1.28543 0.467875 0.0698524912804 -0.317505666285 0.0320206174711 0.945137800215
19.7 0.330024 1.28691 0.467885 0.0681013518335 -0.321026601417 0.0321497473024 0.94407124774
19.7333333333 0.330183 1.28754 0.468195 0.0653508521165 -0.32476245436 0.0318192346316 0.942998489221
19.7666666667 0.330241 1.2879 0.46832 0.0630447713153 -0.327828494077 0.0315109858571 0.942104502193
19.8 0.330326 1.2883 0.468848 0.061412711739 -0.331198638227 0.0312732016264 0.941040874635
19.8333333333 0.330331 1.28919 0.468954 0.0594645147618 -0.334198897332 0.0313142375787 0.940103444856
19.8666666667 0.330988 1.28965 0.46918 0.0572296861585 -0.337310191649 0.0311958159285 0.939134398635
19.9 0.330853 1.28982 0.469036 0.0554336348203 -0.339969403583 0.0314365658171 0.938274831319
19.9333333333 0.331041 1.29037 0.469214 0.0539825749967 -0.342998246826 0.031743757854 0.937246188634
19.9666666667 0.330998 1.2916 0.469126 0.0530509738542 -0.34611507253 0.0317528243802 0.936152609826
20.0 0.330886 1.29257 0.469273 0.0519866000067 -0.349385869457 0.0317649932273 0.934996199377
20.0333333333 0.330972 1.29333 0.469255 0.0505504413884 -0.352523949176 0.0320718862914 0.933885920358
20.0666666667 0.330845 1.2944 0.469168 0.048734635561 -0.355712696903 0.0323013895777 0.932764725314
20.1 0.330706 1.29513 0.468919 0.0461773074609 -0.358818560437 0.032600857031 0.931694199339
20.1333333333 0.330621 1.29564 0.468687 0.0440156106327 -0.362140816704 0.0324908146999 0.930516524226
20.1666666667 0.330933 1.29575 0.468744 0.0425217506727 -0.365976597749 0.0324370502912 0.929086039282
20.2 0.330751 1.29638 0.468701 0.0417384161636 -0.369465933496 0.0323804501172 0.927741523838
20.2333333333 0.330436 1.29678 0.468663 0.0410438218603 -0.372700763335 0.0322446720291 0.926482502167
20.2666666667 0.330026 1.29722 0.468593 0.0404314097723 -0.375652517776 0.0317832261617 0.925332542131
20.3 0.330734 1.29855 0.468611 0.0398125668001 -0.378544548238 0.0314800597854 0.924190451346
20.3333333333 0.330568 1.29864 0.468882 0.0380551440896 -0.381722110817 0.0311621967197 0.922967471592
20.3666666667 0.330339 1.29963 0.468704 0.0370404711222 -0.384928192343 0.0313024983255 0.921671548783
20.4 0.330258 1.29982 0.469072 0.0355919710911 -0.388711750866 0.0313221606529 0.920138744204
20.4333333333 0.329346 1.29883 0.468899 0.0345114675151 -0.391816201399 0.0313145758382 0.918862568762
20.4666666667 0.329271 1.29897 0.468912 0.0346331853102 -0.395547960485 0.0330676175675 0.917196209161
20.5 0.329881 1.30049 0.469176 0.0341850726263 -0.400570553347 0.0353224910976 0.914946410575
20.5333333333 0.330199 1.30225 0.469573 0.0326254686783 -0.405651022701 0.0363987251348 0.912720088189
20.5666666667 0.329736 1.30259 0.469456 0.0306371225875 -0.409541801927 0.0361093691816 0.911061464804
20.6 0.329181 1.30328 0.469601 0.0288020440985 -0.413120277574 0.0361205118163 0.909503923652
20.6333333333 0.328691 1.30338 0.469933 0.0258832739272 -0.417209178665 0.0351142139955 0.907762936754
20.6666666667 0.328528 1.30273 0.470902 0.0235679193115 -0.421924173715 0.0341169335238 0.905682383433
20.7 0.327802 1.30283 0.471107 0.0230221973336 -0.42617423257 0.0336298706577 0.903722597772
20.7333333333 0.326698 1.30344 0.471168 0.0230675610454 -0.429883655932 0.0332254582938 0.901977826175
20.7666666667 0.325849 1.30384 0.471148 0.0227743956409 -0.43291778416 0.0325913411345 0.900556119042
20.8 0.325379 1.30469 0.471559 0.0223937158285 -0.436511616121 0.0318458326055 0.898855924734
20.8333333333 0.323972 1.30449 0.471349 0.021487710598 -0.439272380236 0.0307206847628 0.897571330749
20.8666666667 0.322733 1.30414 0.471336 0.021215986972 -0.442630156224 0.0303256794236 0.895940165338
20.9 0.321653 1.30499 0.471474 0.0211205746374 -0.446523834203 0.03098346224 0.893985688858
20.9333333333 0.320182 1.30461 0.471473 0.0199602301622 -0.449779287453 0.0308909472929 0.892382166544
20.9666666667 0.318469 1.30317 0.471938 0.0192732066642 -0.453165522368 0.0306291131004 0.890691534861
21.0 0.317409 1.30355 0.471846 0.0206409570652 -0.456168397339 0.0309654603416 0.889115000676
21.0333333333 0.315619 1.30421 0.471483 0.0213971874537 -0.458883983172 0.0305783583867 0.887712010934
21.0666666667 0.314013 1.30421 0.471475 0.0214028324411 -0.462042304215 0.0297992460948 0.886098658622
21.1 0.312483 1.30309 0.47153 0.0213599587288 -0.465552742488 0.0292229424405 0.884279602705
21.1333333333 0.310544 1.30324 0.470937 0.022250905521 -0.468930444847 0.0296874150554 0.882455547031
21.1666666667 0.308468 1.30359 0.470209 0.0232037443968 -0.472242772496 0.0302260605696 0.880644499973
21.2 0.30674 1.30343 0.470511 0.0238536771532 -0.476066192172 0.0303904187559 0.878560416366
21.2333333333 0.304476 1.3032 0.470087 0.024690836118 -0.479397519088 0.0303854982749 0.876724074495
21.2666666667 0.302766 1.30426 0.469575 0.025931420365 -0.482505078546 0.0307203558209 0.874970096834
21.3 0.300456 1.30417 0.46951 0.0260364077436 -0.485514864767 0.0304351784026 0.873310438205
21.3333333333 0.298032 1.30378 0.468944 0.0264383386226 -0.488341993659 0.0302433960225 0.871727278727
21.3666666667 0.295204 1.30331 0.468343 0.0269288679865 -0.490869850094 0.0301742478859 0.870293709676
21.4 0.293156 1.30385 0.468276 0.0278554774754 -0.493715479916 0.030347799961 0.868647286477
21.4333333333 0.2906 1.30318 0.46808 0.0278721051804 -0.496039360881 0.0299071926811 0.867337107494
21.4666666667 0.288081 1.30341 0.467332 0.0284627394714 -0.498005442453 0.0303675469248 0.866174499649
21.5 0.285506 1.30408 0.466681 0.0286744166375 -0.499843148133 0.0307130035169 0.865096131369
21.5333333333 0.283019 1.30361 0.466342 0.0277709019155 -0.501862784206 0.0302753080767 0.863971022984
21.5666666667 0.280303 1.30315 0.465554 0.0277457039186 -0.503497859936 0.0302152215453 0.863022086242
21.6 0.27814 1.30377 0.464815 0.0283995644868 -0.505199396942 0.0306523205621 0.86199041138
21.6333333333 0.275557 1.30418 0.46446 0.028403021856 -0.507098231495 0.0302736880084 0.860888004202
21.6666666667 0.272894 1.30369 0.463843 0.0279433226046 -0.508386745115 0.0294376294942 0.860171793354
21.7 0.270401 1.30316 0.46338 0.0278923611035 -0.509566077362 0.0286189118341 0.85950298829
21.7333333333 0.268045 1.30304 0.463565 0.0281916807354 -0.511095520483 0.0278286096095 0.858610602408
21.7666666667 0.265791 1.30325 0.463417 0.0284259962613 -0.512142433858 0.0274526192101 0.857990934613
21.8 0.260107 1.30245 0.46156 0.0279720600151 -0.511698167215 0.0266827842794 0.858295158177
21.8333333333 0.25787 1.30309 0.46122 0.0281774082588 -0.511918823135 0.0268929439903 0.858150290886
21.8666666667 0.254955 1.30263 0.460233 0.0277869139418 -0.511722911243 0.0264590816466 0.858293345262
21.9 0.252246 1.30272 0.459152 0.0276556309753 -0.511418796232 0.0266336923206 0.858473428458
21.9333333333 0.249686 1.30293 0.458591 0.0274297348724 -0.512073722627 0.0268157140206 0.858084511992
21.9666666667 0.247115 1.30245 0.458485 0.0267660587146 -0.51299129725 0.0269737864122 0.857552285224
22.0 0.244545 1.30292 0.457701 0.0267896231325 -0.513478318475 0.0273309831203 0.857248709483
22.0333333333 0.24157 1.30321 0.456401 0.0263445065405 -0.513269998558 0.027555984649 0.857380045992
22.0666666667 0.238866 1.30306 0.455816 0.0255532485408 -0.513384410378 0.0271361262663 0.857348884248
22.1 0.236366 1.30367 0.455332 0.0256592001862 -0.513257990942 0.0265198970812 0.85744068905
22.1333333333 0.233947 1.30483 0.454497 0.0253122749568 -0.512186766758 0.0257052537149 0.858116102066
22.1666666667 0.231841 1.30647 0.454319 0.0243348276925 -0.511590947819 0.0247819058766 0.858526863535
22.2 0.229295 1.30706 0.453876 0.0226164749986 -0.511203807469 0.0232966272565 0.858845987035
22.2333333333 0.226936 1.30777 0.453813 0.0211141794566 -0.511428016891 0.0219844034306 0.858785340449
22.2666666667 0.224519 1.30843 0.453371 0.0200305596558 -0.511629361934 0.0202487810081 0.858734044716
22.3 0.222281 1.30956 0.453451 0.0191264624569 -0.511925420041 0.0182460447882 0.858623098105
22.3333333333 0.219924 1.30995 0.453657 0.01750523821 -0.512010291878 0.0152310616211 0.858665850263
22.3666666667 0.217353 1.30964 0.454087 0.0163005999705 -0.511792812091 0.0125688071531 0.858862289904
22.4 0.215119 1.311 0.454354 0.0159569754061 -0.511746407884 0.0110288589187 0.858917547396
22.4333333333 0.212619 1.31178 0.454568 0.014019037616 -0.511740506988 0.00916834707049 0.858976752598
22.4666666667 0.209888 1.31105 0.454959 0.0115464707001 -0.511986852212 0.00780964501806 0.858880173028
22.5 0.207394 1.31108 0.456098 0.0105276556882 -0.512820199818 0.00774265276678 0.858396564796
22.5333333333 0.204895 1.31244 0.456146 0.0100711540317 -0.513146667702 0.00782080928361 0.858206213112
22.5666666667 0.202235 1.3125 0.457335 0.00881978693854 -0.513876694576 0.00680143674574 0.857791754792
22.6 0.199572 1.31282 0.458037 0.00785244966574 -0.514732702163 0.00650835613308 0.857290047568
22.6333333333 0.197263 1.31332 0.459232 0.00656361212459 -0.516554366026 0.00659653492416 0.856203826003
22.6666666667 0.194483 1.3129 0.46056 0.00501375106901 -0.518558311719 0.00733749030851 0.854996082379
22.7 0.191884 1.31303 0.461804 0.00458422987144 -0.521119026655 0.00896314842075 0.853424634555
22.7333333333 0.189361 1.31335 0.463448 0.00405794712594 -0.524216512764 0.0104967498537 0.85151065704
22.7666666667 0.186506 1.31334 0.46471 0.00321729680436 -0.526598058903 0.0117921315476 0.850026516642
22.8 0.183759 1.31349 0.466499 0.00295223150167 -0.528505085514 0.0133424235533 0.848820145053
22.8333333333 0.181122 1.31537 0.467581 0.00314371534347 -0.529072000853 0.0144665922533 0.848447790189
22.8666666667 0.178513 1.31624 0.469301 0.00155581414467 -0.529130894582 0.0137301403655 0.848427698208
22.9 0.175506 1.31611 0.471307 -0.000367862994837 -0.528875025533 0.0123936971757 0.848609137539
22.9333333333 0.172466 1.31615 0.473298 -0.00213733837599 -0.528130040872 0.011565600666 0.849082050567
22.9666666667 0.169748 1.31653 0.475491 -0.00391969979009 -0.527374730277 0.0106230614728 0.849557343788
23.0 0.166479 1.31572 0.477828 -0.00609029133804 -0.526698047351 0.00940252383136 0.849978627857
23.0333333333 0.163228 1.31477 0.480253 -0.00632797883074 -0.526444116754 0.00858433292859 0.850142845555
23.0666666667 0.160187 1.31466 0.482795 -0.00511585448365 -0.526007378243 0.008261092867 0.850424494245
23.1 0.157271 1.31544 0.484764 -0.00397088363363 -0.525199605309 0.00758004804774 0.850936043154
23.1333333333 0.154305 1.31574 0.487059 -0.00397500532102 -0.524279191318 0.00634849815393 0.851513491059
23.1666666667 0.15134 1.31626 0.489033 -0.0042932344648 -0.523686436646 0.00530318652202 0.851883771663
23.2 0.148506 1.31665 0.490702 -0.00523552389293 -0.523314907492 0.00421091578572 0.852112882824
23.2333333333 0.142827 1.31571 0.495626 -0.00652283143136 -0.523034893752 0.00305555307255 0.852280831759
23.2666666667 0.140383 1.31681 0.497321 -0.00647374264036 -0.521920058765 0.00373390190529 0.852961664374
23.3 0.135876 1.31707 0.501448 -0.009694864774 -0.520105602562 0.00260952404278 0.854042951007
23.3333333333 0.133817 1.31773 0.50353 -0.0103792192785 -0.519487851352 0.00221201665395 0.854411932903
23.3666666667 0.131687 1.31875 0.504853 -0.0115589394192 -0.518757906851 0.00180460909215 0.854841136344
23.4 0.129766 1.31967 0.50641 -0.0137998675733 -0.518468996906 0.00110908344187 0.854984346544
23.4333333333 0.127625 1.31941 0.508437 -0.0170916970861 -0.518051492161 0.000376794813494 0.855178568128
23.4666666667 0.125233 1.31932 0.50995 -0.0194310703255 -0.517066120749 0.000365828563665 0.855724795976
23.5 0.123323 1.3202 0.511346 -0.021112606395 -0.515818495989 0.000469296456368 0.856437573211
23.5333333333 0.121258 1.32064 0.512756 -0.0234251325442 -0.514613736849 -0.000493925526107 0.85710193154
23.5666666667 0.118863 1.31983 0.514417 -0.0256383542033 -0.513971481527 -0.00181186067573 0.857422129486
23.6 0.116388 1.31961 0.516033 -0.0259006320654 -0.513348866049 -0.00223052615638 0.857786176
23.6333333333 0.114226 1.32065 0.516859 -0.0256802172185 -0.512474041812 -0.00197258001553 0.858316370484
23.6666666667 0.111829 1.32105 0.517562 -0.0270192834097 -0.511025815673 -0.00235660375474 0.859137369958
23.7 0.109268 1.32041 0.518912 -0.0284116259522 -0.509681904408 -0.00272946884667 0.859889345107
23.7333333333 0.106883 1.32127 0.51928 -0.0283932420257 -0.507609289082 -0.0024517719833 0.861115916854
23.7666666667 0.104558 1.3221 0.519662 -0.0290469281679 -0.505325815468 -0.00364597089722 0.862431912143
23.8 0.101949 1.32165 0.520496 -0.0304796526508 -0.503203044693 -0.00567923767045 0.863611853118
23.8333333333 0.0989366 1.32065 0.521145 -0.0311264111392 -0.500774869919 -0.0070497651752 0.864989003975
23.8666666667 0.09606 1.32022 0.521415 -0.0303579668358 -0.497860916844 -0.00717828968706 0.866695663706
23.9 0.0932309 1.32052 0.521593 -0.029206314446 -0.494472927433 -0.00717252870715 0.868672590833
23.9333333333 0.0904832 1.32066 0.521586 -0.028848560736 -0.491005677372 -0.00700430840371 0.870650403431
23.9666666667 0.087588 1.32103 0.521239 -0.0288772683758 -0.487552490242 -0.00700459168061 0.872587880002
24.0 0.0843749 1.3213 0.5206 -0.0299792321241 -0.483946003614 -0.00759610236948 0.874551205165
24.0333333333 0.0810464 1.32004 0.520639 -0.0318267324428 -0.480354480412 -0.00821517284386 0.876458295177
24.0666666667 0.0774605 1.31968 0.520019 -0.0319745667849 -0.476519222173 -0.00734544161123 0.878551707338
24.1 0.0740625 1.31951 0.519388 -0.0323413566053 -0.472895332312 -0.00655465918832 0.880500470059
24.1333333333 0.0706123 1.31934 0.518529 -0.0325101981079 -0.469380484267 -0.0063343798092 0.882374593719
24.1666666667 0.0669156 1.31935 0.517434 -0.0327038569827 -0.465757501646 -0.00646966803382 0.884284202502
24.2 0.0636623 1.31945 0.516707 -0.0334513683913 -0.462478665855 -0.00709984145998 0.885970700324
24.2333333333 0.0596574 1.31848 0.515593 -0.0351596350568 -0.458562248849 -0.00778643833196 0.887932337158
24.2666666667 0.0557845 1.31775 0.514573 -0.035634652136 -0.45488981552 -0.00705687137611 0.889806511479
24.3 0.0522594 1.31838 0.513154 -0.0356524170632 -0.450775916277 -0.00514323918534 0.89191004342
24.3333333333 0.0489072 1.31848 0.512024 -0.0376629858405 -0.446713684719 -0.00397994345718 0.893875015554
24.3666666667 0.0449284 1.31793 0.51053 -0.0397943607549 -0.441962522951 -0.0032617161991 0.896144462889
24.4 0.0413898 1.31769 0.509327 -0.041099531115 -0.437166798329 -0.00248519893739 0.898437445105
24.4333333333 0.0379247 1.31732 0.508554 -0.0422757281821 -0.432482498341 -0.00184219661004 0.900648798227
24.4666666667 0.0343311 1.3171 0.507342 -0.0430370372218 -0.427476639969 -0.00123131968857 0.90300056454
24.5 0.0311813 1.31724 0.50631 -0.0431968924052 -0.422807330658 -0.000938747106722 0.905188990423
24.5333333333 0.0281022 1.31765 0.505031 -0.043317036048 -0.418263650472 -0.000969782022126 0.907291691026
24.5666666667 0.0251694 1.3177 0.504039 -0.0441846953436 -0.413654241843 -0.00150886756086 0.909359997043
24.6 0.0221255 1.31737 0.503072 -0.0450237725997 -0.408818850208 -0.00187155202658 0.911502334011
24.6333333333 0.0194528 1.31794 0.50192 -0.0451376921594 -0.40408745671 -0.00152027586782 0.913604731181
24.6666666667 0.016982 1.31879 0.500714 -0.0463828478141 -0.39982662994 -0.00173812710808 0.915414811074
24.7 0.014716 1.31894 0.499767 -0.0488187276239 -0.395639878524 -0.00323552099083 0.917101602746
24.7333333333 0.0119378 1.31864 0.498817 -0.0507350847701 -0.391341034919 -0.00502207092865 0.918832370112
24.7666666667 0.0095986 1.31849 0.498062 -0.0518893070386 -0.387552054967 -0.00684466803698 0.920360828711
24.8 0.00734325 1.31871 0.497172 -0.0525428338056 -0.383987839067 -0.00840600977076 0.921803628255
24.8333333333 0.0050123 1.31794 0.496571 -0.0535503972131 -0.381194163161 -0.010074796371 0.922887784841
24.8666666667 0.00298245 1.31733 0.496293 -0.0526159430668 -0.379657152657 -0.0106769419193 0.923568087302
24.9 0.00137027 1.31839 0.495387 -0.050944741033 -0.37842048129 -0.0101451819147 0.924175117597
24.9333333333 -0.00258289 1.31817 0.49363 -0.0534127551009 -0.374645262454 -0.0132063006899 0.925534223319
24.9666666667 -0.00473611 1.31774 0.492944 -0.0534917518149 -0.372546073958 -0.0140724319472 0.926363871233
25.0 -0.00642651 1.31774 0.492331 -0.0530887450733 -0.370888006403 -0.0144334904654 0.927046571757
25.0333333333 -0.00838072 1.31717 0.49185 -0.0530201940948 -0.369269632882 -0.0146763718025 0.927692514446
25.0666666667 -0.0103722 1.31667 0.491391 -0.0519834599528 -0.367290635875 -0.0141620943703 0.928544422078
25.1 -0.012186 1.31707 0.490773 -0.0508149500847 -0.364425972961 -0.0124984471354 0.929760904695
25.1333333333 -0.0142576 1.31678 0.490325 -0.0508580043609 -0.361073488448 -0.0115050195128 0.931078425192
25.1666666667 -0.0160274 1.31683 0.489857 -0.0503336840314 -0.357334619121 -0.0103620841743 0.932561589087
25.2 -0.0176308 1.31777 0.489058 -0.0501943159279 -0.353133386716 -0.00920599607786 0.934180170776
25.2333333333 -0.0194485 1.31859 0.488261 -0.0518647506347 -0.348445410696 -0.00960020276763 0.935843832866
25.2666666667 -0.0214154 1.31841 0.488054 -0.055086459452 -0.343182811207 -0.0108470456882 0.937589132657
25.3 -0.0238593 1.31805 0.48769 -0.0579323989256 -0.337323232779 -0.0118161052288 0.939530336625
25.3333333333 -0.0259923 1.31834 0.487106 -0.0599696914356 -0.332034810788 -0.0115339908495 0.941288206443
25.3666666667 -0.0280238 1.31868 0.486879 -0.0625182797597 -0.327127098467 -0.0108164217407 0.942847989426
25.4 -0.0305299 1.31859 0.486216 -0.0655836572961 -0.321525883034 -0.00977763545009 0.944576247997
25.4333333333 -0.0331463 1.31836 0.486022 -0.0682394100421 -0.315662430723 -0.00837176912871 0.946377581216
25.4666666667 -0.0356417 1.3187 0.485618 -0.0706848467191 -0.309830592704 -0.00647632571603 0.948138551834
25.5 -0.0379079 1.31884 0.485389 -0.0738761373733 -0.303983812847 -0.00551036023841 0.949792500383
25.5333333333 -0.0405517 1.31814 0.485391 -0.0769130625886 -0.297854468646 -0.00527371112586 0.951493186671
25.5666666667 -0.0433019 1.31767 0.48543 -0.0785335568788 -0.291991182738 -0.00423041288721 0.953181899353
25.6 -0.0454665 1.31795 0.485369 -0.0797932165305 -0.287016011349 -0.00295937162615 0.954592108675
25.6333333333 -0.0476775 1.31743 0.485688 -0.0816250262053 -0.282689109743 -0.00201120721982 0.955730180216
25.6666666667 -0.04979 1.3169 0.486045 -0.0824890522182 -0.279320802106 -9.25041936284e-06 0.956648026021
25.7 -0.0516795 1.31763 0.486144 -0.0824971953699 -0.277073839561 0.00292585610883 0.957296056376
25.7333333333 -0.0533554 1.31772 0.48642 -0.0845231113637 -0.275433758757 0.00545620495023 0.957581494187
25.7666666667 -0.0556263 1.31716 0.486633 -0.086122364074 -0.27472361347 0.00753236699892 0.957628914588
25.8 -0.0574802 1.31713 0.486845 -0.0865312640167 -0.274607379167 0.00891301551132 0.957613536772
25.8333333333 -0.0590436 1.31679 0.487255 -0.0868016856961 -0.274976538718 0.00880559381683 0.957484115812
25.8666666667 -0.0607059 1.31672 0.487485 -0.0856154949939 -0.276035401715 0.0082306892841 0.957291334846
25.9 -0.062227 1.31687 0.4876 -0.084705909213 -0.276991861204 0.00663302841975 0.957108364139
25.9333333333 -0.0636902 1.31578 0.488387 -0.0842600778482 -0.278179522561 0.00414273609642 0.956817239731
25.9666666667 -0.0648694 1.31499 0.489135 -0.0815115178058 -0.280143794649 0.00270120410849 0.956487339321
26.0 -0.065927 1.31475 0.489425 -0.0772230284902 -0.28279675683 0.00153359997324 0.956064980149
26.0333333333 -0.0668576 1.31464 0.489815 -0.0729258941454 -0.285924252573 -0.000233132857775 0.955473223802
26.0666666667 -0.067789 1.3143 0.490143 -0.0687789391517 -0.28911735171 -0.00251569179095 0.954816362325
26.1 -0.0685654 1.3143 0.490502 -0.0646932468645 -0.291114871176 -0.00421347157186 0.954488953445
26.1333333333 -0.069241 1.31454 0.490677 -0.0615672431717 -0.292702422107 -0.0045678867833 0.95420852075
26.1666666667 -0.0698847 1.31481 0.490811 -0.0602203846326 -0.294282417184 -0.00445592828248 0.953808947806
26.2 -0.0708374 1.31403 0.491248 -0.0599439886628 -0.295563142166 -0.00498771068315 0.953427642749
26.2333333333 -0.0716959 1.31339 0.49154 -0.0582488300386 -0.297156698051 -0.00438351541548 0.953040269556
26.2666666667 -0.0725127 1.31292 0.491693 -0.0562331072973 -0.298234028716 -0.00347530429341 0.952828538626
26.3 -0.073522 1.31185 0.49202 -0.0540902041889 -0.298994795132 -0.0035229568823 0.952713992271
26.3333333333 -0.0743646 1.31107 0.492135 -0.0500093262926 -0.29954004291 -0.00250764617947 0.95276888157
26.3666666667 -0.075329 1.31085 0.492175 -0.0456498993951 -0.299824071889 -0.000758294463341 0.952901378733
26.4 -0.0764004 1.31035 0.492056 -0.0427860514105 -0.300254766853 0.000492470359587 0.952898833171
26.4333333333 -0.0771143 1.30957 0.492153 -0.040080495961 -0.301799006165 0.00162746372812 0.952527304114
26.4666666667 -0.0780369 1.30857 0.492129 -0.0364533521844 -0.303683490372 0.00263313097039 0.952071718628
26.5 -0.0787645 1.30803 0.491766 -0.0323681925589 -0.30528878508 0.00388488178119 0.951701615796
26.5333333333 -0.0794195 1.30717 0.491574 -0.0280430891345 -0.307052965493 0.00435271139683 0.951269212913
26.5666666667 -0.0802197 1.30625 0.491262 -0.0215846807324 -0.309555735848 0.00476063456727 0.95062436552
26.6 -0.0803342 1.30596 0.491188 -0.0143582679321 -0.312576306755 0.00494766362446 0.949771242575
26.6333333333 -0.0808915 1.30567 0.49087 -0.00888534554642 -0.314748247673 0.00462458240818 0.949122333769
26.6666666667 -0.0814669 1.30543 0.490633 -0.00531903244468 -0.31728337804 0.00467387306917 0.948304339769
26.7 -0.0821887 1.3052 0.490129 -0.00318293816542 -0.320183943313 0.00472990362242 0.947338239153
26.7333333333 -0.0829493 1.30498 0.489716 -0.00112751341691 -0.323652963532 0.00522266107443 0.946160774774
26.7666666667 -0.083705 1.3046 0.489334 0.000374291040063 -0.327432654492 0.00606119610685 0.944855003998
26.8 -0.0843859 1.30437 0.488683 0.00195701540579 -0.331324721253 0.00662406456328 0.943491505498
26.8333333333 -0.0849976 1.30413 0.488245 0.00381143128269 -0.335042639732 0.00733267276804 0.942166723284
26.8666666667 -0.0856279 1.30418 0.487608 0.00542891707677 -0.338964874093 0.00802107828366 0.940749171296
26.9 -0.086481 1.30401 0.487059 0.00613720622954 -0.342397016492 0.00770270715178 0.939503744591
26.9333333333 -0.0870364 1.30381 0.486508 0.00678352685113 -0.345946799429 0.0068460170048 0.938204630014
26.9666666667 -0.0877779 1.30367 0.485909 0.00782626408203 -0.349290337655 0.00636019978209 0.936960275289
27.0 -0.0883556 1.30384 0.485131 0.00896738786444 -0.353086711439 0.00598269395945 0.935528496377
27.0333333333 -0.0891115 1.30394 0.484362 0.00932722882265 -0.35710633842 0.00535891338895 0.934001792241
27.0666666667 -0.089876 1.3041 0.483494 0.00898135459538 -0.361621009956 0.00467300623761 0.932270209457
27.1 -0.0908639 1.30396 0.482724 0.0083480874281 -0.365938686143 0.00382450203466 0.930593660307
27.1333333333 -0.09162 1.30416 0.481735 0.00711824997019 -0.370131570963 0.00330861234633 0.928946179161
27.1666666667 -0.0924065 1.30425 0.480765 0.00512432966434 -0.374355238602 0.00238310034572 0.927268147522
27.2 -0.0932016 1.30405 0.479998 0.0030395774766 -0.378658663018 0.00160870860907 0.925530004887
27.2333333333 -0.0939058 1.30417 0.479033 0.00101823715956 -0.382909927619 0.00127361377932 0.923784243442
27.2666666667 -0.09453 1.30418 0.478132 -0.00116267503285 -0.386944034544 0.000552419965297 0.922102302974
27.3 -0.0951089 1.30426 0.477058 -0.00313226229264 -0.391007761309 -4.87803548251e-05 0.920382049559
27.3333333333 -0.0953188 1.30449 0.476146 -0.00526616346456 -0.395267125063 -0.000896636390085 0.918550686359
27.3666666667 -0.0954899 1.30457 0.475448 -0.00745505052571 -0.399230301144 -0.00202818709552 0.916818125545
27.4 -0.0954247 1.30511 0.474503 -0.00961996239578 -0.403100499945 -0.00221399228729 0.915102475959
27.4333333333 -0.0957278 1.30544 0.473292 -0.0125941477928 -0.406642894054 -0.00287737335141 0.91349584831
27.4666666667 -0.0956377 1.30595 0.472356 -0.0153438146876 -0.410267676605 -0.00374196746052 0.911828382188
27.5 -0.0956103 1.30628 0.471417 -0.0183271360029 -0.413341414148 -0.0051886674469 0.910376883036
27.5333333333 -0.0954253 1.30631 0.470772 -0.0212750539792 -0.416700195956 -0.00681441583209 0.908769433083
27.5666666667 -0.0952126 1.3067 0.469947 -0.0236223689343 -0.419742953374 -0.00838191074865 0.907296853489
27.6 -0.094746 1.30722 0.469326 -0.0263100772014 -0.42236038855 -0.00989028621305 0.905992088409
27.6333333333 -0.0942896 1.30712 0.468786 -0.0290782631535 -0.425067013162 -0.0119569419909 0.904615675562
27.6666666667 -0.0940578 1.30719 0.467592 -0.0308117984052 -0.427042253531 -0.0132225943186 0.903609821648
27.7 -0.0926625 1.30711 0.466411 -0.0330021590446 -0.432321549029 -0.0159450813081 0.90097430048
27.7333333333 -0.0924352 1.30731 0.465248 -0.0334775370524 -0.434345877436 -0.0165299082508 0.899972041455
27.7666666667 -0.0915961 1.30755 0.464471 -0.0343315054039 -0.43762629286 -0.0174828486054 0.898331189227
27.8 -0.0908937 1.30734 0.463582 -0.0352784020975 -0.441188001773 -0.0187531726726 0.896524902025
27.8333333333 -0.0904183 1.30728 0.46246 -0.0354831166861 -0.444799796114 -0.0191883211983 0.894721128697
27.8666666667 -0.0894416 1.30768 0.46152 -0.0357063201358 -0.449008963406 -0.0196989763779 0.89259619079
27.9 -0.0884477 1.30798 0.460664 -0.0363877426909 -0.452943148565 -0.0210860879097 0.890546918049
27.9333333333 -0.0874751 1.30801 0.459978 -0.0370712438776 -0.456338407844 -0.0231913199367 0.888731198442
27.9666666667 -0.0863166 1.30816 0.459541 -0.0373675615951 -0.459413234951 -0.0254060442789 0.887072532438
28.0 -0.0851775 1.30892 0.458688 -0.0378042326318 -0.461928811177 -0.0271430874554 0.885695131636
28.0333333333 -0.0838761 1.3099 0.457418 -0.0390916617734 -0.464376160469 -0.0296017604478 0.884279570807
28.0666666667 -0.0826597 1.31033 0.456674 -0.0415265143683 -0.467309509429 -0.0327671116888 0.882509879488
28.1 -0.0814945 1.31036 0.455941 -0.043441626691 -0.470737016741 -0.0354006474994 0.88049206714
28.1333333333 -0.0802241 1.31088 0.454898 -0.0446731828383 -0.47444477836 -0.0369415584596 0.878374510263
28.1666666667 -0.0788096 1.31104 0.454709 -0.0465439036825 -0.478775750945 -0.0388110936454 0.875843104869
28.2 -0.0776427 1.31079 0.454042 -0.0482496144501 -0.482997992714 -0.0405272943288 0.873351276494
28.2333333333 -0.076568 1.31069 0.453029 -0.0491738475014 -0.487246184437 -0.0413622387392 0.870897384127
28.2666666667 -0.0752428 1.31062 0.452471 -0.0493329722468 -0.492383620532 -0.0415187788507 0.867986646835
28.3 -0.0740617 1.31041 0.451955 -0.0491837762727 -0.497917733302 -0.0413388490336 0.864841018092
28.3333333333 -0.0728647 1.31048 0.450741 -0.0485844106432 -0.503779837991 -0.0405875751719 0.861509186613
28.3666666667 -0.0714939 1.31066 0.450572 -0.0475769560149 -0.510794433745 -0.0403123014836 0.857438276531
28.4 -0.0697285 1.31082 0.450869 -0.0465357470956 -0.517996523862 -0.0409574307147 0.853133350877
28.4333333333 -0.0683611 1.31121 0.450431 -0.0455906737734 -0.524225979078 -0.0421388762464 0.849313209854
28.4666666667 -0.0671006 1.31179 0.449494 -0.0448082023581 -0.52989555594 -0.0432850779927 0.845771438877
28.5 -0.0657765 1.31313 0.448187 -0.0442575775166 -0.535291312915 -0.0444482638355 0.842335342362
28.5333333333 -0.0646224 1.31399 0.446503 -0.0455953708028 -0.539856003766 -0.0467428763924 0.839220865366
28.5666666667 -0.0636015 1.31389 0.445476 -0.047440526837 -0.544140464691 -0.049293541764 0.836200154173
28.6 -0.0623436 1.31451 0.444123 -0.0482029447784 -0.548312742783 -0.0498722996448 0.833392084162
28.6333333333 -0.0609815 1.315 0.442453 -0.0494154987244 -0.552451377797 -0.0502841318239 0.830558300026
28.6666666667 -0.0596244 1.31483 0.441113 -0.0503248561521 -0.556676194175 -0.0509963166231 0.82763421835
28.7 -0.0582034 1.31505 0.439618 -0.0501049472845 -0.56049092252 -0.0509746570818 0.825070302681
28.7333333333 -0.0567736 1.31521 0.437815 -0.0499387736153 -0.563546597321 -0.0508346136186 0.823004977868
28.7666666667 -0.0552993 1.31493 0.436237 -0.0500086234025 -0.56640204268 -0.0508259092111 0.821038726605
28.8 -0.0534445 1.31468 0.434209 -0.0494688815292 -0.569251101999 -0.050186192535 0.819138180475
28.8333333333 -0.0515989 1.31505 0.432013 -0.0484523710873 -0.571985805707 -0.0488645521998 0.817371923511
28.8666666667 -0.0495521 1.31535 0.429635 -0.0483603232218 -0.575156721287 -0.0484905334682 0.815171572897
28.9 -0.0474366 1.31479 0.42785 -0.0487656280784 -0.578144811661 -0.0488991303305 0.813006374711
28.9333333333 -0.0452042 1.31429 0.425746 -0.0478044444077 -0.580785882229 -0.0482513596441 0.811217788507
28.9666666667 -0.0429338 1.31357 0.423611 -0.0464844682632 -0.583259231655 -0.0475767074427 0.809558101565
29.0 -0.0403901 1.31316 0.421126 -0.0443273583999 -0.585587045574 -0.0463114342539 0.808070633305
29.0333333333 -0.0376964 1.31376 0.418593 -0.0421092036605 -0.587846720144 -0.0448082353625 0.806632054054
29.0666666667 -0.0348318 1.31427 0.415691 -0.0420494215576 -0.589933333883 -0.0446739163926 0.805117847843
29.1 -0.0321603 1.31295 0.413426 -0.0436203746582 -0.591661791277 -0.0453469339095 0.803727095003
29.1333333333 -0.0294108 1.31169 0.411261 -0.0429450901007 -0.593227474934 -0.0438022316656 0.802694366942
29.1666666667 -0.0264777 1.31136 0.408982 -0.0406950060915 -0.594557840525 -0.0411269323561 0.801968494509
29.2 -0.0235202 1.31109 0.40667 -0.0384568385996 -0.595555621633 -0.0392883878376 0.801430593181
29.2333333333 -0.0205502 1.31046 0.404327 -0.0365350635968 -0.59664631641 -0.0380340202654 0.800769489644
29.2666666667 -0.0174342 1.31067 0.401925 -0.0340991354841 -0.59799148105 -0.037202862403 0.799912110535
29.3 -0.0144254 1.3101 0.399921 -0.0326567656756 -0.599817072068 -0.0379325460207 0.798570058081
29.3333333333 -0.0115075 1.30915 0.397412 -0.0300369518934 -0.601738009714 -0.0377815969899 0.797233780089
29.3666666667 -0.00845925 1.30929 0.395265 -0.0264199381773 -0.604027381508 -0.0364669876934 0.795690309142
29.4 -0.0054727 1.30934 0.392789 -0.0244773952699 -0.606066698267 -0.0363761820686 0.794204499956
29.4333333333 -0.0023494 1.3092 0.390469 -0.0234880963655 -0.608475435966 -0.0368458900394 0.792368811566
29.4666666667 0.000406891 1.30828 0.388532 -0.0227212270446 -0.611185930661 -0.0376391236448 0.790265019076
29.5 0.00327798 1.30781 0.386609 -0.0216256431315 -0.613894875619 -0.0378221237318 0.788184559735
29.5333333333 0.00626315 1.30788 0.384419 -0.0208485029209 -0.616506090248 -0.038069940925 0.786152822428
29.5666666667 0.00914195 1.30783 0.382488 -0.0205357634222 -0.619489016868 -0.0381701569991 0.783807807766
29.6 0.0119435 1.30779 0.380586 -0.0207446807314 -0.622996957631 -0.0380687390966 0.781021907572
29.6333333333 0.0145572 1.30727 0.378796 -0.0217114754539 -0.627124395762 -0.0381516863949 0.777681202614
29.6666666667 0.0171006 1.30666 0.376967 -0.0222682974834 -0.631862068697 -0.0377402991373 0.773841145772
29.7 0.0196535 1.30587 0.375251 -0.0224642487239 -0.637152217074 -0.0368770603949 0.769527447349
29.7333333333 0.0221624 1.30542 0.373615 -0.0225955542573 -0.642780999891 -0.0352930402707 0.764902888225
29.7666666667 0.0246914 1.30494 0.372087 -0.0224572947079 -0.648671444821 -0.0334571871078 0.760001081064
29.8 0.0271678 1.30444 0.370643 -0.0221326566943 -0.654468264044 -0.0315709754524 0.755105761053
29.8333333333 0.0296451 1.30408 0.369289 -0.0215672716784 -0.659723316983 -0.0301769309087 0.750592666272
29.8666666667 0.032085 1.30395 0.367864 -0.0211676558554 -0.664597906737 -0.029037395222 0.74633664146
29.9 0.0344417 1.30345 0.366779 -0.0209168037734 -0.669424408815 -0.0287738123871 0.742027975162
29.9333333333 0.0368781 1.30277 0.365642 -0.0204902330856 -0.674480164891 -0.0280719657467 0.737474489224
29.9666666667 0.0394749 1.30259 0.364822 -0.0198443612639 -0.67997892671 -0.0263697566601 0.732488564067
30.0 0.0420106 1.30292 0.364176 -0.0199525434472 -0.685498034078 -0.0245431588724 0.727387087208
30.0333333333 0.0443769 1.30274 0.364053 -0.0209525038144 -0.690390315961 -0.0243550916482 0.722723345217
30.0666666667 0.0467414 1.30241 0.363802 -0.0210665891443 -0.694991869465 -0.0243331553572 0.718296872992
30.1 0.0493022 1.3025 0.363344 -0.0208323927881 -0.69927226553 -0.0242581664607 0.71413993827
30.1333333333 0.0517692 1.30243 0.363232 -0.0206169321773 -0.703208029659 -0.0247487017837 0.710254117123
30.1666666667 0.0542192 1.30199 0.362562 -0.0200899529387 -0.707150792474 -0.0250316183498 0.706333893125
30.2 0.0568506 1.302 0.362435 -0.0190226071079 -0.711355319939 -0.0250162108773 0.702129573801
30.2333333333 0.059491 1.30226 0.362749 -0.0179649785597 -0.715490193113 -0.0248459575652 0.697949655418
30.2666666667 0.0621588 1.30242 0.363161 -0.0177327831261 -0.719478110306 -0.0251253552665 0.693833923728
30.3 0.0647903 1.3024 0.363096 -0.0177133777546 -0.723032279618 -0.025711648849 0.690108303089
30.3333333333 0.067402 1.30217 0.363031 -0.0175293538907 -0.726046399682 -0.0257264787914 0.686940678334
30.3666666667 0.0700715 1.30247 0.363339 -0.0170087660977 -0.7290306125 -0.0252015827239 0.683805489991
30.4 0.0725793 1.30226 0.363188 -0.0170931011536 -0.731806278576 -0.0252869857009 0.680828880765
30.4333333333 0.0750322 1.30195 0.362983 -0.0166774498407 -0.734533592456 -0.0252575225587 0.677896984634
30.4666666667 0.0776895 1.30214 0.3629 -0.0156463343629 -0.737235604229 -0.0247800469222 0.674999855817
30.5 0.0801442 1.30235 0.36326 -0.0147203974677 -0.740053855546 -0.0243515286627 0.671945387544
30.5333333333 0.0825282 1.30248 0.363204 -0.0143333055589 -0.742658505781 -0.0238592852919 0.669091648915
30.5666666667 0.0849659 1.30315 0.363371 -0.0142687995134 -0.74525499358 -0.0235980171773 0.666209073407
30.6 0.0872035 1.30319 0.363124 -0.0147109304018 -0.747362816258 -0.0239530485127 0.663821256716
30.6333333333 0.0892624 1.30292 0.362894 -0.0147718877951 -0.74939628366 -0.0237213273257 0.661531783059
30.6666666667 0.0913163 1.30312 0.362852 -0.0143529392052 -0.751433877134 -0.0227653465994 0.659259327144
30.7 0.0931079 1.30293 0.362651 -0.0142082668085 -0.75327088361 -0.0218203709276 0.65719477514
30.7333333333 0.0947352 1.30241 0.362157 -0.0136759454732 -0.754797705966 -0.0203786476342 0.655498361786
30.7666666667 0.0963121 1.30229 0.361935 -0.0127683718399 -0.756322060523 -0.0180228149221 0.653826496548
30.8 0.097782 1.30255 0.362054 -0.0114845739422 -0.757759635005 -0.0157254366061 0.652243168429
30.8333333333 0.0993237 1.30277 0.361847 -0.0107769325473 -0.758760461188 -0.0142663191681 0.651124329448
30.8666666667 0.100601 1.30249 0.361777 -0.0105424035903 -0.759971045279 -0.0138897468379 0.649722974041
30.9 0.101756 1.30235 0.361741 -0.00994714909358 -0.761468930386 -0.0131216262228 0.647992241626
30.9333333333 0.102787 1.30157 0.361068 -0.00883818335839 -0.762699783123 -0.0122873875063 0.646575554322
30.9666666667 0.103773 1.30138 0.360739 -0.00721929733909 -0.764044703163 -0.0106643649268 0.645034762346
31.0 0.104606 1.30116 0.36046 -0.00557550270563 -0.765245723437 -0.0095835401691 0.643642798677
31.0333333333 0.10541 1.30083 0.360154 -0.00413152753689 -0.765936641728 -0.00866059180259 0.642844448905
31.0666666667 0.106065 1.30064 0.360069 -0.00297812956919 -0.766374724318 -0.00759390443935 0.64234200025
31.1 0.106748 1.30021 0.359621 -0.00185435261442 -0.766420570112 -0.00652400867096 0.642303283812
31.1333333333 0.107262 1.2995 0.359125 -0.000552885147632 -0.766556443573 -0.00511452116146 0.642156332062
31.1666666667 0.107655 1.29912 0.358996 0.00119291175744 -0.76652766079 -0.00287211035655 0.642203762981
31.2 0.108062 1.29898 0.358928 0.00261056635783 -0.766444837921 -0.00113533557787 0.642303827157
31.2333333333 0.108351 1.29899 0.358906 0.00362433369373 -0.766479247852 0.000119161868142 0.642258836154
31.2666666667 0.108608 1.29901 0.358926 0.00463099394564 -0.766504099721 0.00121345074198 0.642221571222
31.3 0.108605 1.29879 0.359182 0.00529746456899 -0.766477550582 0.00180182277549 0.64224672421
31.3333333333 0.108612 1.29849 0.359272 0.00599708470985 -0.766092697422 0.00211774433544 0.642698630067
31.3666666667 0.10867 1.29796 0.359157 0.00691812935725 -0.765451904023 0.00271614220138 0.643450188193
31.4 0.108552 1.29748 0.359221 0.00800939930014 -0.76478444043 0.00372539856946 0.644225682975
31.4333333333 0.108457 1.29726 0.359447 0.00946786835923 -0.764383017708 0.00495641948942 0.644673867637
31.4666666667 0.108324 1.29677 0.359592 0.0107719989834 -0.76404111465 0.00589334528536 0.645050701607
31.5 0.108168 1.29648 0.359787 0.0120399209791 -0.763727030583 0.00721721529194 0.645386686308
31.5333333333 0.108155 1.29633 0.359856 0.0133200615908 -0.763331617179 0.0084416274051 0.645814336401
31.5666666667 0.108008 1.29604 0.359832 0.0143095580281 -0.762783621911 0.00943736597333 0.646426576508
31.6 0.1079 1.29584 0.359893 0.0155153273958 -0.762130048625 0.0105554317126 0.647151950056
31.6333333333 0.107692 1.29555 0.360101 0.0166341445977 -0.761556521833 0.011880986657 0.647776050378
31.6666666667 0.10744 1.29514 0.360304 0.0174423016942 -0.761219505524 0.0127256181745 0.648134777005
31.7 0.107235 1.29487 0.36042 0.0181070807994 -0.761074075771 0.0134602115095 0.648272479379
31.7333333333 0.107093 1.29463 0.360283 0.0193873023766 -0.760755938134 0.0145071718654 0.648586214057
31.7666666667 0.106741 1.29437 0.360637 0.0201005697711 -0.760559641381 0.0153138816603 0.648776143231
31.8 0.106496 1.29401 0.36069 0.020372587601 -0.760249342627 0.0158226712085 0.649119047468
31.8333333333 0.106335 1.294 0.360704 0.0208599279569 -0.759947530829 0.0169826622987 0.649427596407
31.8666666667 0.10602 1.29362 0.360964 0.0210017966283 -0.759633814724 0.0179276918456 0.649764565002
31.9 0.105896 1.29376 0.361169 0.0212836348478 -0.759324685303 0.0189218916477 0.650088448746
31.9333333333 0.105731 1.29353 0.361185 0.0209128042194 -0.758864664801 0.0199371431313 0.650607089924
31.9666666667 0.105457 1.29353 0.361416 0.0205965854447 -0.758618732904 0.0210967113369 0.65086736554
32.0 0.105291 1.29339 0.361389 0.0201452880248 -0.758163609874 0.0217385345291 0.651390469803
32.0333333333 0.104989 1.29326 0.361565 0.0196765344828 -0.75788899801 0.022446753888 0.65170027154
32.0666666667 0.104728 1.29316 0.361742 0.0192971439662 -0.757479733421 0.0234307642321 0.652152645458
32.1 0.104458 1.2933 0.361888 0.0190187247519 -0.756990967967 0.0245169974789 0.652688194593
32.1333333333 0.104132 1.29309 0.36199 0.0187849031836 -0.756470183738 0.0254130958444 0.653264236805
32.1666666667 0.103857 1.29301 0.362044 0.0190038887904 -0.755776604743 0.0262826703016 0.654025838309
32.2 0.103594 1.29303 0.362208 0.0193649833252 -0.755112660832 0.0269590890865 0.654754209141
32.2333333333 0.103302 1.293 0.36237 0.0192004423485 -0.754367159806 0.0272794232704 0.655604579214
